+9.00000000E-09
+1.00000000E-08
+1.20000000E-08
+1.20000000E-08
+8.00000000E-09
+8.00000000E-09
+8.00000000E-09
+7.00000000E-09
+4.00000000E-09
+0.00000000E+00
+0.00000000E+00
+0.00000000E+00
+6.81930000E-02
+6.81780000E-02
+6.80500000E-02
+6.80500000E-02
+6.79200000E-02
+6.78270000E-02
+6.77790000E-02
+6.77580000E-02
+6.77170000E-02
+6.75660000E-02
+6.75660000E-02
+6.75470000E-02
+6.74100000E-02
+6.74070000E-02
+6.73830000E-02
+6.72340000E-02
+6.72360000E-02
+6.72170000E-02
+6.70930000E-02
+6.70880000E-02
+6.70690000E-02
+6.70350000E-02
+6.69200000E-02
+6.69100000E-02
+6.68910000E-02
+6.68600000E-02
+6.67510000E-02
+6.67460000E-02
+6.67250000E-02
+6.66990000E-02
+6.66690000E-02
+6.66370000E-02
+6.66020000E-02
+6.65720000E-02
+6.64380000E-02
+6.64430000E-02
+6.64350000E-02
+6.64150000E-02
+6.64150000E-02
+6.63910000E-02
+6.63640000E-02
+6.63360000E-02
+6.63090000E-02
+6.61940000E-02
+6.61950000E-02
+6.61870000E-02
+6.61700000E-02
+6.61700000E-02
+6.61510000E-02
+6.61310000E-02
+6.61070000E-02
+6.60820000E-02
+6.60550000E-02
+6.60320000E-02
+6.60110000E-02
+6.59880000E-02
+6.59630000E-02
+6.59410000E-02
+6.59400000E-02
+6.59170000E-02
+6.59160000E-02
+6.58970000E-02
+6.58730000E-02
+6.58510000E-02
+6.58260000E-02
+6.58030000E-02
+6.57830000E-02
+6.57640000E-02
+6.57450000E-02
+6.57260000E-02
+6.57080000E-02
+6.56880000E-02
+6.56680000E-02
+6.56540000E-02
+6.56330000E-02
+6.56160000E-02
+6.55970000E-02
+6.55770000E-02
+6.55600000E-02
+6.55440000E-02
+6.55260000E-02
+6.55070000E-02
+6.54880000E-02
+6.54720000E-02
+6.54560000E-02
+6.54390000E-02
+6.54260000E-02
+6.54080000E-02
+6.53910000E-02
+6.53730000E-02
+6.53580000E-02
+6.53570000E-02
+6.53440000E-02
+6.53250000E-02
+6.53110000E-02
+6.52940000E-02
+6.52800000E-02
+6.52670000E-02
+6.52490000E-02
+6.52360000E-02
+6.52230000E-02
+6.52080000E-02
+6.51930000E-02
+6.51790000E-02
+6.51670000E-02
+6.51510000E-02
+6.51390000E-02
+6.51250000E-02
+6.51080000E-02
+6.50960000E-02
+6.50830000E-02
+6.50710000E-02
+6.50590000E-02
+6.50450000E-02
+6.50300000E-02
+6.50180000E-02
+6.50060000E-02
+6.49940000E-02
+6.49790000E-02
+6.49650000E-02
+6.49500000E-02
+6.49380000E-02
+6.49260000E-02
+6.49260000E-02
+6.49150000E-02
+6.49020000E-02
+6.48880000E-02
+6.48780000E-02
+6.48680000E-02
+6.48530000E-02
+6.48390000E-02
+6.48390000E-02
+6.48260000E-02
+6.48120000E-02
+6.48000000E-02
+6.47850000E-02
+6.47680000E-02
+6.47560000E-02
+6.47450000E-02
+6.47340000E-02
+6.47220000E-02
+6.47080000E-02
+6.46980000E-02
+6.46830000E-02
+6.46740000E-02
+6.46640000E-02
+6.46510000E-02
+6.46380000E-02
+6.46250000E-02
+6.46140000E-02
+6.46030000E-02
+6.46030000E-02
+6.45940000E-02
+6.45820000E-02
+6.45700000E-02
+6.45560000E-02
+6.45410000E-02
+6.45340000E-02
+6.45200000E-02
+6.45060000E-02
+6.45060000E-02
+6.44960000E-02
+6.44890000E-02
+6.44770000E-02
+6.44760000E-02
+6.44630000E-02
+6.44530000E-02
+6.44430000E-02
+6.44350000E-02
+6.44230000E-02
+6.44130000E-02
+6.44000000E-02
+6.43880000E-02
+6.43780000E-02
+6.43660000E-02
+6.43530000E-02
+6.43440000E-02
+6.43350000E-02
+6.43260000E-02
+6.43160000E-02
+6.43040000E-02
+6.42930000E-02
+6.42840000E-02
+6.42740000E-02
+6.42610000E-02
+6.42500000E-02
+6.42400000E-02
+6.42400000E-02
+6.42290000E-02
+6.42210000E-02
+6.42070000E-02
+6.41920000E-02
+6.41920000E-02
+6.41810000E-02
+6.41710000E-02
+6.41620000E-02
+6.41530000E-02
+6.41410000E-02
+6.41280000E-02
+6.41200000E-02
+6.41080000E-02
+6.40250000E-02
+6.40400000E-02
+6.40450000E-02
+6.40440000E-02
+6.40390000E-02
+6.40310000E-02
+6.40200000E-02
+6.40110000E-02
+6.40020000E-02
+6.39880000E-02
+6.39780000E-02
+6.39690000E-02
+6.39580000E-02
+6.39490000E-02
+6.39420000E-02
+6.39290000E-02
+6.39230000E-02
+6.39120000E-02
+6.39020000E-02
+6.38900000E-02
+6.38810000E-02
+6.38710000E-02
+6.38620000E-02
+6.38610000E-02
+6.38530000E-02
+6.38420000E-02
+6.38300000E-02
+6.38210000E-02
+6.38100000E-02
+6.37980000E-02
+6.37870000E-02
+6.37720000E-02
+6.37610000E-02
+6.37480000E-02
+6.37390000E-02
+6.37290000E-02
+6.37190000E-02
+6.37110000E-02
+6.37010000E-02
+6.36930000E-02
+6.36810000E-02
+6.36670000E-02
+6.36590000E-02
+6.36490000E-02
+6.36410000E-02
+6.36300000E-02
+6.36220000E-02
+6.36130000E-02
+6.36130000E-02
+6.36040000E-02
+6.36040000E-02
+6.35950000E-02
+6.35820000E-02
+6.35720000E-02
+6.35630000E-02
+6.35630000E-02
+6.35550000E-02
+6.35480000E-02
+6.35480000E-02
+6.35380000E-02
+6.35280000E-02
+6.35180000E-02
+6.35090000E-02
+6.35060000E-02
+6.34970000E-02
+6.34860000E-02
+6.34760000E-02
+6.34670000E-02
+6.34600000E-02
+6.34500000E-02
+6.34430000E-02
+6.34370000E-02
+6.34300000E-02
+6.34200000E-02
+6.34120000E-02
+6.34030000E-02
+6.33920000E-02
+6.33830000E-02
+6.33690000E-02
+6.33580000E-02
+6.33480000E-02
+6.33370000E-02
+6.33270000E-02
+6.33170000E-02
+6.33070000E-02
+6.33020000E-02
+6.32960000E-02
+6.32870000E-02
+6.32770000E-02
+6.32680000E-02
+6.32600000E-02
+6.32480000E-02
+6.32390000E-02
+6.32290000E-02
+6.32200000E-02
+6.32110000E-02
+6.32030000E-02
+6.31950000E-02
+6.31890000E-02
+6.31760000E-02
+6.31680000E-02
+6.31580000E-02
+6.31470000E-02
+6.31350000E-02
+6.31270000E-02
+6.31190000E-02
+6.31080000E-02
+6.30970000E-02
+6.30900000E-02
+6.30820000E-02
+6.30720000E-02
+6.30600000E-02
+6.30490000E-02
+6.30490000E-02
+6.30350000E-02
+6.30260000E-02
+6.30170000E-02
+6.30080000E-02
+6.29990000E-02
+6.29910000E-02
+6.29830000E-02
+6.29770000E-02
+6.29710000E-02
+6.29700000E-02
+6.29610000E-02
+6.29520000E-02
+6.29450000E-02
+6.29370000E-02
+6.29310000E-02
+6.29240000E-02
+6.29240000E-02
+6.29130000E-02
+6.29050000E-02
+6.28950000E-02
+6.28910000E-02
+6.28910000E-02
+6.28820000E-02
+6.28710000E-02
+6.28620000E-02
+6.28500000E-02
+6.28400000E-02
+6.28270000E-02
+6.28140000E-02
+6.28140000E-02
+6.28030000E-02
+6.27910000E-02
+6.27820000E-02
+6.27740000E-02
+6.27640000E-02
+6.27560000E-02
+6.27450000E-02
+6.27330000E-02
+6.27260000E-02
+6.27210000E-02
+6.27160000E-02
+6.27030000E-02
+6.26930000E-02
+6.26840000E-02
+6.26840000E-02
+6.26760000E-02
+6.26710000E-02
+6.26640000E-02
+6.26590000E-02
+6.26500000E-02
+6.26380000E-02
+6.26330000E-02
+6.26270000E-02
+6.26190000E-02
+6.26120000E-02
+6.26010000E-02
+6.25970000E-02
+6.25860000E-02
+6.25740000E-02
+6.25630000E-02
+6.25530000E-02
+6.25450000E-02
+6.25390000E-02
+6.25320000E-02
+6.25270000E-02
+6.25180000E-02
+6.25030000E-02
+6.24920000E-02
+6.24760000E-02
+6.24560000E-02
+6.24400000E-02
+6.24280000E-02
+6.24100000E-02
+6.23970000E-02
+6.23800000E-02
+6.23640000E-02
+6.23630000E-02
+6.23500000E-02
+6.23400000E-02
+6.23300000E-02
+6.23220000E-02
+6.23130000E-02
+6.23080000E-02
+6.22980000E-02
+6.22880000E-02
+6.22760000E-02
+6.22680000E-02
+6.22570000E-02
+6.22500000E-02
+6.22420000E-02
+6.22290000E-02
+6.22200000E-02
+6.22140000E-02
+6.22070000E-02
+6.22030000E-02
+6.21960000E-02
+6.21890000E-02
+6.21840000E-02
+6.21760000E-02
+6.21680000E-02
+6.21600000E-02
+6.21550000E-02
+6.21510000E-02
+6.21450000E-02
+6.21390000E-02
+6.21330000E-02
+6.21280000E-02
+6.21200000E-02
+6.21120000E-02
+6.21050000E-02
+6.20990000E-02
+6.20940000E-02
+6.20870000E-02
+6.20810000E-02
+6.20740000E-02
+6.20660000E-02
+6.20590000E-02
+6.20530000E-02
+6.20470000E-02
+6.20390000E-02
+6.20350000E-02
+6.20270000E-02
+6.20200000E-02
+6.20150000E-02
+6.20080000E-02
+6.20010000E-02
+6.19910000E-02
+6.19860000E-02
+6.19790000E-02
+6.19720000E-02
+6.19650000E-02
+6.19600000E-02
+6.19530000E-02
+6.19480000E-02
+6.19440000E-02
+6.19380000E-02
+6.19290000E-02
+6.19230000E-02
+6.19160000E-02
+6.19070000E-02
+6.19070000E-02
+6.19030000E-02
+6.18940000E-02
+6.18870000E-02
+6.18800000E-02
+6.18770000E-02
+6.18720000E-02
+6.18620000E-02
+6.18560000E-02
+6.18560000E-02
+6.18480000E-02
+6.18400000E-02
+6.18390000E-02
+6.18320000E-02
+6.18260000E-02
+6.18200000E-02
+6.18200000E-02
+6.18140000E-02
+6.18070000E-02
+6.18010000E-02
+6.17970000E-02
+6.17910000E-02
+6.17860000E-02
+6.17810000E-02
+6.17760000E-02
+6.17760000E-02
+6.17710000E-02
+6.17640000E-02
+6.17640000E-02
+6.17590000E-02
+6.17530000E-02
+6.17440000E-02
+6.17380000E-02
+6.17290000E-02
+6.17230000E-02
+6.17150000E-02
+6.17100000E-02
+6.17100000E-02
+6.17010000E-02
+6.16970000E-02
+6.16910000E-02
+6.16840000E-02
+6.16770000E-02
+6.16720000E-02
+6.16640000E-02
+6.16590000E-02
+6.16490000E-02
+6.16440000E-02
+6.16380000E-02
+6.16330000E-02
+6.16330000E-02
+6.16280000E-02
+6.16280000E-02
+6.16240000E-02
+6.16180000E-02
+6.16110000E-02
+6.16040000E-02
+6.15990000E-02
+6.15910000E-02
+6.15840000E-02
+6.15790000E-02
+6.15690000E-02
+6.15610000E-02
+6.15540000E-02
+6.15480000E-02
+6.15440000E-02
+6.15380000E-02
+6.15300000E-02
+6.15240000E-02
+6.15240000E-02
+6.15180000E-02
+6.15130000E-02
+6.15130000E-02
+6.15070000E-02
+6.15010000E-02
+6.14960000E-02
+6.14890000E-02
+6.14820000E-02
+6.14760000E-02
+6.14700000E-02
+6.14610000E-02
+6.14580000E-02
+6.14510000E-02
+6.14460000E-02
+6.14380000E-02
+6.14330000E-02
+6.14260000E-02
+6.14200000E-02
+6.14180000E-02
+6.14140000E-02
+6.14130000E-02
+6.14070000E-02
+6.14010000E-02
+6.13930000E-02
+6.13880000E-02
+6.13780000E-02
+6.13720000E-02
+6.13670000E-02
+6.13590000E-02
+6.13530000E-02
+6.13480000E-02
+6.13420000E-02
+6.13370000E-02
+6.13290000E-02
+6.13210000E-02
+6.13160000E-02
+6.13130000E-02
+6.13100000E-02
+6.13040000E-02
+6.12980000E-02
+6.12940000E-02
+6.12870000E-02
+6.12810000E-02
+6.12770000E-02
+6.12750000E-02
+6.12680000E-02
+6.12670000E-02
+6.12610000E-02
+6.12540000E-02
+6.12500000E-02
+6.12420000E-02
+6.12340000E-02
+6.12300000E-02
+6.12230000E-02
+6.12230000E-02
+6.12140000E-02
+6.12080000E-02
+6.12020000E-02
+6.11990000E-02
+6.11940000E-02
+6.11860000E-02
+6.11800000E-02
+6.11730000E-02
+6.11690000E-02
+6.11620000E-02
+6.11600000E-02
+6.11560000E-02
+6.11510000E-02
+6.11510000E-02
+6.11460000E-02
+6.11380000E-02
+6.11340000E-02
+6.11280000E-02
+6.11230000E-02
+6.11140000E-02
+6.11080000E-02
+6.11040000E-02
+6.10990000E-02
+6.10940000E-02
+6.10880000E-02
+6.10830000E-02
+6.10760000E-02
+6.10710000E-02
+6.10640000E-02
+6.10640000E-02
+6.10600000E-02
+6.10570000E-02
+6.10510000E-02
+6.10460000E-02
+6.10400000E-02
+6.10340000E-02
+6.10300000E-02
+6.10260000E-02
+6.10210000E-02
+6.10170000E-02
+6.10100000E-02
+6.10050000E-02
+6.10010000E-02
+6.09950000E-02
+6.09940000E-02
+6.09940000E-02
+6.09880000E-02
+6.09880000E-02
+6.09840000E-02
+6.09780000E-02
+6.09740000E-02
+6.09680000E-02
+6.09670000E-02
+6.09600000E-02
+6.09560000E-02
+6.09490000E-02
+6.09440000E-02
+6.09440000E-02
+6.09370000E-02
+6.09310000E-02
+6.09260000E-02
+6.09210000E-02
+6.09150000E-02
+6.09090000E-02
+6.09050000E-02
+6.08990000E-02
+6.08970000E-02
+6.08970000E-02
+6.08930000E-02
+6.08900000E-02
+6.08850000E-02
+6.08820000E-02
+6.08740000E-02
+6.08690000E-02
+6.08620000E-02
+6.08620000E-02
+6.08590000E-02
+6.08510000E-02
+6.08470000E-02
+6.08420000E-02
+6.08340000E-02
+6.08320000E-02
+6.08250000E-02
+6.08250000E-02
+6.08180000E-02
+6.08160000E-02
+6.08080000E-02
+6.08040000E-02
+6.07980000E-02
+6.07980000E-02
+6.07930000E-02
+6.07870000E-02
+6.07810000E-02
+6.07700000E-02
+6.07620000E-02
+6.07550000E-02
+6.07470000E-02
+6.07400000E-02
+6.07380000E-02
+6.07340000E-02
+6.07230000E-02
+6.07170000E-02
+6.07080000E-02
+6.06990000E-02
+6.06920000E-02
+6.06840000E-02
+6.06760000E-02
+6.06730000E-02
+6.06720000E-02
+6.06680000E-02
+6.06630000E-02
+6.06590000E-02
+6.06540000E-02
+6.06500000E-02
+6.06430000E-02
+6.06380000E-02
+6.06330000E-02
+6.06260000E-02
+6.06230000E-02
+6.06160000E-02
+6.06120000E-02
+6.06080000E-02
+6.06020000E-02
+6.05950000E-02
+6.05900000E-02
+6.05850000E-02
+6.05810000E-02
+6.05760000E-02
+6.05710000E-02
+6.05680000E-02
+6.05630000E-02
+6.05580000E-02
+6.05520000E-02
+6.05460000E-02
+6.05410000E-02
+6.05380000E-02
+6.05350000E-02
+6.05300000E-02
+6.05260000E-02
+6.05200000E-02
+6.05140000E-02
+6.05080000E-02
+6.05030000E-02
+6.04980000E-02
+6.04930000E-02
+6.04930000E-02
+6.04850000E-02
+6.04820000E-02
+6.04780000E-02
+6.04780000E-02
+6.04720000E-02
+6.04680000E-02
+6.04630000E-02
+6.04550000E-02
+6.04550000E-02
+6.04500000E-02
+6.04430000E-02
+6.04340000E-02
+6.04340000E-02
+6.04310000E-02
+6.04240000E-02
+6.04170000E-02
+6.04110000E-02
+6.04050000E-02
+6.04010000E-02
+6.03950000E-02
+6.03910000E-02
+6.03880000E-02
+6.03800000E-02
+6.03750000E-02
+6.03710000E-02
+6.03650000E-02
+6.03630000E-02
+6.03580000E-02
+6.03530000E-02
+6.03450000E-02
+6.03410000E-02
+6.03410000E-02
+6.03340000E-02
+6.03280000E-02
+6.03260000E-02
+6.03230000E-02
+6.03190000E-02
+6.03110000E-02
+6.03100000E-02
+6.03060000E-02
+6.03060000E-02
+6.03020000E-02
+6.02920000E-02
+6.02890000E-02
+6.02890000E-02
+6.02810000E-02
+6.02760000E-02
+6.02700000E-02
+6.02640000E-02
+6.02600000E-02
+6.02560000E-02
+6.02490000E-02
+6.02450000E-02
+6.02410000E-02
+6.02350000E-02
+6.02310000E-02
+6.02240000E-02
+6.02190000E-02
+6.02170000E-02
+6.02090000E-02
+6.02030000E-02
+6.01990000E-02
+6.01930000E-02
+6.01900000E-02
+6.01810000E-02
+6.01780000E-02
+6.01750000E-02
+6.01690000E-02
+6.01620000E-02
+6.01550000E-02
+6.01510000E-02
+6.01500000E-02
+6.01450000E-02
+6.01390000E-02
+6.01340000E-02
+6.01310000E-02
+6.01310000E-02
+6.01270000E-02
+6.01200000E-02
+6.01170000E-02
+6.01140000E-02
+6.01100000E-02
+6.01040000E-02
+6.00990000E-02
+6.00960000E-02
+6.00920000E-02
+6.00850000E-02
+6.00850000E-02
+6.00790000E-02
+6.00730000E-02
+6.00690000E-02
+6.00620000E-02
+6.00570000E-02
+6.00530000E-02
+6.00470000E-02
+6.00430000E-02
+6.00380000E-02
+6.00350000E-02
+6.00280000E-02
+6.00230000E-02
+6.00180000E-02
+6.00130000E-02
+6.00130000E-02
+6.00090000E-02
+6.00040000E-02
+6.00000000E-02
+5.99910000E-02
+5.99830000E-02
+5.99800000E-02
+5.99760000E-02
+5.99690000E-02
+5.99620000E-02
+5.99580000E-02
+5.99530000E-02
+5.99530000E-02
+5.99470000E-02
+5.99470000E-02
+5.99410000E-02
+5.99350000E-02
+5.99290000E-02
+5.99220000E-02
+5.99180000E-02
+5.99110000E-02
+5.99030000E-02
+5.98970000E-02
+5.98920000E-02
+5.98830000E-02
+5.98780000E-02
+5.98690000E-02
+5.98660000E-02
+5.98590000E-02
+5.98530000E-02
+5.98500000E-02
+5.98420000E-02
+5.98360000E-02
+5.98280000E-02
+5.98220000E-02
+5.98130000E-02
+5.98100000E-02
+5.98100000E-02
+5.98010000E-02
+5.97930000E-02
+5.97860000E-02
+5.97840000E-02
+5.97740000E-02
+5.97680000E-02
+5.97650000E-02
+5.97590000E-02
+5.97550000E-02
+5.97490000E-02
+5.97410000E-02
+5.97370000E-02
+5.97290000E-02
+5.97260000E-02
+5.97170000E-02
+5.97130000E-02
+5.97070000E-02
+5.97040000E-02
+5.97000000E-02
+5.96930000E-02
+5.96870000E-02
+5.96820000E-02
+5.96760000E-02
+5.96690000E-02
+5.96630000E-02
+5.96590000E-02
+5.96500000E-02
+5.96440000E-02
+5.96390000E-02
+5.96330000E-02
+5.96270000E-02
+5.96260000E-02
+5.96180000E-02
+5.96140000E-02
+5.96100000E-02
+5.96030000E-02
+5.95950000E-02
+5.95950000E-02
+5.95880000E-02
+5.95870000E-02
+5.95820000E-02
+5.95770000E-02
+5.95740000E-02
+5.95670000E-02
+5.95640000E-02
+5.95590000E-02
+5.95550000E-02
+5.95550000E-02
+5.95500000E-02
+5.95440000E-02
+5.95360000E-02
+5.95300000E-02
+5.95250000E-02
+5.95180000E-02
+5.95120000E-02
+5.95070000E-02
+5.95020000E-02
+5.95000000E-02
+5.94910000E-02
+5.94860000E-02
+5.94790000E-02
+5.94540000E-02
+5.94560000E-02
+5.94550000E-02
+5.94320000E-02
+5.94380000E-02
+5.94380000E-02
+5.94390000E-02
+5.94370000E-02
+5.94340000E-02
+5.94290000E-02
+5.94230000E-02
+5.94210000E-02
+5.94140000E-02
+5.94080000E-02
+5.94040000E-02
+5.93970000E-02
+5.93880000E-02
+5.93840000E-02
+5.93800000E-02
+5.93760000E-02
+5.93680000E-02
+5.93600000E-02
+5.93600000E-02
+5.93530000E-02
+5.93470000E-02
+5.93470000E-02
+5.93420000E-02
+5.93370000E-02
+5.93310000E-02
+5.93260000E-02
+5.93220000E-02
+5.93190000E-02
+5.93120000E-02
+5.93040000E-02
+5.92990000E-02
+5.92930000E-02
+5.92870000E-02
+5.92830000E-02
+5.92830000E-02
+5.92780000E-02
+5.92750000E-02
+5.92690000E-02
+5.92620000E-02
+5.92600000E-02
+5.92530000E-02
+5.92470000E-02
+5.92380000E-02
+5.92320000E-02
+5.92320000E-02
+5.92270000E-02
+5.92200000E-02
+5.92170000E-02
+5.92110000E-02
+5.92050000E-02
+5.91970000E-02
+5.91890000E-02
+5.91840000E-02
+5.91800000E-02
+5.91800000E-02
+5.91720000E-02
+5.91650000E-02
+5.91610000E-02
+5.91540000E-02
+5.91480000E-02
+5.91430000E-02
+5.91370000E-02
+5.91320000E-02
+5.91250000E-02
+5.91210000E-02
+5.91160000E-02
+5.91100000E-02
+5.91040000E-02
+5.90960000E-02
+5.90960000E-02
+5.90960000E-02
+5.90920000E-02
+5.90870000E-02
+5.90820000E-02
+5.90730000E-02
+5.90670000E-02
+5.90620000E-02
+5.90530000E-02
+5.90530000E-02
+5.90460000E-02
+5.90420000E-02
+5.90350000E-02
+5.90300000E-02
+5.90240000E-02
+5.90210000E-02
+5.90160000E-02
+5.90090000E-02
+5.90040000E-02
+5.89960000E-02
+5.89890000E-02
+5.89860000E-02
+5.89790000E-02
+5.89690000E-02
+5.89690000E-02
+5.89650000E-02
+5.89590000E-02
+5.89520000E-02
+5.89440000E-02
+5.89410000E-02
+5.89340000E-02
+5.89250000E-02
+5.89210000E-02
+5.89140000E-02
+5.89070000E-02
+5.89070000E-02
+5.89000000E-02
+5.88930000E-02
+5.88900000E-02
+5.88820000E-02
+5.88760000E-02
+5.88680000E-02
+5.88610000E-02
+5.88560000E-02
+5.88500000E-02
+5.88430000E-02
+5.88370000E-02
+5.88360000E-02
+5.88290000E-02
+5.88200000E-02
+5.88200000E-02
+5.88140000E-02
+5.88140000E-02
+5.88070000E-02
+5.88030000E-02
+5.87970000E-02
+5.87910000E-02
+5.87820000E-02
+5.87770000E-02
+5.87700000E-02
+5.87630000E-02
+5.87540000E-02
+5.87480000E-02
+5.87420000E-02
+5.87430000E-02
+5.87340000E-02
+5.87270000E-02
+5.87220000E-02
+5.87160000E-02
+5.87110000E-02
+5.87050000E-02
+5.87040000E-02
+5.86980000E-02
+5.86910000E-02
+5.86840000E-02
+5.86750000E-02
+5.86690000E-02
+5.86590000E-02
+5.86540000E-02
+5.86490000E-02
+5.86420000E-02
+5.86340000E-02
+5.86290000E-02
+5.86210000E-02
+5.86140000E-02
+5.86050000E-02
+5.86010000E-02
+5.85960000E-02
+5.85890000E-02
+5.85800000E-02
+5.85710000E-02
+5.85670000E-02
+5.85610000E-02
+5.85570000E-02
+5.85560000E-02
+5.85510000E-02
+5.85440000E-02
+5.85370000E-02
+5.85280000E-02
+5.85240000E-02
+5.85170000E-02
+5.85080000E-02
+5.85020000E-02
+5.84970000E-02
+5.84890000E-02
+5.84830000E-02
+5.84770000E-02
+5.84650000E-02
+5.84590000E-02
+5.84590000E-02
+5.84540000E-02
+5.84470000E-02
+5.84400000E-02
+5.84340000E-02
+5.84280000E-02
+5.84240000E-02
+5.84140000E-02
+5.84070000E-02
+5.84010000E-02
+5.83930000E-02
+5.83870000E-02
+5.83830000E-02
+5.83840000E-02
+5.83760000E-02
+5.83680000E-02
+5.83680000E-02
+5.83620000E-02
+5.83550000E-02
+5.83450000E-02
+5.83400000E-02
+5.83320000E-02
+5.83290000E-02
+5.83200000E-02
+5.83140000E-02
+5.83020000E-02
+5.82970000E-02
+5.82890000E-02
+5.82840000E-02
+5.82810000E-02
+5.82810000E-02
+5.82760000E-02
+5.82700000E-02
+5.82630000E-02
+5.82550000E-02
+5.82470000E-02
+5.82390000E-02
+5.82320000E-02
+5.82240000E-02
+5.82200000E-02
+5.82140000E-02
+5.82070000E-02
+5.81990000E-02
+5.81900000E-02
+5.81830000E-02
+5.81770000E-02
+5.81670000E-02
+5.81610000E-02
+5.81550000E-02
+5.81460000E-02
+5.81410000E-02
+5.81300000E-02
+5.81230000E-02
+5.81150000E-02
+5.81050000E-02
+5.80990000E-02
+5.80900000E-02
+5.80820000E-02
+5.80780000E-02
+5.80730000E-02
+5.80610000E-02
+5.80520000E-02
+5.80520000E-02
+5.80420000E-02
+5.80340000E-02
+5.80260000E-02
+5.80160000E-02
+5.80090000E-02
+5.80040000E-02
+5.79930000E-02
+5.79870000E-02
+5.79780000E-02
+5.79700000E-02
+5.79630000E-02
+5.79620000E-02
+5.79520000E-02
+5.79470000E-02
+5.79380000E-02
+5.79300000E-02
+5.79240000E-02
+5.79230000E-02
+5.79170000E-02
+5.79070000E-02
+5.79010000E-02
+5.78940000E-02
+5.78870000E-02
+5.78780000E-02
+5.78730000E-02
+5.78650000E-02
+5.78570000E-02
+5.78500000E-02
+5.78430000E-02
+5.78400000E-02
+5.78310000E-02
+5.78250000E-02
+5.78180000E-02
+5.78180000E-02
+5.78110000E-02
+5.78030000E-02
+5.77980000E-02
+5.77880000E-02
+5.77780000E-02
+5.77720000E-02
+5.77620000E-02
+5.77510000E-02
+5.77510000E-02
+5.77410000E-02
+5.77350000E-02
+5.77280000E-02
+5.77200000E-02
+5.77090000E-02
+5.77040000E-02
+5.76950000E-02
+5.76870000E-02
+5.76780000E-02
+5.76700000E-02
+5.76620000E-02
+5.76610000E-02
+5.76520000E-02
+5.76460000E-02
+5.76370000E-02
+5.76300000E-02
+5.76210000E-02
+5.76130000E-02
+5.76080000E-02
+5.76000000E-02
+5.75900000E-02
+5.75830000E-02
+5.75750000E-02
+5.75670000E-02
+5.75600000E-02
+5.75480000E-02
+5.75400000E-02
+5.75300000E-02
+5.75220000E-02
+5.75130000E-02
+5.75050000E-02
+5.74960000E-02
+5.74870000E-02
+5.74790000E-02
+5.74710000E-02
+5.74600000E-02
+5.74520000E-02
+5.74410000E-02
+5.74320000E-02
+5.74220000E-02
+5.74130000E-02
+5.74060000E-02
+5.74050000E-02
+5.73970000E-02
+5.73970000E-02
+5.73890000E-02
+5.73800000E-02
+5.73700000E-02
+5.73590000E-02
+5.73530000E-02
+5.73400000E-02
+5.73310000E-02
+5.73200000E-02
+5.73130000E-02
+5.73040000E-02
+5.72930000E-02
+5.72810000E-02
+5.72730000E-02
+5.72730000E-02
+5.72650000E-02
+5.72560000E-02
+5.72470000E-02
+5.72390000E-02
+5.72280000E-02
+5.72190000E-02
+5.72080000E-02
+5.72020000E-02
+5.71910000E-02
+5.71820000E-02
+5.71700000E-02
+5.71610000E-02
+5.71510000E-02
+5.71410000E-02
+5.71300000E-02
+5.71220000E-02
+5.71140000E-02
+5.71040000E-02
+5.70930000E-02
+5.70830000E-02
+5.70740000E-02
+5.70630000E-02
+5.70530000E-02
+5.70390000E-02
+5.70310000E-02
+5.70200000E-02
+5.70110000E-02
+5.70000000E-02
+5.69910000E-02
+5.69830000E-02
+5.69730000E-02
+5.69730000E-02
+5.69620000E-02
+5.69510000E-02
+5.69410000E-02
+5.69320000E-02
+5.69220000E-02
+5.69100000E-02
+5.68990000E-02
+5.68900000E-02
+5.68800000E-02
+5.68720000E-02
+5.68610000E-02
+5.68490000E-02
+5.68490000E-02
+5.68400000E-02
+5.68320000E-02
+5.68220000E-02
+5.68110000E-02
+5.68010000E-02
+5.67900000E-02
+5.67810000E-02
+5.67680000E-02
+5.67590000E-02
+5.67500000E-02
+5.67440000E-02
+5.67340000E-02
+5.67240000E-02
+5.67150000E-02
+5.67020000E-02
+5.66890000E-02
+5.66820000E-02
+5.66680000E-02
+5.66570000E-02
+5.66570000E-02
+5.66480000E-02
+5.66390000E-02
+5.66240000E-02
+5.66130000E-02
+5.66010000E-02
+5.65930000E-02
+5.65810000E-02
+5.65680000E-02
+5.65580000E-02
+5.65460000E-02
+5.65340000E-02
+5.65210000E-02
+5.65080000E-02
+5.65000000E-02
+5.64880000E-02
+5.64780000E-02
+5.64690000E-02
+5.64580000E-02
+5.64460000E-02
+5.64350000E-02
+5.64250000E-02
+5.64150000E-02
+5.64030000E-02
+5.63850000E-02
+5.63810000E-02
+5.63720000E-02
+5.63650000E-02
+5.63520000E-02
+5.63410000E-02
+5.63410000E-02
+5.63310000E-02
+5.63210000E-02
+5.63100000E-02
+5.63010000E-02
+5.62870000E-02
+5.62780000E-02
+5.62670000E-02
+5.62570000E-02
+5.62470000E-02
+5.62470000E-02
+5.62350000E-02
+5.62260000E-02
+5.62150000E-02
+5.62050000E-02
+5.61930000E-02
+5.61820000E-02
+5.61820000E-02
+5.61710000E-02
+5.61560000E-02
+5.61460000E-02
+5.61460000E-02
+5.61340000E-02
+5.61210000E-02
+5.61090000E-02
+5.60980000E-02
+5.60870000E-02
+5.60750000E-02
+5.60660000E-02
+5.60500000E-02
+5.60370000E-02
+5.60240000E-02
+5.60120000E-02
+5.60030000E-02
+5.60030000E-02
+5.59940000E-02
+5.59830000E-02
+5.59700000E-02
+5.59590000E-02
+5.59580000E-02
+5.59470000E-02
+5.59370000E-02
+5.59270000E-02
+5.59160000E-02
+5.59050000E-02
+5.58900000E-02
+5.58790000E-02
+5.58670000E-02
+5.58550000E-02
+5.58400000E-02
+5.58300000E-02
+5.58180000E-02
+5.58060000E-02
+5.57950000E-02
+5.57850000E-02
+5.57740000E-02
+5.57590000E-02
+5.57470000E-02
+5.57360000E-02
+5.57240000E-02
+5.57240000E-02
+5.57130000E-02
+5.57020000E-02
+5.56860000E-02
+5.56740000E-02
+5.56620000E-02
+5.56500000E-02
+5.56340000E-02
+5.56340000E-02
+5.56240000E-02
+5.56110000E-02
+5.55960000E-02
+5.55830000E-02
+5.55820000E-02
+5.55710000E-02
+5.55570000E-02
+5.55480000E-02
+5.55360000E-02
+5.55220000E-02
+5.55090000E-02
+5.55010000E-02
+5.54910000E-02
+5.54800000E-02
+5.54680000E-02
+5.54560000E-02
+5.54470000E-02
+5.54350000E-02
+5.54220000E-02
+5.54120000E-02
+5.54110000E-02
+5.54000000E-02
+5.53860000E-02
+5.53740000E-02
+5.53630000E-02
+5.53520000E-02
+5.53390000E-02
+5.53240000E-02
+5.53130000E-02
+5.52980000E-02
+5.52980000E-02
+5.52880000E-02
+5.52740000E-02
+5.52610000E-02
+5.52510000E-02
+5.52380000E-02
+5.52240000E-02
+5.52140000E-02
+5.52140000E-02
+5.52020000E-02
+5.51890000E-02
+5.51770000E-02
+5.51650000E-02
+5.51510000E-02
+5.51390000E-02
+5.51250000E-02
+5.51130000E-02
+5.51020000E-02
+5.50900000E-02
+5.50820000E-02
+5.50670000E-02
+5.50550000E-02
+5.50420000E-02
+5.50300000E-02
+5.50180000E-02
+5.50070000E-02
+5.49950000E-02
+5.49840000E-02
+5.49690000E-02
+5.49690000E-02
+5.49570000E-02
+5.49430000E-02
+5.49340000E-02
+5.49340000E-02
+5.49260000E-02
+5.49110000E-02
+5.48980000E-02
+5.48840000E-02
+5.48710000E-02
+5.48570000E-02
+5.48570000E-02
+5.48480000E-02
+5.48330000E-02
+5.48200000E-02
+5.48090000E-02
+5.47910000E-02
+5.47440000E-02
+5.47460000E-02
+5.47420000E-02
+5.47340000E-02
+5.47230000E-02
+5.47160000E-02
+5.47030000E-02
+5.46910000E-02
+5.46910000E-02
+5.46790000E-02
+5.46660000E-02
+5.46550000E-02
+5.46550000E-02
+5.46390000E-02
+5.46270000E-02
+5.46160000E-02
+5.46020000E-02
+5.45890000E-02
+5.45740000E-02
+5.45640000E-02
+5.45510000E-02
+5.45510000E-02
+5.45370000E-02
+5.45200000E-02
+5.45080000E-02
+5.44980000E-02
+5.44860000E-02
+5.44720000E-02
+5.44570000E-02
+5.44420000E-02
+5.44290000E-02
+5.44170000E-02
+5.44170000E-02
+5.44050000E-02
+5.43910000E-02
+5.43750000E-02
+5.43590000E-02
+5.43460000E-02
+5.43330000E-02
+5.43210000E-02
+5.43080000E-02
+5.42930000E-02
+5.42800000E-02
+5.42660000E-02
+5.42520000E-02
+5.42370000E-02
+5.42250000E-02
+5.42130000E-02
+5.42000000E-02
+5.41850000E-02
+5.41710000E-02
+5.41580000E-02
+5.41430000E-02
+5.41290000E-02
+5.41170000E-02
+5.41060000E-02
+5.40920000E-02
+5.40800000E-02
+0.00000000E+00
+5.40454000E-02
+5.40358000E-02
+5.40202000E-02
+5.40059000E-02
+5.40019000E-02
+5.39906000E-02
+5.39779000E-02
+5.39641000E-02
+5.39605000E-02
+5.39491000E-02
+5.39457000E-02
+5.39174000E-02
+5.39028000E-02
+5.38904000E-02
+5.38751000E-02
+5.38727000E-02
+5.38529000E-02
+5.38371000E-02
+5.38231000E-02
+5.38106000E-02
+5.37969000E-02
+5.37816000E-02
+5.37667000E-02
+5.37522000E-02
+5.37386000E-02
+5.37222000E-02
+5.37188000E-02
+5.37186000E-02
+5.36941000E-02
+5.36797000E-02
+5.36671000E-02
