2021/08/28,18:23:27
-2.40000000E-08
-2.60000000E-08
-2.70000000E-08
-2.40000000E-08
-2.40000000E-08
-2.50000000E-08
-2.40000000E-08
-2.10000000E-08
-2.20000000E-08
-2.00000000E-08
-2.00000000E-08
-2.00000000E-08
-2.40000000E-08
-2.60000000E-08
-2.50000000E-08
-2.40000000E-08
-2.00000000E-08
-2.10000000E-08
-2.20000000E-08
-2.60000000E-08
-2.80000000E-08
-2.90000000E-08
-2.60000000E-08
-2.40000000E-08
-2.40000000E-08
-2.20000000E-08
-2.10000000E-08
-2.00000000E-08
-2.50000000E-08
-3.00000000E-08
-3.30000000E-08
-2.70000000E-08
-1.80000000E-08
+5.97717000E-03
+6.02613000E-03
+6.04204000E-03
+6.01025000E-03
+6.01041000E-03
+6.10603000E-03
+6.00451000E-03
+6.01090000E-03
+5.99461000E-03
+5.99585000E-03
+5.99251000E-03
+5.99979000E-03
+6.00286000E-03
+5.99222000E-03
+5.99835000E-03
+5.99455000E-03
+5.99480000E-03
+5.99041000E-03
+6.01242000E-03
+5.99838000E-03
+5.99198000E-03
+5.99392000E-03
+5.99206000E-03
+5.98849000E-03
+6.01029000E-03
+5.99171000E-03
+5.99053000E-03
+5.98795000E-03
+5.99514000E-03
+5.99434000E-03
+6.00499000E-03
+6.05997000E-03
+6.04259000E-03
+6.00039000E-03
+6.00854000E-03
+6.00648000E-03
+5.99729000E-03
+6.00699000E-03
+6.00377000E-03
+5.99551000E-03
+6.00069000E-03
+5.99677000E-03
+6.00849000E-03
+5.99894000E-03
+6.00270000E-03
+6.01052000E-03
+6.00832000E-03
+6.01117000E-03
+6.01111000E-03
+6.00629000E-03
+6.02077000E-03
+6.02170000E-03
+6.01352000E-03
+6.00964000E-03
+6.01215000E-03
+9.90000000E+37
+0.00000000E+00
+6.00830000E-03
+6.01273000E-03
+6.02028000E-03
+6.01905000E-03
+6.06630000E-03
+6.01340000E-03
+6.02469000E-03
+5.92529000E-03
+6.01143000E-03
+6.02096000E-03
+6.02288000E-03
+6.02280000E-03
+6.00161000E-03
+6.33318000E-03
+6.37522000E-03
+6.50489000E-03
+6.17617000E-03
+0.00000000E+00
+5.65400000E-03
+5.99530000E-03
+6.07210000E-03
+5.76740000E-03
+5.94300000E-03
+5.80420000E-03
+5.69230000E-03
+5.96610000E-03
+5.70530000E-03
+5.77210000E-03
+5.69200000E-03
+5.94090000E-03
+6.01550000E-03
+5.81440000E-03
+6.00760000E-03
+5.70480000E-03
+5.75350000E-03
+6.01940000E-03
+6.02380000E-03
+5.82860000E-03
+5.96680000E-03
+5.92570000E-03
+5.64160000E-03
+6.04350000E-03
+6.02130000E-03
+5.96580000E-03
+5.89380000E-03
+5.77620000E-03
+5.85700000E-03
+5.73790000E-03
+5.56600000E-03
+5.96510000E-03
+5.73950000E-03
+5.72520000E-03
+5.93160000E-03
+5.93810000E-03
+5.60900000E-03
+5.89020000E-03
+5.68820000E-03
+5.77310000E-03
+5.76850000E-03
+5.81510000E-03
+6.10460000E-03
+6.03730000E-03
+6.03570000E-03
+5.90000000E-03
+5.94090000E-03
+5.64430000E-03
+5.64660000E-03
+6.03680000E-03
+6.00540000E-03
+6.09480000E-03
+6.06580000E-03
+6.01570000E-03
+5.90260000E-03
+5.65140000E-03
+5.83890000E-03
+5.74570000E-03
+5.73580000E-03
+5.79330000E-03
+5.97650000E-03
+5.97980000E-03
+5.99830000E-03
+6.01040000E-03
+5.83010000E-03
+5.72450000E-03
+6.03730000E-03
+6.01290000E-03
+5.83290000E-03
+5.75500000E-03
+6.04100000E-03
+5.67730000E-03
+5.81560000E-03
+5.72850000E-03
+5.99380000E-03
+5.71940000E-03
+6.05440000E-03
+5.84760000E-03
+5.95500000E-03
+5.73790000E-03
+5.94040000E-03
+6.06900000E-03
+5.81150000E-03
+5.94090000E-03
+5.97150000E-03
+5.78660000E-03
+5.83940000E-03
+5.90370000E-03
+5.95700000E-03
+6.00530000E-03
+5.81770000E-03
+5.93940000E-03
+5.93940000E-03
+6.01810000E-03
+5.90160000E-03
+5.83990000E-03
+5.78710000E-03
+5.90470000E-03
+5.72650000E-03
+6.09370000E-03
+5.92230000E-03
+5.70630000E-03
+5.68150000E-03
+5.82130000E-03
+5.81090000E-03
+5.80010000E-03
+5.87070000E-03
+5.99580000E-03
+5.88710000E-03
+6.02530000E-03
+5.89020000E-03
+5.79070000E-03
+5.83480000E-03
+5.71000000E-03
+6.09220000E-03
+5.66900000E-03
+5.97620000E-03
+5.75600000E-03
+5.96740000E-03
+6.00880000E-03
+6.07250000E-03
+5.85190000E-03
+5.72550000E-03
+5.70790000E-03
+5.80580000E-03
+6.00720000E-03
+5.61100000E-03
+5.95270000E-03
+5.95240000E-03
+5.95550000E-03
+5.60330000E-03
+6.06060000E-03
+6.07990000E-03
+5.98500000E-03
+5.88660000E-03
+5.89070000E-03
+6.06210000E-03
+6.05640000E-03
+6.12270000E-03
+5.93840000E-03
+5.84100000E-03
+5.59650000E-03
+5.69860000E-03
+6.10560000E-03
+6.05730000E-03
+6.09110000E-03
+6.01480000E-03
+5.83280000E-03
+5.77880000E-03
+6.07400000E-03
+5.91560000E-03
+5.65830000E-03
+5.85450000E-03
+5.99840000E-03
+5.89510000E-03
+6.02330000E-03
+6.02800000E-03
+5.94040000E-03
+5.78760000E-03
+5.90370000E-03
+6.10930000E-03
+6.10980000E-03
+5.81580000E-03
+5.85500000E-03
+5.75420000E-03
+6.08770000E-03
+5.75600000E-03
+5.95180000E-03
+5.91710000E-03
+6.11150000E-03
+6.08130000E-03
+6.04970000E-03
+5.78410000E-03
+5.79640000E-03
+6.07370000E-03
+5.82430000E-03
+5.79390000E-03
+5.91850000E-03
+6.14350000E-03
+5.76740000E-03
+5.93580000E-03
+6.09990000E-03
+6.06520000E-03
+6.03000000E-03
+5.98910000E-03
+5.98810000E-03
+6.05020000E-03
+5.91040000E-03
+5.56860000E-03
+5.98330000E-03
+6.07200000E-03
+5.72450000E-03
+5.65110000E-03
+5.67910000E-03
+5.67910000E-03
+5.67890000E-03
+6.09990000E-03
+6.02020000E-03
+5.81460000E-03
+6.10310000E-03
+5.83270000E-03
+5.76640000E-03
+5.66310000E-03
+6.04340000E-03
+6.02230000E-03
+5.75550000E-03
+5.62970000E-03
+6.04250000E-03
+5.84410000E-03
+5.79230000E-03
+5.75970000E-03
+5.70180000E-03
+5.87050000E-03
+5.85290000E-03
+5.67420000E-03
+5.93940000E-03
+5.91820000E-03
+5.76230000E-03
+6.07330000E-03
+5.76020000E-03
+5.90420000E-03
+6.15800000E-03
+5.62660000E-03
+5.86770000E-03
+5.80070000E-03
+5.75500000E-03
+5.61780000E-03
+5.80210000E-03
+5.84100000E-03
+5.87520000E-03
+5.99370000E-03
+5.77120000E-03
+5.87050000E-03
+6.04190000E-03
+6.09550000E-03
+6.11190000E-03
+6.11240000E-03
+6.06740000E-03
+5.77670000E-03
+5.94090000E-03
+5.95660000E-03
+6.09320000E-03
+5.96170000E-03
+6.06320000E-03
+5.99010000E-03
+5.92800000E-03
+6.05240000E-03
+5.79180000E-03
+5.59320000E-03
+5.91040000E-03
+5.83580000E-03
+6.23360000E-03
+5.83940000E-03
+6.07200000E-03
+5.53640000E-03
+5.64000000E-03
+5.86740000E-03
+6.14400000E-03
+5.99330000E-03
+6.09580000E-03
+5.62500000E-03
+5.90880000E-03
+5.89310000E-03
+6.02660000E-03
+6.01500000E-03
+5.75400000E-03
+5.66300000E-03
+5.68040000E-03
+5.87050000E-03
+6.03380000E-03
+6.11830000E-03
+6.00980000E-03
+6.15950000E-03
+5.74310000E-03
+5.86580000E-03
+6.02120000E-03
+5.77520000E-03
+6.09290000E-03
+5.96820000E-03
+6.07300000E-03
+6.10980000E-03
+5.84460000E-03
+5.94200000E-03
+6.04710000E-03
+6.09910000E-03
+5.88350000E-03
+6.04710000E-03
+5.74670000E-03
+6.05660000E-03
+5.85240000E-03
+5.99010000E-03
+5.98910000E-03
+5.78660000E-03
+6.06470000E-03
+5.80920000E-03
+5.78870000E-03
+6.06420000E-03
+5.89120000E-03
+6.01630000E-03
+6.09840000E-03
+5.74210000E-03
+5.75450000E-03
+5.99950000E-03
+6.00570000E-03
+5.99070000E-03
+6.09070000E-03
+5.84880000E-03
+5.91450000E-03
+6.07150000E-03
+6.16360000E-03
+5.85400000E-03
+5.84150000E-03
+6.10200000E-03
+5.72860000E-03
+6.07660000E-03
+5.86070000E-03
+5.81130000E-03
+5.94040000E-03
+6.06940000E-03
+5.89460000E-03
+5.97770000E-03
+6.04690000E-03
+6.14810000E-03
+5.94040000E-03
+6.11290000E-03
+5.85910000E-03
+5.78760000E-03
+5.88350000E-03
+6.00310000E-03
+5.97930000E-03
+6.08090000E-03
+6.07250000E-03
+6.08130000E-03
+5.94040000E-03
+6.13880000E-03
+5.96830000E-03
+5.80520000E-03
+5.85240000E-03
+5.76530000E-03
+5.68040000E-03
+5.79490000E-03
+5.60580000E-03
+5.72760000E-03
+6.12020000E-03
+6.04040000E-03
+6.06940000E-03
+6.04190000E-03
+5.91300000E-03
+6.09790000E-03
+6.08370000E-03
+6.03620000E-03
+5.79590000E-03
+6.05490000E-03
+5.77780000E-03
+5.82440000E-03
+6.03780000E-03
+5.82080000E-03
+6.01970000E-03
+5.97100000E-03
+5.89740000E-03
+5.83740000E-03
+5.85700000E-03
+6.03300000E-03
+5.83990000E-03
+6.00540000E-03
+5.81150000E-03
+5.87570000E-03
+5.74000000E-03
+6.02770000E-03
+5.80090000E-03
+6.06420000E-03
+6.10000000E-03
+6.11600000E-03
+5.81980000E-03
+6.08750000E-03
+5.92070000E-03
+5.84410000E-03
+5.89800000E-03
+5.97250000E-03
+5.80840000E-03
+6.04140000E-03
+5.92850000E-03
+5.82520000E-03
+5.93420000E-03
+6.03370000E-03
+5.88910000E-03
+5.89690000E-03
+5.94090000E-03
+5.89170000E-03
+6.05490000E-03
+6.04500000E-03
+5.78870000E-03
+5.53440000E-03
+6.17232000E-03
+6.12820000E-03
+6.10100000E-03
+5.92230000E-03
+6.06950000E-03
+5.98700000E-03
+5.64730000E-03
+5.87980000E-03
+6.03680000E-03
+6.06910000E-03
+5.81860000E-03
+6.06940000E-03
+5.72340000E-03
+6.01910000E-03
+5.81270000E-03
+5.82340000E-03
+5.72030000E-03
+6.13070000E-03
+6.13670000E-03
+5.80520000E-03
+5.89380000E-03
+5.85240000E-03
+5.80010000E-03
+5.79980000E-03
+5.92490000E-03
+6.08810000E-03
+5.84050000E-03
+6.01040000E-03
+5.72600000E-03
+5.84410000E-03
+5.87050000E-03
+5.72390000E-03
+6.11130000E-03
+5.96940000E-03
+5.98960000E-03
+5.78510000E-03
+5.68730000E-03
+6.16430000E-03
+5.93160000E-03
+6.06160000E-03
+6.13210000E-03
+5.81610000E-03
+6.08620000E-03
+5.78650000E-03
+5.87360000E-03
+5.95340000E-03
+5.85550000E-03
+6.04540000E-03
+5.96010000E-03
+5.94410000E-03
+5.78600000E-03
+5.91350000E-03
+5.91090000E-03
+6.15590000E-03
+6.00780000E-03
+6.08540000E-03
+5.90470000E-03
+5.95390000E-03
+5.45930000E-03
+5.76690000E-03
+5.80630000E-03
+6.05230000E-03
+6.08050000E-03
+5.76970000E-03
+0.00000000E+00
+0.00000000E+00
+5.75710000E-03
+5.68980000E-03
+5.81920000E-03
+5.85610000E-03
+5.92180000E-03
+5.84980000E-03
+6.17140000E-03
+6.19110000E-03
+6.08860000E-03
+6.14810000E-03
+5.90680000E-03
+5.79590000E-03
+5.79230000E-03
+5.79640000E-03
+5.92390000E-03
+5.83630000E-03
+5.83220000E-03
+6.15230000E-03
+5.81790000E-03
+6.00050000E-03
+5.88500000E-03
+6.05490000E-03
+5.88090000E-03
+5.84670000E-03
+6.09220000E-03
+5.90160000E-03
+5.56030000E-03
+5.69800000E-03
+6.08490000E-03
+6.10770000E-03
+6.18710000E-03
+5.66390000E-03
+6.01810000E-03
+6.01600000E-03
+5.73270000E-03
+6.02230000E-03
+6.03930000E-03
+6.10050000E-03
+5.80730000E-03
+5.78560000E-03
+6.00040000E-03
+5.98390000E-03
+6.02170000E-03
+5.61770000E-03
+5.70410000E-03
+5.70460000E-03
+5.98580000E-03
+5.84760000E-03
+6.10820000E-03
+5.75540000E-03
+5.81150000E-03
+6.06210000E-03
+6.02740000E-03
+6.05180000E-03
+5.89340000E-03
+6.12530000E-03
+5.85910000E-03
+6.16680000E-03
+5.83690000E-03
+5.88830000E-03
+5.50470000E-03
+5.85780000E-03
+6.12120000E-03
+6.01550000E-03
+5.88350000E-03
+6.10530000E-03
+5.75030000E-03
+5.85810000E-03
+5.87460000E-03
+6.10820000E-03
+5.80270000E-03
+6.18490000E-03
+6.00670000E-03
+5.87200000E-03
+5.72340000E-03
+5.89120000E-03
+6.02900000E-03
+5.74780000E-03
+5.87630000E-03
+6.07250000E-03
+5.93890000E-03
+5.63140000E-03
+5.88760000E-03
+5.82440000E-03
+6.01030000E-03
+6.15230000E-03
+5.99070000E-03
+5.91920000E-03
+5.79790000E-03
+5.91450000E-03
+5.96480000E-03
+5.84670000E-03
+5.88360000E-03
+6.11660000E-03
+5.81770000E-03
+6.27970000E-03
+6.15170000E-03
+5.79440000E-03
+5.89330000E-03
+6.13210000E-03
+5.78920000E-03
+5.78960000E-03
+5.97100000E-03
+5.72080000E-03
+5.86720000E-03
+6.02070000E-03
+6.08370000E-03
+6.08060000E-03
+5.91870000E-03
+5.91340000E-03
+6.15280000E-03
+6.06780000E-03
+5.84860000E-03
+5.83630000E-03
+5.79130000E-03
+6.06840000E-03
+6.16930000E-03
+5.65180000E-03
+6.08710000E-03
+5.75140000E-03
+5.72500000E-03
+6.07040000E-03
+5.95540000E-03
+5.74440000E-03
+5.93270000E-03
+5.91710000E-03
+5.93730000E-03
+5.67890000E-03
+6.13390000E-03
+6.17190000E-03
+6.08960000E-03
+6.08960000E-03
+6.05120000E-03
+5.88500000E-03
+5.85290000E-03
+5.81510000E-03
+6.08290000E-03
+5.98030000E-03
+6.06970000E-03
+6.12330000E-03
+6.06940000E-03
+6.15740000E-03
+5.76740000E-03
+6.13000000E-03
+5.82370000E-03
+5.89480000E-03
+5.82770000E-03
+5.85340000E-03
+6.07460000E-03
+5.87660000E-03
+5.87080000E-03
+5.99640000E-03
+6.04520000E-03
+6.03420000E-03
+5.99900000E-03
+6.08030000E-03
+6.07230000E-03
+6.07150000E-03
+5.75290000E-03
+5.99270000E-03
+6.08180000E-03
+6.07770000E-03
+5.77170000E-03
+5.81200000E-03
+5.93990000E-03
+5.71310000E-03
+5.69880000E-03
+5.69860000E-03
+5.99690000E-03
+6.09110000E-03
+6.07400000E-03
+6.04610000E-03
+5.68560000E-03
+6.06890000E-03
+6.05100000E-03
+5.86070000E-03
+5.50380000E-03
+6.07110000E-03
+5.81350000E-03
+5.91450000E-03
+5.94200000E-03
+5.90680000E-03
+5.69680000E-03
+5.69740000E-03
+6.12840000E-03
+5.64130000E-03
+6.15230000E-03
+6.14600000E-03
+5.93780000E-03
+6.09940000E-03
+6.09480000E-03
+5.76090000E-03
+5.71310000E-03
+5.71580000E-03
+5.77580000E-03
+6.08800000E-03
+6.00720000E-03
+6.09680000E-03
+5.83370000E-03
+5.73070000E-03
+5.84990000E-03
+5.95650000E-03
+6.08130000E-03
+5.81560000E-03
+5.83790000E-03
+5.71670000E-03
+6.05230000E-03
+5.88500000E-03
+6.03620000E-03
+5.83270000E-03
+6.00260000E-03
+5.88090000E-03
+5.77990000E-03
+5.77420000E-03
+6.19320000E-03
+6.01350000E-03
+6.06160000E-03
+6.12580000E-03
+5.59080000E-03
+5.59100000E-03
+6.11860000E-03
+5.81870000E-03
+5.72150000E-03
+5.86560000E-03
+6.19910000E-03
+5.68750000E-03
+6.04970000E-03
+5.91710000E-03
+5.88190000E-03
+6.00000000E-03
+6.10150000E-03
+6.06470000E-03
+5.90730000E-03
+5.85290000E-03
+6.09830000E-03
+5.80210000E-03
+5.74360000E-03
+5.60020000E-03
+5.97760000E-03
+6.05230000E-03
+6.02530000E-03
+5.86010000E-03
+6.14860000E-03
+6.10360000E-03
+5.85680000E-03
+5.91610000E-03
+6.13260000E-03
+5.97980000E-03
+6.15310000E-03
+6.15540000E-03
+6.07460000E-03
+6.09850000E-03
+5.79230000E-03
+5.82800000E-03
+6.03880000E-03
+5.98390000E-03
+5.87760000E-03
+6.12790000E-03
+5.95230000E-03
+6.05970000E-03
+6.12890000E-03
+5.82960000E-03
+5.85830000E-03
+6.03590000E-03
+6.08750000E-03
+6.20670000E-03
+5.88290000E-03
+5.86650000E-03
+6.01450000E-03
+5.94060000E-03
+5.81090000E-03
+6.02590000E-03
+5.90110000E-03
+5.82390000E-03
+5.85130000E-03
+6.11810000E-03
+5.92180000E-03
+6.18750000E-03
+6.14030000E-03
+5.84440000E-03
+5.81250000E-03
+6.09270000E-03
+6.09310000E-03
+6.14530000E-03
+5.78040000E-03
+6.07610000E-03
+6.00050000E-03
+5.81920000E-03
+5.89590000E-03
+6.02950000E-03
+5.83630000E-03
+5.95030000E-03
+6.12840000E-03
+5.85690000E-03
+6.16110000E-03
+5.81560000E-03
+5.81770000E-03
+6.13710000E-03
+6.02770000E-03
+5.87930000E-03
+5.77160000E-03
+5.98860000E-03
+6.03340000E-03
+6.03400000E-03
+6.09110000E-03
+5.90880000E-03
+5.79180000E-03
+5.78820000E-03
+6.07720000E-03
+6.24190000E-03
+6.15800000E-03
+6.13570000E-03
+5.91330000E-03
+6.07460000E-03
+6.11040000E-03
+5.82120000E-03
+6.11670000E-03
+6.09320000E-03
+6.13600000E-03
+6.08440000E-03
+6.04500000E-03
+5.97200000E-03
+5.81770000E-03
+6.03470000E-03
+6.13260000E-03
+6.04140000E-03
+5.80010000E-03
+5.85240000E-03
+5.89640000E-03
+5.99530000E-03
+6.12790000E-03
+5.94970000E-03
+5.90660000E-03
+6.07460000E-03
+6.07510000E-03
+5.76640000E-03
+6.08960000E-03
+5.92310000E-03
+5.83740000E-03
+5.96990000E-03
+6.03990000E-03
+6.10980000E-03
+5.80580000E-03
+6.13620000E-03
+6.05900000E-03
+5.94820000E-03
+5.93320000E-03
+6.20920000E-03
+6.14350000E-03
+5.96740000E-03
+5.77370000E-03
+6.02590000E-03
+6.06190000E-03
+5.96790000E-03
+5.99530000E-03
+6.17250000E-03
+6.00410000E-03
+6.19060000E-03
+6.11030000E-03
+5.94930000E-03
+5.89070000E-03
+5.88970000E-03
+5.84460000E-03
+6.01240000E-03
+6.02210000E-03
+5.80420000E-03
+5.92900000E-03
+6.11860000E-03
+5.88860000E-03
+6.05440000E-03
+5.81770000E-03
+6.14140000E-03
+6.15020000E-03
+5.88240000E-03
+6.17300000E-03
+5.84670000E-03
+5.79180000E-03
+6.18440000E-03
+5.78750000E-03
+6.07660000E-03
+5.72390000E-03
+5.83680000E-03
+6.24600000E-03
+6.16260000E-03
+6.11570000E-03
+5.79700000E-03
+6.00210000E-03
+6.03000000E-03
+5.96530000E-03
+5.67860000E-03
+5.98390000E-03
+6.00480000E-03
+6.01120000E-03
+5.97880000E-03
+5.83990000E-03
+5.90330000E-03
+6.05310000E-03
+5.84720000E-03
+6.06370000E-03
+6.17040000E-03
+6.34910000E-03
+6.07960000E-03
+6.10250000E-03
+5.85130000E-03
+5.85160000E-03
+5.90780000E-03
+5.90680000E-03
+6.18280000E-03
+5.91550000E-03
+5.65350000E-03
+5.64060000E-03
+6.14240000E-03
+6.14240000E-03
+5.86640000E-03
+5.88750000E-03
+5.95490000E-03
+5.92330000E-03
+5.85520000E-03
+5.92590000E-03
+5.69860000E-03
+5.98130000E-03
+6.18900000E-03
+6.12740000E-03
+5.69960000E-03
+5.85080000E-03
+6.03260000E-03
+5.94350000E-03
+6.03160000E-03
+6.10530000E-03
+5.85840000E-03
+6.13050000E-03
+5.86480000E-03
+6.07300000E-03
+5.85240000E-03
+6.07200000E-03
+5.74780000E-03
+5.72670000E-03
+5.74880000E-03
+6.09420000E-03
+6.06010000E-03
+5.96790000E-03
+6.08490000E-03
+5.72700000E-03
+6.05490000E-03
+5.91190000E-03
+6.15690000E-03
+5.79190000E-03
+5.85030000E-03
+6.07870000E-03
+6.17660000E-03
+6.00410000E-03
+6.09740000E-03
+5.82720000E-03
+5.79490000E-03
+5.91970000E-03
+6.08700000E-03
+5.79960000E-03
+5.85600000E-03
+5.83220000E-03
+6.15240000E-03
+6.14030000E-03
+6.14710000E-03
+5.86740000E-03
+5.93160000E-03
+5.92130000E-03
+5.87030000E-03
+5.82140000E-03
+6.18490000E-03
+6.18750000E-03
+5.99070000E-03
+5.87520000E-03
+5.85960000E-03
+6.01290000E-03
+6.12580000E-03
+5.88660000E-03
+6.06210000E-03
+6.19470000E-03
+5.81300000E-03
+5.72490000E-03
+5.90520000E-03
+5.76740000E-03
+6.07510000E-03
+6.13670000E-03
+6.02260000E-03
+6.03990000E-03
+5.80060000E-03
+5.98960000E-03
+5.84880000E-03
+5.89020000E-03
+5.98730000E-03
+6.22370000E-03
+5.96010000E-03
+5.76700000E-03
+5.95440000E-03
+5.94660000E-03
+5.87830000E-03
+5.87970000E-03
+6.09580000E-03
+6.09940000E-03
+6.08490000E-03
+5.84560000E-03
+6.22170000E-03
+5.97360000E-03
+5.94090000E-03
+6.00440000E-03
+5.71000000E-03
+6.14400000E-03
+5.98700000E-03
+6.12070000E-03
+5.92330000E-03
+5.83220000E-03
+5.87720000E-03
+6.19110000E-03
+6.16180000E-03
+6.16110000E-03
+5.93330000E-03
+5.91450000E-03
+6.16110000E-03
+5.91190000E-03
+5.91240000E-03
+5.85260000E-03
+5.85410000E-03
+5.75030000E-03
+5.76120000E-03
+6.13520000E-03
+5.88840000E-03
+5.90420000E-03
+5.94970000E-03
+5.85240000E-03
+5.81350000E-03
+5.82610000E-03
+6.16730000E-03
+6.16650000E-03
+6.14860000E-03
+5.79640000E-03
+5.72100000E-03
+6.01860000E-03
+6.05800000E-03
+6.19010000E-03
+6.18280000E-03
+5.85080000E-03
+5.97770000E-03
+6.06860000E-03
+6.12440000E-03
+6.04760000E-03
+5.87100000E-03
+6.12380000E-03
+6.06270000E-03
+6.09680000E-03
+5.95590000E-03
+5.92180000E-03
+6.24130000E-03
+6.11550000E-03
+5.87940000E-03
+6.18480000E-03
+6.12330000E-03
+6.16160000E-03
+6.16110000E-03
+5.86640000E-03
+5.90160000E-03
+6.08490000E-03
+5.73800000E-03
+6.19080000E-03
+5.81510000E-03
+6.07460000E-03
+6.20170000E-03
+5.48410000E-03
+5.87830000E-03
+5.86740000E-03
+6.03110000E-03
+5.80270000E-03
+5.91820000E-03
+5.91760000E-03
+5.77660000E-03
+6.13870000E-03
+5.97380000E-03
+6.10880000E-03
+5.88550000E-03
+5.88240000E-03
+6.15950000E-03
+6.01060000E-03
+5.72390000E-03
+5.89900000E-03
+5.93060000E-03
+6.06630000E-03
+6.21080000E-03
+6.17190000E-03
+6.07990000E-03
+5.87720000E-03
+5.98340000E-03
+6.13260000E-03
+5.99270000E-03
+6.01600000E-03
+5.79620000E-03
+6.04140000E-03
+5.97880000E-03
+6.08700000E-03
+6.20340000E-03
+5.87830000E-03
+6.28800000E-03
+5.87520000E-03
+6.12790000E-03
+6.25270000E-03
+6.16780000E-03
+6.12220000E-03
+5.62040000E-03
+5.91250000E-03
+5.95910000E-03
+5.97560000E-03
+6.09530000E-03
+5.89950000E-03
+6.09940000E-03
+6.03360000E-03
+6.23250000E-03
+6.11980000E-03
+5.94890000E-03
+6.18540000E-03
+5.81060000E-03
+6.11310000E-03
+6.02690000E-03
+6.46350000E-03
+6.00980000E-03
+5.98600000E-03
+5.72080000E-03
+6.14660000E-03
+6.15870000E-03
+5.92050000E-03
+5.96470000E-03
+6.12120000E-03
+6.21130000E-03
+6.22110000E-03
+6.19990000E-03
+5.60950000E-03
+6.02950000E-03
+6.05900000E-03
+6.10720000E-03
+5.91040000E-03
+6.16470000E-03
+5.83790000E-03
+6.17040000E-03
+5.54370000E-03
+5.99070000E-03
+5.62750000E-03
+6.06630000E-03
+5.91970000E-03
+5.84770000E-03
+6.26200000E-03
+5.90000000E-03
+6.23250000E-03
+6.10620000E-03
+6.01760000E-03
+6.07920000E-03
+5.94920000E-03
+6.17190000E-03
+6.14910000E-03
+6.11830000E-03
+6.14290000E-03
+5.91500000E-03
+5.92070000E-03
+6.18640000E-03
+5.90990000E-03
+6.14030000E-03
+6.25220000E-03
+5.67420000E-03
+6.25480000E-03
+5.91710000E-03
+5.98130000E-03
+6.07540000E-03
+5.90100000E-03
+6.19060000E-03
+6.23870000E-03
+6.09370000E-03
+6.15130000E-03
+5.64780000E-03
+5.83380000E-03
+5.91400000E-03
+5.90060000E-03
+5.87620000E-03
+6.09950000E-03
+5.96060000E-03
+6.17570000E-03
+5.90420000E-03
+6.20770000E-03
+6.01030000E-03
+5.97560000E-03
+6.02200000E-03
+6.06120000E-03
+6.14550000E-03
+5.94090000E-03
+6.13000000E-03
+5.94090000E-03
+6.19280000E-03
+6.22680000E-03
+6.01910000E-03
+5.81510000E-03
+5.90620000E-03
+6.08750000E-03
+6.09240000E-03
+5.71280000E-03
+6.15690000E-03
+6.12310000E-03
+6.12890000E-03
+5.80520000E-03
+5.96530000E-03
+6.05440000E-03
+5.83480000E-03
+6.22430000E-03
+6.07920000E-03
+6.09740000E-03
+6.09790000E-03
+6.20530000E-03
+5.95960000E-03
+6.22840000E-03
+5.84050000E-03
+6.22010000E-03
+6.23050000E-03
+6.26570000E-03
+5.92950000E-03
+5.81980000E-03
+6.15170000E-03
+6.24500000E-03
+6.15020000E-03
+6.20610000E-03
+6.02800000E-03
+6.16780000E-03
+6.14970000E-03
+6.18330000E-03
+5.93910000E-03
+5.71770000E-03
+5.90210000E-03
+6.14290000E-03
+6.23100000E-03
+5.95440000E-03
+5.76740000E-03
+6.36510000E-03
+5.97980000E-03
+6.12270000E-03
+5.94730000E-03
+6.30040000E-03
+6.25690000E-03
+6.14190000E-03
+5.91040000E-03
+6.24080000E-03
+5.89230000E-03
+5.90870000E-03
+6.32010000E-03
+6.09480000E-03
+6.06210000E-03
+5.94570000E-03
+6.03160000E-03
+6.02170000E-03
+5.90500000E-03
+6.09480000E-03
+5.69230000E-03
+6.12790000E-03
+5.98860000E-03
+6.00100000E-03
+6.20610000E-03
+6.11240000E-03
+6.04870000E-03
+6.17510000E-03
+6.12340000E-03
+6.15540000E-03
+5.54370000E-03
+5.87520000E-03
+5.96630000E-03
+5.99750000E-03
+6.26770000E-03
+6.10410000E-03
+6.10470000E-03
+5.79640000E-03
+6.24280000E-03
+6.04820000E-03
+5.80750000E-03
+6.14760000E-03
+6.14840000E-03
+5.86690000E-03
+5.89230000E-03
+6.16780000E-03
+6.13450000E-03
2021/08/28,18:57:07
