2021/08/29,18:21:20
-1.20000000E-08
-1.00000000E-08
-1.30000000E-08
-1.20000000E-08
-1.00000000E-08
-2.00000000E-09
-8.00000000E-09
+0.00000000E+00
+5.64251000E-03
+5.65551000E-03
+5.65976000E-03
+5.64992000E-03
+5.65191000E-03
+5.69067000E-03
+5.64896000E-03
+5.65392000E-03
+5.65575000E-03
+5.64841000E-03
+5.65390000E-03
+6.01496000E-03
+5.63260000E-03
+5.73055000E-03
+5.64927000E-03
+5.65207000E-03
+5.77556000E-03
+5.72408000E-03
+5.62204000E-03
+5.64705000E-03
+5.65053000E-03
+5.52001000E-03
+5.52573000E-03
+5.53581000E-03
+5.68828000E-03
+5.81864000E-03
+5.53459000E-03
+5.65357000E-03
+5.65056000E-03
+5.54106000E-03
+5.62689000E-03
+5.65096000E-03
+5.65147000E-03
+5.90412000E-03
+5.56928000E-03
+5.65161000E-03
+5.64878000E-03
+5.89170000E-03
+5.85439000E-03
+5.63814000E-03
+5.64782000E-03
+5.64873000E-03
+5.65889000E-03
+5.82168000E-03
+5.56322000E-03
+5.64142000E-03
+5.91689000E-03
+5.67032000E-03
+5.54922000E-03
+5.64473000E-03
+5.64677000E-03
+5.78693000E-03
+5.76396000E-03
+5.64659000E-03
+5.65048000E-03
+5.82943000E-03
+5.64898000E-03
+5.64893000E-03
+5.72501000E-03
+5.72500000E-03
+5.64676000E-03
+5.65885000E-03
+5.55599000E-03
+5.65236000E-03
+5.65234000E-03
+5.65653000E-03
+5.91024000E-03
+5.65866000E-03
+5.66070000E-03
+5.65504000E-03
+5.66017000E-03
+5.68356000E-03
+5.66601000E-03
+5.56060000E-03
+5.66705000E-03
+5.67604000E-03
+5.86955000E-03
+5.62074000E-03
+5.66790000E-03
+5.69499000E-03
+5.67063000E-03
+5.86832000E-03
+5.66793000E-03
+5.60648000E-03
+5.66631000E-03
+5.87625000E-03
+5.76821000E-03
+5.66843000E-03
+5.66662000E-03
+5.66099000E-03
+5.67732000E-03
+5.65790000E-03
+5.66245000E-03
+5.66240000E-03
+5.65931000E-03
+5.77539000E-03
+5.66484000E-03
+5.65819000E-03
+5.65197000E-03
+5.71691000E-03
+5.91182000E-03
+5.65914000E-03
+5.65779000E-03
+5.80320000E-03
+5.64513000E-03
+5.56666000E-03
+5.65831000E-03
+5.92010000E-03
+5.68810000E-03
+5.65954000E-03
+5.65586000E-03
+5.65805000E-03
+5.85841000E-03
+5.59674000E-03
+5.66204000E-03
+5.65539000E-03
+5.79310000E-03
+5.78341000E-03
+5.66024000E-03
+5.65493000E-03
+5.65883000E-03
+5.64443000E-03
+5.65271000E-03
+5.65196000E-03
+5.65289000E-03
+5.65289000E-03
+5.79305000E-03
+5.65330000E-03
+5.65301000E-03
+5.65719000E-03
+5.82046000E-03
+5.65779000E-03
+5.66292000E-03
+5.64846000E-03
+5.64859000E-03
+5.57190000E-03
+5.60240000E-03
+5.65220000E-03
+5.85013000E-03
+5.77265000E-03
+5.64863000E-03
+5.64712000E-03
+5.65006000E-03
+5.76100000E-03
+5.54287000E-03
+5.65602000E-03
+5.64234000E-03
+5.85410000E-03
+5.68105000E-03
+5.64846000E-03
+5.65615000E-03
+5.59289000E-03
+5.85280000E-03
+5.65172000E-03
+5.65295000E-03
+5.65413000E-03
+5.94692000E-03
+5.81159000E-03
+5.65819000E-03
+5.65166000E-03
+5.65091000E-03
+5.65070000E-03
+5.93998000E-03
+5.65583000E-03
+5.65231000E-03
+5.65318000E-03
+5.62578000E-03
+5.65330000E-03
+5.65166000E-03
+5.65548000E-03
+5.85573000E-03
+5.61295000E-03
+5.65330000E-03
+5.65603000E-03
+5.77195000E-03
+5.75959000E-03
+5.65505000E-03
+5.65597000E-03
+5.88634000E-03
+5.65589000E-03
+5.65505000E-03
+5.65790000E-03
+5.65330000E-03
+5.71527000E-03
+5.64035000E-03
+5.65388000E-03
+5.65787000E-03
+5.65522000E-03
+5.85899000E-03
+5.57255000E-03
+5.56771000E-03
+5.66793000E-03
+5.90435000E-03
+5.65774000E-03
+5.81014000E-03
+5.74635000E-03
+5.65656000E-03
+5.82973000E-03
+5.72670000E-03
+5.66962000E-03
+5.65656000E-03
+5.66114000E-03
+5.61575000E-03
+5.65767000E-03
+5.68816000E-03
+5.65703000E-03
+5.68962000E-03
+5.85993000E-03
+5.65948000E-03
+5.65755000E-03
+5.95146000E-03
+5.66630000E-03
+5.60030000E-03
+5.65994000E-03
+5.65832000E-03
+5.93858000E-03
+5.59680000E-03
+5.65732000E-03
+5.66041000E-03
+5.64309000E-03
+5.63627000E-03
+5.65736000E-03
+5.65971000E-03
+5.80809000E-03
+5.66251000E-03
+5.66251000E-03
+5.65942000E-03
+5.66075000E-03
+5.65977000E-03
+5.95403000E-03
+5.66467000E-03
+5.58380000E-03
+5.66105000E-03
+5.62636000E-03
+5.82728000E-03
+5.65948000E-03
+5.65843000E-03
+5.65974000E-03
+5.87759000E-03
+5.74419000E-03
+5.63073000E-03
+5.66338000E-03
+5.66279000E-03
+5.66699000E-03
+5.58823000E-03
+5.66146000E-03
+5.66165000E-03
+5.86383000E-03
+5.67691000E-03
+5.66029000E-03
+5.66626000E-03
+5.66425000E-03
+5.87316000E-03
+5.60263000E-03
+5.66221000E-03
+5.66036000E-03
+5.71953000E-03
+5.65936000E-03
+5.65939000E-03
+5.66249000E-03
+5.79259000E-03
+5.75670000E-03
+5.67032000E-03
+5.66298000E-03
+5.71568000E-03
+5.80565000E-03
+5.66047000E-03
+5.66472000E-03
+5.66281000E-03
+5.57144000E-03
+5.62181000E-03
+5.66577000E-03
+5.66099000E-03
+5.79941000E-03
+5.71172000E-03
+5.66647000E-03
+5.66525000E-03
+5.88564000E-03
+5.66345000E-03
+5.63551000E-03
+5.66577000E-03
+5.66162000E-03
+5.66257000E-03
+5.71656000E-03
+5.75830000E-03
+5.66303000E-03
+5.66455000E-03
+5.70472000E-03
+5.66461000E-03
+5.66601000E-03
+5.66518000E-03
+5.75148000E-03
+5.76810000E-03
+5.65807000E-03
+5.66929000E-03
+5.66126000E-03
+5.68665000E-03
+5.66724000E-03
+5.65969000E-03
+5.67732000E-03
+5.83556000E-03
+5.57878000E-03
+5.66960000E-03
+5.74734000E-03
+5.78308000E-03
+5.56724000E-03
+5.66502000E-03
+5.66029000E-03
+5.66196000E-03
+5.91199000E-03
+5.69510000E-03
+5.66933000E-03
+5.66751000E-03
+5.66158000E-03
+5.66467000E-03
+5.67992000E-03
+5.66665000E-03
+5.66251000E-03
+5.66432000E-03
+5.72829000E-03
+5.58013000E-03
+5.66331000E-03
+5.66064000E-03
+5.87800000E-03
+5.54089000E-03
+5.66921000E-03
+5.66883000E-03
+5.66257000E-03
+5.66607000E-03
+5.80955000E-03
+5.79247000E-03
+5.66292000E-03
+5.77224000E-03
+5.75708000E-03
+5.54555000E-03
+5.66183000E-03
+5.86984000E-03
+5.66020000E-03
+5.66333000E-03
+5.67091000E-03
+5.65820000E-03
+5.83641000E-03
+5.66134000E-03
+5.66000000E-03
+5.78973000E-03
+5.85194000E-03
+5.66671000E-03
+5.65849000E-03
+5.66423000E-03
+5.73626000E-03
+5.87590000E-03
+5.66432000E-03
+5.66000000E-03
+5.94120000E-03
+5.53920000E-03
+5.65376000E-03
+5.67359000E-03
+5.66373000E-03
+5.67102000E-03
+5.89421000E-03
+5.66437000E-03
+5.85491000E-03
+5.66542000E-03
+5.66080000E-03
+5.68706000E-03
+5.65994000E-03
+5.65841000E-03
+5.66368000E-03
+5.87100000E-03
+5.66064000E-03
+5.72472000E-03
+5.66542000E-03
+5.65854000E-03
+5.78856000E-03
+5.57249000E-03
+5.66811000E-03
+5.66064000E-03
+5.71014000E-03
+5.83165000E-03
+5.65691000E-03
+5.66105000E-03
+5.66043000E-03
+5.72868000E-03
+5.92272000E-03
+5.66018000E-03
+5.65913000E-03
+5.89065000E-03
+5.53267000E-03
+5.94464000E-03
+5.66329000E-03
+5.56433000E-03
+5.56430000E-03
+5.65790000E-03
+5.65832000E-03
+5.65528000E-03
+5.87765000E-03
+5.65884000E-03
+5.65423000E-03
+5.65385000E-03
+5.64735000E-03
+5.58875000E-03
+5.65685000E-03
+5.58916000E-03
+5.84471000E-03
+5.69353000E-03
+5.65843000E-03
+5.66005000E-03
+5.82255000E-03
+5.59657000E-03
+5.66816000E-03
+5.65783000E-03
+5.73242000E-03
+5.91322000E-03
+5.66012000E-03
+5.66222000E-03
+5.65870000E-03
+5.87753000E-03
+5.54568000E-03
+5.64875000E-03
+5.66245000E-03
+5.62310000E-03
+5.86990000E-03
+5.66286000E-03
+5.65744000E-03
+5.65747000E-03
+5.62724000E-03
+5.65814000E-03
+5.65954000E-03
+5.66266000E-03
+5.74722000E-03
+5.66158000E-03
+5.66408000E-03
+5.66018000E-03
+5.82360000E-03
+5.82369000E-03
+5.69335000E-03
+5.66134000E-03
+5.67067000E-03
+5.65848000E-03
+5.73469000E-03
+5.92393000E-03
+5.70740000E-03
+5.66238000E-03
+5.83754000E-03
+5.67032000E-03
+5.66461000E-03
+5.65953000E-03
+5.66065000E-03
+5.67732000E-03
+5.77480000E-03
+5.59254000E-03
+5.66373000E-03
+5.77282000E-03
+5.84086000E-03
+5.65843000E-03
+5.65951000E-03
+5.81894000E-03
+5.71801000E-03
+5.57908000E-03
+5.66245000E-03
+5.61348000E-03
+5.65903000E-03
+5.83386000E-03
+5.76762000E-03
+5.57878000E-03
+5.66053000E-03
+5.84832000E-03
+5.64111000E-03
+5.66437000E-03
+5.58415000E-03
+5.66009000E-03
+5.66242000E-03
+5.88202000E-03
+5.64379000E-03
+5.66299000E-03
+5.66324000E-03
+5.78028000E-03
+5.62415000E-03
+5.66537000E-03
+5.66232000E-03
+5.79498000E-03
+5.85200000E-03
+5.66612000E-03
+5.66163000E-03
+5.87544000E-03
+5.74111000E-03
+5.66408000E-03
+5.67658000E-03
+5.68939000E-03
+5.94061000E-03
+5.66711000E-03
+5.66707000E-03
+5.66449000E-03
+5.66378000E-03
+5.80646000E-03
+5.66484000E-03
+5.66193000E-03
+5.66954000E-03
+5.71714000E-03
+5.80757000E-03
+5.66258000E-03
+5.66119000E-03
+5.84815000E-03
+5.71014000E-03
+5.66362000E-03
+5.66611000E-03
+5.66355000E-03
+5.77940000E-03
+5.78617000E-03
+5.66639000E-03
+5.76617000E-03
+5.87788000E-03
+5.61808000E-03
+5.66449000E-03
+5.66538000E-03
+5.71784000E-03
+5.66892000E-03
+5.66513000E-03
+5.66647000E-03
+5.95974000E-03
+5.59254000E-03
+5.67825000E-03
+5.66536000E-03
+5.94925000E-03
+5.57599000E-03
+5.86086000E-03
+5.56596000E-03
+5.66854000E-03
+5.89491000E-03
+5.63056000E-03
+5.66677000E-03
+5.66540000E-03
+5.67272000E-03
+5.87940000E-03
+5.68137000E-03
+5.66325000E-03
+5.81445000E-03
+5.84873000E-03
+5.54386000E-03
+5.66414000E-03
+5.67061000E-03
+5.66818000E-03
+5.58858000E-03
+5.65108000E-03
+5.66852000E-03
+5.67323000E-03
+5.75504000E-03
+5.66618000E-03
+5.59574000E-03
+5.67131000E-03
+5.80815000E-03
+5.81713000E-03
+5.67072000E-03
+5.66986000E-03
+5.78635000E-03
+5.78075000E-03
+5.66951000E-03
+5.60071000E-03
+5.66881000E-03
+5.81801000E-03
+5.61039000E-03
+5.61248000E-03
+5.53955000E-03
+5.66840000E-03
+5.65534000E-03
+5.85684000E-03
+5.66962000E-03
+5.66608000E-03
+5.91584000E-03
+5.67302000E-03
+5.66688000E-03
+5.67317000E-03
+5.67047000E-03
+5.54829000E-03
+5.61307000E-03
+5.66933000E-03
+5.66929000E-03
+5.74472000E-03
+5.66898000E-03
+5.66952000E-03
+5.67081000E-03
+5.80582000E-03
+5.72511000E-03
+5.67878000E-03
+5.66857000E-03
+5.66808000E-03
+5.66892000E-03
+5.64782000E-03
+5.67003000E-03
+5.83287000E-03
+5.70473000E-03
+5.87139000E-03
+5.67061000E-03
+5.66815000E-03
+5.96452000E-03
+5.62403000E-03
+5.66869000E-03
+5.66904000E-03
+5.66921000E-03
+5.67200000E-03
+5.95246000E-03
+5.66956000E-03
+5.67096000E-03
+5.71883000E-03
+5.70029000E-03
+5.94616000E-03
+5.67056000E-03
+5.67310000E-03
+5.67203000E-03
+5.69230000E-03
+5.97111000E-03
+5.67032000E-03
+5.67277000E-03
+5.70344000E-03
+5.90441000E-03
+5.61050000E-03
+5.62945000E-03
+5.67340000E-03
+5.67254000E-03
+5.67907000E-03
+5.68146000E-03
+5.67184000E-03
+5.87462000E-03
+5.71726000E-03
+5.62257000E-03
+5.67091000E-03
+5.67369000E-03
+5.67729000E-03
+5.69242000E-03
+5.57196000E-03
+5.67260000E-03
+5.67979000E-03
+5.67102000E-03
+5.92460000E-03
+5.72157000E-03
+5.62292000E-03
+5.67324000E-03
+5.67441000E-03
+5.54794000E-03
+5.67528000E-03
+5.67306000E-03
+5.83282000E-03
+5.80022000E-03
+5.67761000E-03
+5.68393000E-03
+5.67606000E-03
+5.59983000E-03
+5.67674000E-03
+5.67528000E-03
+5.72688000E-03
+5.79987000E-03
+5.61210000E-03
+5.67298000E-03
+5.67237000E-03
+5.80722000E-03
+5.82728000E-03
+5.56502000E-03
+5.67236000E-03
+5.67324000E-03
+5.77492000E-03
+5.74116000E-03
+5.76501000E-03
+5.67516000E-03
+5.71755000E-03
+5.89310000E-03
+5.74822000E-03
+5.61639000E-03
+5.67539000E-03
+5.67400000E-03
+5.67405000E-03
+5.64362000E-03
+5.94639000E-03
+5.68277000E-03
+5.67582000E-03
+5.95735000E-03
+5.63703000E-03
+5.58875000E-03
+5.67743000E-03
+5.88972000E-03
+5.75743000E-03
+5.67679000E-03
+5.67611000E-03
+5.67677000E-03
+5.68542000E-03
+5.86051000E-03
+5.60461000E-03
+5.67423000E-03
+5.67674000E-03
+5.67612000E-03
+5.65942000E-03
+5.57103000E-03
+5.76231000E-03
+5.90465000E-03
+5.73219000E-03
+5.67773000E-03
+5.68220000E-03
+5.69621000E-03
+5.63254000E-03
+5.67889000E-03
+5.67889000E-03
+5.67864000E-03
+5.81591000E-03
+5.76314000E-03
+5.67959000E-03
+5.67750000E-03
+5.88552000E-03
+5.76081000E-03
+5.68601000E-03
+5.67901000E-03
+5.72670000E-03
+5.94289000E-03
+5.72151000E-03
+5.67604000E-03
+5.67637000E-03
+5.63726000E-03
+5.61581000E-03
+5.67848000E-03
+5.67631000E-03
+5.97514000E-03
+5.62490000E-03
+5.67994000E-03
+5.68020000E-03
+5.63103000E-03
+5.63097000E-03
+5.56030000E-03
+5.62409000E-03
+5.67831000E-03
+5.67805000E-03
+5.67848000E-03
+5.68999000E-03
+5.68175000E-03
+5.68064000E-03
+5.71143000E-03
+5.76909000E-03
+5.67883000E-03
+5.69119000E-03
+5.76746000E-03
+5.85415000E-03
+5.63362000E-03
+5.68032000E-03
+5.67838000E-03
+5.72618000E-03
+5.64496000E-03
+5.62268000E-03
+5.67976000E-03
+5.93082000E-03
+5.57855000E-03
+5.68012000E-03
+5.68139000E-03
+5.69178000E-03
+5.96331000E-03
+5.58118000E-03
+5.68535000E-03
+5.67995000E-03
+5.64624000E-03
+5.62280000E-03
+5.68117000E-03
+5.68573000E-03
+5.68579000E-03
+5.55039000E-03
+5.68058000E-03
+5.67907000E-03
+5.79783000E-03
+5.69813000E-03
+5.58141000E-03
+5.68152000E-03
+5.68210000E-03
+5.77084000E-03
+5.85567000E-03
+5.68140000E-03
+5.68146000E-03
+5.73364000E-03
+5.95514000E-03
+5.55745000E-03
+5.61435000E-03
+5.60689000E-03
+5.70565000E-03
+5.68507000E-03
+5.61586000E-03
+5.68536000E-03
+5.68501000E-03
+5.70810000E-03
+5.68198000E-03
+5.68457000E-03
+5.70350000E-03
+5.86302000E-03
+5.68385000E-03
+5.68560000E-03
+5.71527000E-03
+5.97901000E-03
+5.70466000E-03
+5.68671000E-03
+5.68315000E-03
+5.68490000E-03
+5.64508000E-03
+5.68303000E-03
+5.68274000E-03
+5.68474000E-03
+5.85415000E-03
+5.68915000E-03
+5.68466000E-03
+5.68099000E-03
+5.90914000E-03
+5.76145000E-03
+5.62100000E-03
+5.68840000E-03
+5.68371000E-03
+5.68547000E-03
+5.86716000E-03
+5.57150000E-03
+5.68546000E-03
+5.96785000E-03
+5.68379000E-03
+5.61021000E-03
+5.68531000E-03
+5.68449000E-03
+5.90564000E-03
+5.68821000E-03
+5.69430000E-03
+5.69213000E-03
+5.68268000E-03
+5.63686000E-03
+5.57243000E-03
+5.71976000E-03
+5.81188000E-03
+5.89332000E-03
+5.70356000E-03
+5.68391000E-03
+5.68488000E-03
+5.76145000E-03
+5.61324000E-03
+5.68707000E-03
+5.68636000E-03
+5.91263000E-03
+5.62578000E-03
+5.68257000E-03
+5.68689000E-03
+5.67767000E-03
+5.89088000E-03
+5.68449000E-03
+5.68294000E-03
+5.96470000E-03
+5.59884000E-03
+5.68612000E-03
+5.68461000E-03
+5.74664000E-03
+5.81107000E-03
+5.68746000E-03
+5.68972000E-03
+5.69901000E-03
+5.98308000E-03
+5.69937000E-03
+5.68741000E-03
+5.66537000E-03
+5.97782000E-03
+5.70442000E-03
+5.68717000E-03
+5.68571000E-03
+5.68574000E-03
+5.68633000E-03
+5.68655000E-03
+5.89712000E-03
+5.68746000E-03
+5.62228000E-03
+5.68531000E-03
+5.68659000E-03
+5.68692000E-03
+5.68554000E-03
+5.68552000E-03
+5.68612000E-03
+5.68596000E-03
+5.70647000E-03
+5.68571000E-03
+5.68478000E-03
+5.64470000E-03
+5.68448000E-03
+5.73708000E-03
+5.67359000E-03
+5.68816000E-03
+5.68704000E-03
+5.85868000E-03
+5.80638000E-03
+5.68729000E-03
+5.68554000E-03
+5.83258000E-03
+5.81544000E-03
+5.76740000E-03
+5.68280000E-03
+5.68641000E-03
+5.73819000E-03
+5.57931000E-03
+5.69708000E-03
+5.68448000E-03
+5.68452000E-03
+5.90226000E-03
+5.79255000E-03
+5.69147000E-03
+5.69003000E-03
+5.68808000E-03
+5.84232000E-03
+5.66781000E-03
+5.68816000E-03
+5.79387000E-03
+5.88465000E-03
+5.87200000E-03
+5.60584000E-03
+5.68898000E-03
+5.68892000E-03
+5.75299000E-03
+5.80949000E-03
+5.69195000E-03
+5.71492000E-03
+5.97286000E-03
+5.55797000E-03
+5.67994000E-03
+5.77760000E-03
+5.68815000E-03
+5.80808000E-03
+5.68857000E-03
+5.68880000E-03
+5.72355000E-03
+5.80226000E-03
+5.68985000E-03
+5.69189000E-03
+5.68898000E-03
+5.69749000E-03
+5.68671000E-03
+5.69580000E-03
+5.68810000E-03
+5.69848000E-03
+5.90482000E-03
+5.65726000E-03
+5.69916000E-03
+5.69012000E-03
+5.69609000E-03
+5.66834000E-03
+5.81191000E-03
+5.69030000E-03
+5.72355000E-03
+5.86290000E-03
+5.69498000E-03
+5.70010000E-03
+5.90307000E-03
+5.65099000E-03
+5.68980000E-03
+5.69031000E-03
+5.68967000E-03
+5.90546000E-03
+5.61383000E-03
+5.68892000E-03
+5.92686000E-03
+5.69127000E-03
+5.63103000E-03
+5.69213000E-03
+5.69050000E-03
+5.83789000E-03
+5.75813000E-03
+5.76909000E-03
+5.69644000E-03
+5.69125000E-03
+5.68204000E-03
+5.69382000E-03
+5.69860000E-03
+5.69154000E-03
+5.84996000E-03
+5.69020000E-03
+5.57593000E-03
+5.96767000E-03
+5.69924000E-03
+5.97442000E-03
+5.68723000E-03
+5.68921000E-03
+5.70828000E-03
+5.98884000E-03
+5.69119000E-03
+5.69020000E-03
+5.69429000E-03
+5.90400000E-03
+5.68332000E-03
+5.69446000E-03
+5.68985000E-03
+5.69571000E-03
+5.87030000E-03
+5.66298000E-03
+5.69084000E-03
+5.84984000E-03
+5.82739000E-03
+5.57803000E-03
+5.69362000E-03
+5.69087000E-03
+5.77099000E-03
+5.69854000E-03
+5.75754000E-03
+5.69284000E-03
+5.69283000E-03
+5.94388000E-03
+5.63942000E-03
+5.69219000E-03
+5.69205000E-03
+5.70752000E-03
+5.95041000E-03
+5.69280000E-03
+5.70227000E-03
+5.69430000E-03
+5.64952000E-03
+5.69277000E-03
+5.69114000E-03
+5.75813000E-03
+5.95141000E-03
+5.56567000E-03
+5.69355000E-03
+5.69561000E-03
+5.78326000E-03
+5.69533000E-03
+5.69411000E-03
+5.69560000E-03
+5.84867000E-03
+5.81909000E-03
+5.69615000E-03
+5.69432000E-03
+5.90844000E-03
+5.65394000E-03
+5.69633000E-03
+5.69632000E-03
+5.69353000E-03
+5.69294000E-03
+5.70851000E-03
+5.69627000E-03
+5.69307000E-03
+5.69327000E-03
+5.82204000E-03
+5.69364000E-03
+5.66807000E-03
+5.77848000E-03
+5.92010000E-03
+5.76752000E-03
+5.70431000E-03
+5.69463000E-03
+5.72361000E-03
+5.87007000E-03
+5.57948000E-03
+5.69435000E-03
+5.91578000E-03
+5.61983000E-03
+5.66805000E-03
+5.69561000E-03
+5.70309000E-03
+5.94878000E-03
+5.58252000E-03
+5.69603000E-03
+5.95257000E-03
+5.69648000E-03
+5.69831000E-03
+5.69452000E-03
+5.69404000E-03
+6.00166000E-03
+5.70950000E-03
+5.92645000E-03
+5.69720000E-03
+5.69534000E-03
+5.97980000E-03
+5.72256000E-03
+5.69592000E-03
+5.69593000E-03
+5.69721000E-03
+5.76122000E-03
+5.70064000E-03
+5.67009000E-03
+5.69126000E-03
+5.70863000E-03
+5.96196000E-03
+5.57721000E-03
+5.69860000E-03
+5.69634000E-03
+5.70217000E-03
+5.70052000E-03
+5.69977000E-03
+5.69539000E-03
+5.75889000E-03
+5.90482000E-03
+5.69953000E-03
+5.69752000E-03
+5.93829000E-03
+5.71838000E-03
+5.66198000E-03
+5.69972000E-03
+5.69878000E-03
+5.90348000E-03
+5.61925000E-03
+5.80912000E-03
+5.97858000E-03
+5.76174000E-03
+5.64811000E-03
+5.69638000E-03
+5.69832000E-03
+5.89648000E-03
+5.70169000E-03
+5.69684000E-03
+5.69661000E-03
+5.69708000E-03
+5.65522000E-03
+5.69965000E-03
+5.69289000E-03
+5.69941000E-03
+5.69804000E-03
+5.98503000E-03
+5.67481000E-03
+5.69936000E-03
+5.73685000E-03
+5.89468000E-03
+5.70390000E-03
+5.61746000E-03
+5.70063000E-03
+5.76040000E-03
+5.82524000E-03
+5.70186000E-03
+5.69957000E-03
+5.77008000E-03
+5.94109000E-03
+5.70373000E-03
+5.70343000E-03
+5.72431000E-03
+5.70126000E-03
+5.70904000E-03
+5.65242000E-03
+5.70233000E-03
+5.70229000E-03
+5.70390000E-03
+5.98656000E-03
+5.67987000E-03
+5.69877000E-03
+5.98581000E-03
+5.73877000E-03
+5.61196000E-03
+5.70419000E-03
+5.70904000E-03
+5.80658000E-03
+5.91059000E-03
+5.63202000E-03
+5.70239000E-03
+5.70404000E-03
+5.80448000E-03
+5.70105000E-03
+5.70292000E-03
+5.69999000E-03
+5.78955000E-03
+5.70175000E-03
+5.70721000E-03
+5.70070000E-03
+5.70498000E-03
+5.58322000E-03
+5.71265000E-03
+5.70309000E-03
+5.72804000E-03
+5.66035000E-03
+5.93002000E-03
+5.71819000E-03
+5.71495000E-03
+5.71568000E-03
+5.69668000E-03
+5.71446000E-03
+5.68805000E-03
+5.71708000E-03
+5.71469000E-03
+5.66478000E-03
+5.72122000E-03
+5.71796000E-03
+5.71917000E-03
+5.92365000E-03
+5.64094000E-03
+5.72243000E-03
+5.72041000E-03
+5.71867000E-03
+5.67621000E-03
+5.71574000E-03
+5.71397000E-03
+5.77912000E-03
+5.99140000E-03
+5.79089000E-03
+5.71051000E-03
+5.93852000E-03
+5.73759000E-03
+5.71796000E-03
+5.70595000E-03
+5.70827000E-03
+6.00225000E-03
+5.61517000E-03
+5.70676000E-03
+5.70692000E-03
+5.70526000E-03
+5.95263000E-03
+5.75445000E-03
+5.69679000E-03
+5.70344000E-03
+5.70344000E-03
+5.70853000E-03
+5.90441000E-03
+5.70481000E-03
+5.70653000E-03
+5.70624000E-03
+5.70536000E-03
+5.64881000E-03
+5.70647000E-03
+5.70437000E-03
+5.82850000E-03
+5.91374000E-03
+5.67924000E-03
+5.70484000E-03
+5.71166000E-03
+6.00475000E-03
+5.67125000E-03
+5.70962000E-03
+5.70734000E-03
+5.89678000E-03
+5.77795000E-03
2021/08/29,18:52:14
