2021/08/29,13:11:56
-1.00000000E-08
-1.30000000E-08
-1.20000000E-08
-1.20000000E-08
-8.00000000E-09
-3.00000000E-09
-5.00000000E-09
-6.00000000E-09
-6.00000000E-09
+5.78068000E-03
+6.08329000E-03
+5.69690000E-03
+5.69673000E-03
+5.69817000E-03
+5.68965000E-03
+5.68613000E-03
+5.69035000E-03
+5.68954000E-03
+5.68911000E-03
+5.68792000E-03
+5.68914000E-03
+5.68154000E-03
+5.69079000E-03
+5.67965000E-03
+5.69114000E-03
+5.67746000E-03
+5.68497000E-03
+5.67683000E-03
+5.67936000E-03
+5.68114000E-03
+5.68186000E-03
+5.68111000E-03
+5.67977000E-03
+5.67295000E-03
+5.67305000E-03
+5.68128000E-03
+5.68081000E-03
+5.68008000E-03
+5.68542000E-03
+5.67790000E-03
+5.68536000E-03
+5.68426000E-03
+5.68779000E-03
+5.68639000E-03
+5.69249000E-03
+5.68137000E-03
+5.68253000E-03
+5.68985000E-03
+5.68414000E-03
+5.68420000E-03
+5.68519000E-03
+5.68819000E-03
+5.68824000E-03
+5.68723000E-03
+5.68788000E-03
+5.68511000E-03
+5.68536000E-03
+5.68905000E-03
+5.68883000E-03
+5.68048000E-03
+5.68567000E-03
+5.68682000E-03
+5.68425000E-03
+5.68553000E-03
+5.68073000E-03
+5.68590000E-03
+5.69122000E-03
+5.69131000E-03
+5.68706000E-03
+5.70588000E-03
+5.69414000E-03
+5.68830000E-03
+5.68622000E-03
+5.68793000E-03
+5.69994000E-03
+5.69432000E-03
+5.68894000E-03
+5.69086000E-03
+5.69336000E-03
+5.69703000E-03
+5.69751000E-03
+5.69552000E-03
+5.68908000E-03
+5.69508000E-03
+5.69382000E-03
+5.69389000E-03
+5.69813000E-03
+5.69673000E-03
+5.68348000E-03
+5.68353000E-03
+5.68459000E-03
+5.68408000E-03
+5.68833000E-03
+5.68709000E-03
+5.68505000E-03
+5.68258000E-03
+5.67820000E-03
+5.68058000E-03
+5.68907000E-03
+5.68132000E-03
+5.68424000E-03
+5.69154000E-03
+5.68041000E-03
+5.69098000E-03
+5.68169000E-03
+5.67786000E-03
+5.69016000E-03
+5.69807000E-03
+5.68181000E-03
+5.67720000E-03
+5.68070000E-03
+5.69224000E-03
+5.69009000E-03
+5.67965000E-03
+5.69025000E-03
+5.68350000E-03
+5.67899000E-03
+5.67737000E-03
+5.68809000E-03
+5.68038000E-03
+5.68006000E-03
+5.68152000E-03
+5.68120000E-03
+5.70968000E-03
+5.68280000E-03
+5.68286000E-03
+5.68525000E-03
+5.68671000E-03
+5.68419000E-03
+5.68448000E-03
+5.69568000E-03
+5.69292000E-03
+5.69419000E-03
+5.68669000E-03
+5.69598000E-03
+5.68537000E-03
+5.70297000E-03
+5.68902000E-03
+5.69010000E-03
+5.68971000E-03
+5.69732000E-03
+5.70163000E-03
+5.68980000E-03
+5.68912000E-03
+5.68710000E-03
+5.69755000E-03
+5.69801000E-03
+5.69242000E-03
+5.70426000E-03
+5.69673000E-03
+5.69325000E-03
+5.69248000E-03
+5.69609000E-03
+5.70233000E-03
+5.69003000E-03
+5.69184000E-03
+5.69191000E-03
+5.69260000E-03
+5.69107000E-03
+5.69306000E-03
+5.70169000E-03
+5.69428000E-03
+5.70181000E-03
+5.68927000E-03
+5.70403000E-03
+5.69088000E-03
+5.69370000E-03
+5.69567000E-03
+5.69558000E-03
+5.69554000E-03
+5.70542000E-03
+5.69713000E-03
+5.70357000E-03
+5.69068000E-03
+5.69135000E-03
+5.72813000E-03
+5.68839000E-03
+5.70382000E-03
+5.68991000E-03
+5.69798000E-03
+5.68950000E-03
+5.69167000E-03
+5.70096000E-03
+5.69095000E-03
+5.69342000E-03
+5.69949000E-03
+5.69882000E-03
+5.69000000E-03
+5.69262000E-03
+5.70034000E-03
+5.68665000E-03
+5.69848000E-03
+5.69813000E-03
+5.70375000E-03
+5.69409000E-03
+5.70077000E-03
+5.70193000E-03
+5.69516000E-03
+5.69704000E-03
+5.69698000E-03
+5.70560000E-03
+5.73113000E-03
+5.69224000E-03
+5.69504000E-03
+5.70694000E-03
+5.70077000E-03
+5.70368000E-03
+5.70047000E-03
+5.69639000E-03
+5.69605000E-03
+5.69434000E-03
+5.70555000E-03
+5.69189000E-03
+5.68706000E-03
+5.69375000E-03
+5.69994000E-03
+5.68888000E-03
+5.69410000E-03
+5.69236000E-03
+5.69463000E-03
+5.70513000E-03
+5.69401000E-03
+5.71959000E-03
+5.70553000E-03
+5.69672000E-03
+5.69431000E-03
+5.69726000E-03
+5.69373000E-03
+5.72408000E-03
+5.69417000E-03
+5.70749000E-03
+5.69621000E-03
+5.69551000E-03
+5.69303000E-03
+5.69310000E-03
+5.69736000E-03
+5.69646000E-03
+5.69300000E-03
+5.69353000E-03
+5.69308000E-03
+5.69444000E-03
+5.69451000E-03
+5.69495000E-03
+5.70606000E-03
+5.69652000E-03
+5.70455000E-03
+5.69892000E-03
+5.69628000E-03
+5.70659000E-03
+5.69861000E-03
+5.70017000E-03
+5.69178000E-03
+5.69332000E-03
+5.70717000E-03
+5.69267000E-03
+5.72565000E-03
+5.69195000E-03
+5.69879000E-03
+5.69483000E-03
+5.69284000E-03
+5.69325000E-03
+5.70694000E-03
+5.69248000E-03
+5.69207000E-03
+5.69275000E-03
+5.69418000E-03
+5.69929000E-03
+5.70245000E-03
+5.70247000E-03
+5.69496000E-03
+5.70506000E-03
+5.69986000E-03
+5.69897000E-03
+5.70042000E-03
+5.70050000E-03
+5.69306000E-03
+5.70235000E-03
+5.69606000E-03
+5.69199000E-03
+5.69131000E-03
+5.69216000E-03
+5.67050000E-03
+5.69044000E-03
+5.69385000E-03
+5.71044000E-03
+5.69422000E-03
+5.69918000E-03
+5.70309000E-03
+5.69384000E-03
+5.69489000E-03
+5.69385000E-03
+5.69254000E-03
+5.70146000E-03
+5.69306000E-03
+5.69384000E-03
+5.69394000E-03
+5.68901000E-03
+5.70375000E-03
+5.69166000E-03
+5.69090000E-03
+5.69469000E-03
+5.69666000E-03
+5.69336000E-03
+5.69149000E-03
+5.69791000E-03
+5.69116000E-03
+5.68958000E-03
+5.69302000E-03
+5.69096000E-03
+5.71078000E-03
+5.69831000E-03
+5.69786000E-03
+5.69074000E-03
+5.69691000E-03
+5.70260000E-03
+5.69294000E-03
+5.69161000E-03
+5.69384000E-03
+5.69499000E-03
+5.69573000E-03
+5.70298000E-03
+5.70151000E-03
+5.69276000E-03
+5.69432000E-03
+5.70729000E-03
+5.69155000E-03
+5.70192000E-03
+5.69283000E-03
+5.69329000E-03
+5.69768000E-03
+5.70904000E-03
+5.70321000E-03
+5.69616000E-03
+5.68875000E-03
+5.70054000E-03
+5.70044000E-03
+5.69590000E-03
+5.69103000E-03
+5.69712000E-03
+5.70301000E-03
+5.70542000E-03
+5.69061000E-03
+5.70089000E-03
+5.69523000E-03
+5.70301000E-03
+5.70085000E-03
+5.70084000E-03
+5.68880000E-03
+5.69458000E-03
+5.69053000E-03
+5.69808000E-03
+5.69300000E-03
+5.70002000E-03
+5.69026000E-03
+5.69030000E-03
+5.68896000E-03
+5.69150000E-03
+5.69230000E-03
+5.70186000E-03
+5.69088000E-03
+5.69272000E-03
+5.69944000E-03
+5.69063000E-03
+5.69977000E-03
+5.69131000E-03
+5.70035000E-03
+5.69559000E-03
+5.69553000E-03
+5.69310000E-03
+5.69825000E-03
+5.69825000E-03
+5.69684000E-03
+5.70198000E-03
+5.69424000E-03
+5.69144000E-03
+5.69148000E-03
+5.68238000E-03
+5.69172000E-03
+5.71009000E-03
+5.68851000E-03
+5.69373000E-03
+5.68799000E-03
+5.70315000E-03
+5.69548000E-03
+5.69084000E-03
+5.70385000E-03
+5.69775000E-03
+5.68755000E-03
+5.68763000E-03
+5.69910000E-03
+5.70440000E-03
+5.69168000E-03
+5.69090000E-03
+5.69382000E-03
+5.69052000E-03
+5.69950000E-03
+5.69828000E-03
+5.69533000E-03
+5.69497000E-03
+5.69053000E-03
+5.69471000E-03
+5.69289000E-03
+5.70880000E-03
+5.69446000E-03
+5.69195000E-03
+5.69193000E-03
+5.69309000E-03
+5.68968000E-03
+5.69044000E-03
+5.70974000E-03
+5.69061000E-03
+5.69800000E-03
+5.69330000E-03
+5.70318000E-03
+5.70944000E-03
+5.69166000E-03
+5.69825000E-03
+5.69556000E-03
+5.69552000E-03
+5.69640000E-03
+5.69519000E-03
+5.69324000E-03
+5.69691000E-03
+5.69460000E-03
+5.70525000E-03
+5.69480000E-03
+5.70472000E-03
+5.69230000E-03
+5.70495000E-03
+5.69333000E-03
+5.70412000E-03
+5.69867000E-03
+5.70874000E-03
+5.69476000E-03
+5.69452000E-03
+5.69985000E-03
+5.69928000E-03
+5.69502000E-03
+5.69599000E-03
+5.71294000E-03
+5.71425000E-03
+5.70764000E-03
+5.70653000E-03
+5.69662000E-03
+5.69607000E-03
+5.71305000E-03
+5.70627000E-03
+5.70380000E-03
+5.71481000E-03
+5.71331000E-03
+5.70321000E-03
+5.70956000E-03
+5.71363000E-03
+5.70294000E-03
+5.71953000E-03
+5.71793000E-03
+5.70265000E-03
+5.72204000E-03
+5.71265000E-03
+5.72033000E-03
+5.71633000E-03
+5.71274000E-03
+5.71098000E-03
+5.72023000E-03
+5.70952000E-03
+5.70978000E-03
+5.70648000E-03
+5.70597000E-03
+5.70600000E-03
+5.71539000E-03
+5.71141000E-03
+5.70434000E-03
+5.70435000E-03
+5.70313000E-03
+5.70323000E-03
+5.70045000E-03
+5.70437000E-03
+5.70002000E-03
+5.69971000E-03
+5.70205000E-03
+5.70241000E-03
+5.69971000E-03
+5.70215000E-03
+5.70559000E-03
+5.70491000E-03
+5.70942000E-03
+5.70831000E-03
+5.69784000E-03
+5.71061000E-03
+5.70414000E-03
+5.70682000E-03
+5.69904000E-03
+5.70834000E-03
+5.71417000E-03
+5.70204000E-03
+5.70220000E-03
+5.70225000E-03
+5.70458000E-03
+5.70238000E-03
+5.71144000E-03
+5.71492000E-03
+5.72723000E-03
+5.71446000E-03
+5.71447000E-03
+5.70445000E-03
+5.70504000E-03
+5.70591000E-03
+5.70590000E-03
+5.70204000E-03
+5.70852000E-03
+5.70182000E-03
+5.71325000E-03
+5.70562000E-03
+5.70612000E-03
+5.70420000E-03
+5.70695000E-03
+5.71452000E-03
+5.70330000E-03
+5.71382000E-03
+5.70649000E-03
+5.70490000E-03
+5.70225000E-03
+5.70449000E-03
+5.71516000E-03
+5.70146000E-03
+5.70110000E-03
+5.70694000E-03
+5.70398000E-03
+5.73865000E-03
+5.70600000E-03
+5.70776000E-03
+5.70190000E-03
+5.71380000E-03
+5.70451000E-03
+5.70345000E-03
+5.71102000E-03
+5.70704000E-03
+5.70210000E-03
+5.70752000E-03
+5.70748000E-03
+5.70756000E-03
+5.70752000E-03
+5.71627000E-03
+5.71239000E-03
+5.70430000E-03
+5.70737000E-03
+5.70434000E-03
+5.70483000E-03
+5.70698000E-03
+5.70581000E-03
+5.70214000E-03
+5.70444000E-03
+5.70539000E-03
+5.71749000E-03
+5.70557000E-03
+5.70682000E-03
+5.70495000E-03
+5.71201000E-03
+5.71452000E-03
+5.70575000E-03
+5.71545000E-03
+5.69855000E-03
+5.70844000E-03
+5.70915000E-03
+5.70297000E-03
+5.71539000E-03
+5.70296000E-03
+5.70986000E-03
+5.70157000E-03
+5.70497000E-03
+5.71761000E-03
+5.71150000E-03
+5.70191000E-03
+5.70512000E-03
+5.70698000E-03
+5.71313000E-03
+5.70746000E-03
+5.70946000E-03
+5.71611000E-03
+5.70946000E-03
+5.73003000E-03
+5.71028000E-03
+5.70640000E-03
+5.70076000E-03
+5.70682000E-03
+5.70688000E-03
+5.70704000E-03
+5.70934000E-03
+5.70863000E-03
+5.70774000E-03
+5.71311000E-03
+5.70673000E-03
+5.70857000E-03
+5.70803000E-03
+5.71294000E-03
+5.71227000E-03
+5.70353000E-03
+5.70732000E-03
+5.70710000E-03
+5.71732000E-03
+5.71035000E-03
+5.70980000E-03
+5.71154000E-03
+5.71285000E-03
+5.71895000E-03
+5.71894000E-03
+5.71668000E-03
+5.70799000E-03
+5.71516000E-03
+5.70976000E-03
+5.70847000E-03
+5.70812000E-03
+5.71912000E-03
+5.71214000E-03
+5.71883000E-03
+5.71775000E-03
+5.70705000E-03
+5.71906000E-03
+5.71644000E-03
+5.71472000E-03
+5.71770000E-03
+5.71521000E-03
+5.71836000E-03
+5.70972000E-03
+5.71067000E-03
+5.71389000E-03
+5.71347000E-03
+5.70962000E-03
+5.71321000E-03
+5.72370000E-03
+5.71304000E-03
+5.70904000E-03
+5.71883000E-03
+5.72262000E-03
+5.71662000E-03
+5.71073000E-03
+5.70979000E-03
+5.70949000E-03
+5.70946000E-03
+5.71586000E-03
+5.71580000E-03
+5.71711000E-03
+5.71014000E-03
+5.72180000E-03
+5.70942000E-03
+5.71915000E-03
+5.70880000E-03
+5.70892000E-03
+5.72227000E-03
+5.70905000E-03
+5.71166000E-03
+5.71208000E-03
+5.70955000E-03
+5.71366000E-03
+5.71555000E-03
+5.71393000E-03
+5.72058000E-03
+5.71912000E-03
+5.71127000E-03
+5.72105000E-03
+5.72304000E-03
+5.72312000E-03
+5.72463000E-03
+5.71255000E-03
+5.71090000E-03
+5.72507000E-03
+5.71259000E-03
+5.71301000E-03
+5.72260000E-03
+5.71466000E-03
+5.72221000E-03
+5.72221000E-03
+5.72334000E-03
+5.72336000E-03
+5.71858000E-03
+5.72052000E-03
+5.71772000E-03
+5.71322000E-03
+5.72373000E-03
+5.71559000E-03
+5.72968000E-03
+5.71697000E-03
+5.71213000E-03
+5.70790000E-03
+5.70792000E-03
+5.71690000E-03
+5.72606000E-03
+5.71545000E-03
+5.71183000E-03
+5.71954000E-03
+5.71421000E-03
+5.71817000E-03
+5.72680000E-03
+5.72524000E-03
+5.71607000E-03
+5.71726000E-03
+5.71472000E-03
+5.72268000E-03
+5.72402000E-03
+5.71625000E-03
+5.71494000E-03
+5.71585000E-03
+5.72384000E-03
+5.70788000E-03
+5.72503000E-03
+5.71689000E-03
+5.72535000E-03
+5.72302000E-03
+5.71732000E-03
+5.72540000E-03
+5.71920000E-03
+5.71913000E-03
+5.72444000E-03
+5.72179000E-03
+5.72775000E-03
+5.71861000E-03
+5.72559000E-03
+5.71900000E-03
+5.71966000E-03
+5.71962000E-03
+5.71568000E-03
+5.71867000E-03
+5.73005000E-03
+5.72449000E-03
+5.72006000E-03
+5.72500000E-03
+5.71994000E-03
+5.72178000E-03
+5.71821000E-03
+5.71579000E-03
+5.71936000E-03
+5.71369000E-03
+5.71368000E-03
+5.71545000E-03
+5.71836000E-03
+5.72599000E-03
+5.72180000E-03
+5.72027000E-03
+5.71656000E-03
+5.71947000E-03
+5.72150000E-03
+5.72145000E-03
+5.72443000E-03
+5.72233000E-03
+5.71861000E-03
+5.72470000E-03
+5.72155000E-03
+5.71457000E-03
+5.72126000E-03
+5.72099000E-03
+5.72096000E-03
+5.71868000E-03
+5.72038000E-03
+5.71766000E-03
+5.71841000E-03
+5.72780000E-03
+5.71894000E-03
+5.71959000E-03
+5.72839000E-03
+5.71714000E-03
+5.71724000E-03
+5.72054000E-03
+5.72062000E-03
+5.71556000E-03
+5.71553000E-03
+5.72080000E-03
+5.71983000E-03
+5.71506000E-03
+5.72495000E-03
+5.71961000E-03
+5.72506000E-03
+5.72576000E-03
+5.72425000E-03
+5.72204000E-03
+5.72912000E-03
+5.72003000E-03
+5.72013000E-03
+5.71725000E-03
+5.73026000E-03
+5.72949000E-03
+5.72997000E-03
+5.71829000E-03
+5.71988000E-03
+5.72073000E-03
+5.72863000E-03
+5.71947000E-03
+5.71959000E-03
+5.72624000E-03
+5.72564000E-03
+5.73014000E-03
+5.71957000E-03
+5.72265000E-03
+5.72082000E-03
+5.72020000E-03
+5.71904000E-03
+5.72816000E-03
+5.73212000E-03
+5.72558000E-03
+5.72709000E-03
+5.72507000E-03
+5.72204000E-03
+5.72027000E-03
+5.72297000E-03
+5.72938000E-03
+5.72297000E-03
+5.72383000E-03
+5.72712000E-03
+5.73335000E-03
+5.72471000E-03
+5.72486000E-03
+5.72485000E-03
+5.71953000E-03
+5.72303000E-03
+5.73177000E-03
+5.72128000E-03
+5.72501000E-03
+5.73066000E-03
+5.71702000E-03
+5.72530000E-03
+5.73142000E-03
+5.72743000E-03
+5.73388000E-03
+5.72293000E-03
+5.73238000E-03
+5.72501000E-03
+5.72320000E-03
+5.73003000E-03
+5.72414000E-03
+5.72443000E-03
+5.72527000E-03
+5.72842000E-03
+5.73003000E-03
+5.72963000E-03
+5.73575000E-03
+5.72489000E-03
+5.72302000E-03
+5.72422000E-03
+5.73017000E-03
+5.73362000E-03
+5.75306000E-03
+5.72303000E-03
+5.72764000E-03
+5.72215000E-03
+5.72054000E-03
+5.73760000E-03
+5.72227000E-03
+5.71977000E-03
+5.72610000E-03
+5.72752000E-03
+5.73638000E-03
+5.72422000E-03
+5.72994000E-03
+5.72664000E-03
+5.72871000E-03
+5.72853000E-03
+5.72989000E-03
+5.72884000E-03
+5.72577000E-03
+5.73257000E-03
+5.73080000E-03
+5.73364000E-03
+5.72795000E-03
+5.72367000E-03
+5.72573000E-03
+5.72524000E-03
+5.72523000E-03
+5.72345000E-03
+5.72291000E-03
+5.73702000E-03
+5.72484000E-03
+5.72291000E-03
+5.72646000E-03
+5.72384000E-03
+5.72777000E-03
+5.73667000E-03
+5.72766000E-03
+5.72501000E-03
+5.73010000E-03
+5.73011000E-03
+5.72574000E-03
+5.75743000E-03
+5.72705000E-03
+5.72776000E-03
+5.72782000E-03
+5.72308000E-03
+5.73311000E-03
+5.72461000E-03
+5.73572000E-03
+5.73372000E-03
+5.72674000E-03
+5.70268000E-03
+5.73002000E-03
+5.73609000E-03
+5.73478000E-03
+5.71961000E-03
+5.72569000E-03
+5.73312000E-03
+5.73499000E-03
+5.72589000E-03
+5.73804000E-03
+5.73028000E-03
+5.72486000E-03
+5.72565000E-03
+5.73542000E-03
+5.73527000E-03
+5.72893000E-03
+5.72886000E-03
+5.73269000E-03
+5.72705000E-03
+5.74151000E-03
+5.72769000E-03
+5.73702000E-03
+5.73075000E-03
+5.73566000E-03
+5.72846000E-03
+5.72998000E-03
+5.73276000E-03
+5.74069000E-03
+5.72930000E-03
+5.72641000E-03
+5.72647000E-03
+5.72990000E-03
+5.72810000E-03
+5.73634000E-03
+5.73521000E-03
+5.72950000E-03
+5.72696000E-03
+5.73889000E-03
+5.73290000E-03
+5.73235000E-03
+5.73235000E-03
+5.73561000E-03
+5.73052000E-03
+5.73160000E-03
+5.74579000E-03
+5.74103000E-03
+5.72830000E-03
+5.72869000E-03
+5.73255000E-03
+5.73404000E-03
+5.73784000E-03
+5.73050000E-03
+5.72912000E-03
+5.72752000E-03
+5.73438000E-03
+5.73431000E-03
+5.73197000E-03
+5.72852000E-03
+5.73163000E-03
+5.73277000E-03
+5.73852000E-03
+5.73019000E-03
+5.73433000E-03
+5.74623000E-03
+5.72933000E-03
+5.73776000E-03
+5.73192000E-03
+5.74066000E-03
+5.74192000E-03
+5.74262000E-03
+5.75148000E-03
+5.73001000E-03
+5.73347000E-03
+5.74402000E-03
+5.73532000E-03
+5.73942000E-03
+5.73935000E-03
+5.73260000E-03
+5.74629000E-03
+5.73314000E-03
+5.74344000E-03
+5.72991000E-03
+5.74058000E-03
+5.73085000E-03
+5.74150000E-03
+5.73524000E-03
+5.73081000E-03
+5.74052000E-03
+5.73131000E-03
+5.73029000E-03
+5.73503000E-03
+5.73251000E-03
+5.73247000E-03
+5.74088000E-03
+5.73533000E-03
+5.73714000E-03
+5.73446000E-03
+5.74004000E-03
+5.74153000E-03
+5.74079000E-03
+5.73069000E-03
+5.73528000E-03
+5.73836000E-03
+5.74915000E-03
+5.73510000E-03
+5.73853000E-03
+5.73248000E-03
+5.74423000E-03
+5.74047000E-03
+5.73398000E-03
+5.74128000E-03
+5.73215000E-03
+5.72999000E-03
+5.73504000E-03
+5.74408000E-03
+5.74612000E-03
+5.73102000E-03
+5.73243000E-03
+5.73236000E-03
+5.73491000E-03
+5.74151000E-03
+5.73329000E-03
+5.74664000E-03
+5.73857000E-03
+5.73395000E-03
+5.73587000E-03
+5.73438000E-03
+5.73481000E-03
+5.74658000E-03
+5.73943000E-03
+5.73376000E-03
+5.74458000E-03
+5.73995000E-03
+5.73996000E-03
+5.73913000E-03
+5.74026000E-03
+5.73968000E-03
+5.73583000E-03
+5.73667000E-03
+5.73921000E-03
+5.73926000E-03
+5.74633000E-03
+5.74250000E-03
+5.73603000E-03
+5.74244000E-03
+5.74237000E-03
+5.74827000E-03
+5.74413000E-03
+5.73411000E-03
+5.73671000E-03
+5.73439000E-03
+5.73522000E-03
+5.74763000E-03
+5.74029000E-03
+5.74402000E-03
+5.74564000E-03
+5.74555000E-03
+5.73644000E-03
+5.73732000E-03
+5.74433000E-03
+5.73716000E-03
+5.73868000E-03
+5.73544000E-03
+5.73928000E-03
+5.73928000E-03
+5.73400000E-03
+5.73784000E-03
+5.74103000E-03
+5.73747000E-03
+5.74026000E-03
+5.73788000E-03
+5.73779000E-03
+5.73113000E-03
+5.74136000E-03
+5.73959000E-03
+5.74003000E-03
+5.74001000E-03
+5.73838000E-03
+5.74136000E-03
+5.74162000E-03
+5.73759000E-03
+5.73875000E-03
+5.73924000E-03
+5.73854000E-03
+5.74802000E-03
+5.74900000E-03
+5.74841000E-03
+5.74216000E-03
+5.73952000E-03
+5.74905000E-03
+5.74011000E-03
+5.74059000E-03
+5.74052000E-03
+5.73941000E-03
+5.73891000E-03
+5.74903000E-03
+5.75102000E-03
+5.74046000E-03
+5.74303000E-03
+5.74721000E-03
+5.74921000E-03
+5.73710000E-03
+5.73953000E-03
+5.74024000E-03
+5.74717000E-03
+5.75265000E-03
+5.74110000E-03
+5.75177000E-03
+5.73422000E-03
+5.74084000E-03
+5.74040000E-03
+5.73899000E-03
+5.75527000E-03
+5.73877000E-03
+5.73829000E-03
+5.74650000E-03
+5.74424000E-03
+5.74423000E-03
+5.73955000E-03
+5.74192000E-03
+5.74051000E-03
+5.74079000E-03
+5.74211000E-03
+5.74261000E-03
+5.75041000E-03
+5.74962000E-03
+5.75212000E-03
+5.74204000E-03
+5.74858000E-03
+5.75379000E-03
+5.73817000E-03
+5.77206000E-03
+5.74256000E-03
+5.74161000E-03
+5.74188000E-03
+5.74740000E-03
+5.74198000E-03
+5.74741000E-03
+5.74530000E-03
+5.74163000E-03
+5.74498000E-03
+5.75813000E-03
+5.74834000E-03
+5.74303000E-03
+5.74165000E-03
+5.74481000E-03
+5.75065000E-03
+5.74979000E-03
+5.74982000E-03
+5.74920000E-03
+5.74118000E-03
+5.75317000E-03
+5.74177000E-03
+5.74291000E-03
+5.75550000E-03
+5.73828000E-03
+5.73837000E-03
+5.74998000E-03
+5.74513000E-03
+5.75350000E-03
+5.74421000E-03
+5.74242000E-03
+5.74964000E-03
+5.73791000E-03
+5.75177000E-03
+5.74662000E-03
+5.74180000E-03
+5.74523000E-03
+5.74750000E-03
+5.74351000E-03
+5.74586000E-03
+5.76087000E-03
+5.74455000E-03
+5.75649000E-03
+5.74368000E-03
+5.74535000E-03
+5.75620000E-03
+5.74507000E-03
+5.74501000E-03
+5.75201000E-03
+5.75133000E-03
+5.74677000E-03
+5.74610000E-03
+5.74629000E-03
+5.74564000E-03
+5.75006000E-03
+5.75200000E-03
+5.74670000E-03
+5.74671000E-03
+5.74953000E-03
+5.75735000E-03
+5.74734000E-03
+5.75180000E-03
+5.74832000E-03
+5.75349000E-03
+5.75477000E-03
+5.75899000E-03
+5.75482000E-03
+5.75719000E-03
+5.75095000E-03
+5.75507000E-03
+5.76338000E-03
+5.74478000E-03
+5.74810000E-03
+5.74708000E-03
+5.75826000E-03
+5.74586000E-03
+5.74722000E-03
+5.75521000E-03
+5.75512000E-03
+5.75451000E-03
+5.74842000E-03
+5.75953000E-03
+5.74606000E-03
+5.75660000E-03
+5.74861000E-03
+5.74746000E-03
+5.74951000E-03
+5.74553000E-03
+5.74553000E-03
+5.75477000E-03
+5.74592000E-03
+5.74962000E-03
+5.74960000E-03
+5.74960000E-03
+5.74939000E-03
+5.75020000E-03
+5.76128000E-03
+5.75032000E-03
+5.74425000E-03
+5.74882000E-03
+5.75846000E-03
+5.75112000E-03
+5.75831000E-03
+5.76120000E-03
+5.74932000E-03
+5.75609000E-03
+5.75231000E-03
+5.74839000E-03
+5.74763000E-03
+5.75830000E-03
+5.76192000E-03
+5.74758000E-03
+5.75049000E-03
+5.74846000E-03
+5.75032000E-03
+5.75706000E-03
+5.74594000E-03
+5.74871000E-03
+5.75010000E-03
+5.74451000E-03
+5.75434000E-03
+5.75813000E-03
+5.75673000E-03
+5.75585000E-03
+5.74258000E-03
+5.74960000E-03
+5.75813000E-03
+5.75532000E-03
+5.75593000E-03
+5.75899000E-03
+5.75842000E-03
+5.76343000E-03
+4.07232000E-03
-4.90000000E-07
-5.00000000E-09
-1.30000000E-08
-1.40000000E-08
2021/08/29,13:43:14
