2021/08/29,18:59:05
-4.80000000E-08
-4.60000000E-08
-4.50000000E-08
-4.50000000E-08
-4.30000000E-08
-4.10000000E-08
-4.50000000E-08
-4.60000000E-08
-4.60000000E-08
-4.80000000E-08
-4.70000000E-08
-4.90000000E-08
-4.60000000E-08
-7.90000000E-08
-6.30000000E-08
-6.30000000E-08
-5.00000000E-08
-4.80000000E-08
-7.59000000E-07
+0.00000000E+00
+5.62793000E-03
+5.64371000E-03
+5.63730000E-03
+5.64278000E-03
+5.63258000E-03
+5.63312000E-03
+5.64442000E-03
+5.63715000E-03
+5.64368000E-03
+5.64007000E-03
+5.65215000E-03
+5.64368000E-03
+5.63612000E-03
+5.63507000E-03
+5.63878000E-03
+5.63703000E-03
+5.64565000E-03
+5.63980000E-03
+5.63984000E-03
+5.64875000E-03
+5.64361000E-03
+5.63937000E-03
+5.64920000E-03
+5.63870000E-03
+5.64129000E-03
+5.64158000E-03
+5.64185000E-03
+5.68362000E-03
+5.64461000E-03
+5.59913000E-03
+5.64496000E-03
+5.79877000E-03
+5.73341000E-03
+5.61942000E-03
+5.68606000E-03
+5.65028000E-03
+5.64573000E-03
+5.65365000E-03
+5.88873000E-03
+5.65038000E-03
+5.64225000E-03
+5.87095000E-03
+5.53267000E-03
+5.66368000E-03
+5.80949000E-03
+5.74005000E-03
+5.60805000E-03
+5.65260000E-03
+5.64849000E-03
+5.67493000E-03
+5.80495000E-03
+5.92091000E-03
+5.64857000E-03
+5.65569000E-03
+5.90016000E-03
+5.65819000E-03
+5.65493000E-03
+5.65989000E-03
+5.64509000E-03
+5.72915000E-03
+5.66375000E-03
+5.57141000E-03
+5.64193000E-03
+5.77445000E-03
+5.64420000E-03
+5.64443000E-03
+5.64275000E-03
+5.74705000E-03
+5.55640000E-03
+5.66490000E-03
+5.72198000E-03
+5.66124000E-03
+5.55779000E-03
+5.66366000E-03
+5.65912000E-03
+5.65548000E-03
+5.61732000E-03
+5.65126000E-03
+5.58001000E-03
+5.68892000E-03
+5.92447000E-03
+5.65212000E-03
+5.65208000E-03
+5.64875000E-03
+5.64560000E-03
+5.90331000E-03
+5.66251000E-03
+5.90330000E-03
+5.64817000E-03
+5.65662000E-03
+5.85130000E-03
+5.85130000E-03
+5.73382000E-03
+5.65149000E-03
+5.65481000E-03
+5.64954000E-03
+5.80031000E-03
+5.77005000E-03
+5.65847000E-03
+5.72087000E-03
+5.65007000E-03
+5.73865000E-03
+5.65446000E-03
+5.65429000E-03
+5.70560000E-03
+5.77877000E-03
+5.65225000E-03
+5.72501000E-03
+5.84191000E-03
+5.64426000E-03
+5.65236000E-03
+5.65114000E-03
+5.66222000E-03
+5.53920000E-03
+5.86156000E-03
+5.65575000E-03
+5.65495000E-03
+5.65495000E-03
+5.65554000E-03
+5.63237000E-03
+5.60963000E-03
+5.65207000E-03
+5.65207000E-03
+5.66472000E-03
+5.85652000E-03
+5.60823000E-03
+5.70656000E-03
+5.65505000E-03
+5.65831000E-03
+5.77428000E-03
+5.65522000E-03
+5.65749000E-03
+5.66341000E-03
+5.68198000E-03
+5.86411000E-03
+5.62380000E-03
+5.76740000E-03
+5.85538000E-03
+5.64840000E-03
+5.65615000E-03
+5.65764000E-03
+5.65359000E-03
+5.68997000E-03
+5.81706000E-03
+5.59231000E-03
+5.65883000E-03
+5.78553000E-03
+5.83042000E-03
+5.65814000E-03
+5.65330000E-03
+5.65446000E-03
+5.74052000E-03
+5.87696000E-03
+5.64877000E-03
+5.69481000E-03
+5.93922000E-03
+5.66187000E-03
+5.65569000E-03
+5.67738000E-03
+5.66496000E-03
+5.94512000E-03
+5.56405000E-03
+5.65382000E-03
+5.65087000E-03
+5.56608000E-03
+5.88774000E-03
+5.65388000E-03
+5.65088000E-03
+5.87870000E-03
+5.76991000E-03
+5.65126000E-03
+5.80722000E-03
+5.68029000E-03
+5.57558000E-03
+5.64968000E-03
+5.79084000E-03
+5.65452000E-03
+5.74967000E-03
+5.68082000E-03
+5.54316000E-03
+5.65267000E-03
+5.74163000E-03
+5.65134000E-03
+5.63895000E-03
+5.65119000E-03
+5.64955000E-03
+5.90470000E-03
+5.67539000E-03
+5.64713000E-03
+5.64846000E-03
+5.64999000E-03
+5.65685000E-03
+5.54030000E-03
+5.63388000E-03
+5.65948000E-03
+5.64949000E-03
+5.93543000E-03
+5.64700000E-03
+5.64633000E-03
+5.64998000E-03
+5.65819000E-03
+5.65102000E-03
+5.52357000E-03
+5.65193000E-03
+5.82512000E-03
+5.68434000E-03
+5.65633000E-03
+5.64938000E-03
+5.67504000E-03
+5.67563000E-03
+5.65015000E-03
+5.65106000E-03
+5.75177000E-03
+5.89987000E-03
+5.64169000E-03
+5.84902000E-03
+5.88546000E-03
+5.66093000E-03
+5.66088000E-03
+5.65190000E-03
+5.65615000E-03
+5.67405000E-03
+5.95467000E-03
+5.65580000E-03
+5.65341000E-03
+5.65870000E-03
+5.68589000E-03
+5.64403000E-03
+5.65371000E-03
+5.65488000E-03
+5.70997000E-03
+5.89979000E-03
+5.60770000E-03
+5.65295000E-03
+5.65933000E-03
+5.81941000E-03
+5.69947000E-03
+5.53459000E-03
+5.66910000E-03
+5.71049000E-03
+5.74933000E-03
+5.76268000E-03
+5.54304000E-03
+5.81754000E-03
+5.67044000E-03
+5.70979000E-03
+5.86197000E-03
+5.65983000E-03
+5.65730000E-03
+5.65632000E-03
+5.68571000E-03
+5.95070000E-03
+5.66233000E-03
+5.66233000E-03
+5.65659000E-03
+5.95030000E-03
+5.55051000E-03
+5.66064000E-03
+5.65656000E-03
+5.66286000E-03
+5.91180000E-03
+5.78466000E-03
+5.66175000E-03
+5.89042000E-03
+5.76145000E-03
+5.59301000E-03
+5.66169000E-03
+5.66536000E-03
+5.66650000E-03
+5.58018000E-03
+5.66035000E-03
+5.66344000E-03
+5.66304000E-03
+5.90546000E-03
+5.66811000E-03
+5.66519000E-03
+5.66191000E-03
+5.66123000E-03
+5.65959000E-03
+5.81509000E-03
+5.68097000E-03
+5.67277000E-03
+5.87958000E-03
+5.63907000E-03
+5.66152000E-03
+5.66445000E-03
+5.69446000E-03
+5.66012000E-03
+5.64286000E-03
+5.66397000E-03
+5.90989000E-03
+5.64600000E-03
+5.59476000E-03
+5.66385000E-03
+5.95963000E-03
+5.67085000E-03
+5.96765000E-03
+5.66659000E-03
+5.66380000E-03
+5.95732000E-03
+5.58316000E-03
+5.65896000E-03
+5.88920000E-03
+5.70356000E-03
+5.72973000E-03
+5.58613000E-03
+5.75421000E-03
+5.68000000E-03
+5.81684000E-03
+5.65141000E-03
+5.66646000E-03
+5.82121000E-03
+5.82716000E-03
+5.70099000E-03
+5.67503000E-03
+5.66531000E-03
+5.66739000E-03
+5.87625000E-03
+5.65950000E-03
+5.67061000E-03
+5.66968000E-03
+5.87893000E-03
+5.77954000E-03
+5.64548000E-03
+5.66729000E-03
+5.66857000E-03
+5.69178000E-03
+5.64951000E-03
+5.66940000E-03
+5.66800000E-03
+5.89403000E-03
+5.91258000E-03
+5.67003000E-03
+5.66822000E-03
+5.96692000E-03
+5.69224000E-03
+5.85306000E-03
+5.66927000E-03
+5.56895000E-03
+5.68387000E-03
+5.87036000E-03
+5.67219000E-03
+5.64437000E-03
+5.94004000E-03
+5.90955000E-03
+5.58176000E-03
+5.66945000E-03
+5.67515000E-03
+5.67533000E-03
+5.61563000E-03
+5.90616000E-03
+5.67166000E-03
+5.95764000E-03
+5.67070000E-03
+5.93957000E-03
+5.62914000E-03
+5.67400000E-03
+5.67918000E-03
+5.71778000E-03
+5.64344000E-03
+5.67410000E-03
+5.66996000E-03
+5.71644000E-03
+5.78125000E-03
+5.58975000E-03
+5.67417000E-03
+5.81591000E-03
+5.67621000E-03
+5.67248000E-03
+5.67675000E-03
+5.64723000E-03
+5.86791000E-03
+5.54374000E-03
+5.67260000E-03
+5.71831000E-03
+5.67050000E-03
+5.56934000E-03
+5.67464000E-03
+5.67824000E-03
+5.67225000E-03
+5.97327000E-03
+5.57552000E-03
+5.68256000E-03
+5.67142000E-03
+5.91030000E-03
+5.91030000E-03
+5.66688000E-03
+5.67236000E-03
+5.67181000E-03
+5.72000000E-03
+5.84564000E-03
+5.59738000E-03
+5.67715000E-03
+5.87579000E-03
+5.56876000E-03
+5.77305000E-03
+5.67376000E-03
+5.67291000E-03
+5.70151000E-03
+5.58158000E-03
+5.67627000E-03
+5.67178000E-03
+5.70116000E-03
+5.89380000E-03
+5.55150000E-03
+5.67623000E-03
+5.96301000E-03
+5.66682000E-03
+5.67370000E-03
+5.67722000E-03
+5.67860000E-03
+5.94278000E-03
+5.63686000E-03
+5.67512000E-03
+5.89013000E-03
+5.75667000E-03
+5.85090000E-03
+5.68015000E-03
+5.69207000E-03
+5.82127000E-03
+5.67479000E-03
+5.63307000E-03
+5.67534000E-03
+5.84623000E-03
+5.56572000E-03
+5.68542000E-03
+5.67442000E-03
+5.79853000E-03
+5.87001000E-03
+5.54852000E-03
+5.60546000E-03
+5.67675000E-03
+5.72997000E-03
+5.68012000E-03
+5.63499000E-03
+5.67615000E-03
+5.67837000E-03
+5.79329000E-03
+5.67866000E-03
+5.75743000E-03
+5.68074000E-03
+5.68134000E-03
+5.80384000E-03
+5.75423000E-03
+5.68338000E-03
+5.69014000E-03
+5.71971000E-03
+5.90978000E-03
+5.67398000E-03
+5.68062000E-03
+5.90296000E-03
+5.90298000E-03
+5.63761000E-03
+5.68443000E-03
+5.67948000E-03
+5.77358000E-03
+5.73982000E-03
+5.56048000E-03
+5.67662000E-03
+5.67972000E-03
+5.84850000E-03
+5.56858000E-03
+5.56858000E-03
+5.67944000E-03
+5.68816000E-03
+5.68163000E-03
+5.68159000E-03
+5.56322000E-03
+5.55097000E-03
+5.90110000E-03
+5.67915000E-03
+5.67936000E-03
+5.93782000E-03
+5.61161000E-03
+5.68006000E-03
+5.68274000E-03
+5.68309000E-03
+5.90511000E-03
+5.66035000E-03
+5.54835000E-03
+5.68029000E-03
+5.70530000E-03
+5.86972000E-03
+5.68076000E-03
+5.68029000E-03
+5.82850000E-03
+5.74344000E-03
+5.58735000E-03
+5.68991000E-03
+5.68350000E-03
+5.68351000E-03
+5.75002000E-03
+5.68200000E-03
+5.87054000E-03
+5.68338000E-03
+5.55511000E-03
+5.67999000E-03
+5.81165000E-03
+5.70012000E-03
+5.60461000E-03
+5.68216000E-03
+5.67819000E-03
+5.71469000E-03
+5.95304000E-03
+5.55954000E-03
+5.67882000E-03
+5.70501000E-03
+5.96330000E-03
+5.67889000E-03
+5.68889000E-03
+5.67864000E-03
+5.59383000E-03
+5.68449000E-03
+5.85287000E-03
+5.68142000E-03
+5.95111000E-03
+5.67837000E-03
+5.68327000E-03
+5.69485000E-03
+5.68081000E-03
+5.68175000E-03
+5.68035000E-03
+5.68037000E-03
+5.68528000E-03
+5.68338000E-03
+5.73210000E-03
+5.68163000E-03
+5.68463000E-03
+5.70291000E-03
+5.84768000E-03
+5.56724000E-03
+5.58409000E-03
+5.68233000E-03
+5.76565000E-03
+5.84838000E-03
+5.55171000E-03
+5.68933000E-03
+5.68058000E-03
+5.85427000E-03
+5.70866000E-03
+5.57447000E-03
+5.68562000E-03
+5.88447000E-03
+5.68263000E-03
+5.68322000E-03
+5.91173000E-03
+5.68606000E-03
+5.68082000E-03
+5.95840000E-03
+5.72880000E-03
+5.68531000E-03
+5.68257000E-03
+5.68705000E-03
+5.89229000E-03
+5.58905000E-03
+5.68356000E-03
+5.68735000E-03
+5.68237000E-03
+5.79054000E-03
+5.68356000E-03
+5.68169000E-03
+5.68724000E-03
+5.89613000E-03
+5.70880000E-03
+5.62423000E-03
+5.68501000E-03
+5.68245000E-03
+5.86657000E-03
+5.84144000E-03
+5.68245000E-03
+5.68910000E-03
+5.74950000E-03
+5.55488000E-03
+5.68812000E-03
+5.68596000E-03
+5.85351000E-03
+5.76845000E-03
+5.68379000E-03
+5.68163000E-03
+5.68913000E-03
+5.79503000E-03
+5.68233000E-03
+5.68146000E-03
+5.75900000E-03
+5.68760000E-03
+5.63149000E-03
+5.68869000E-03
+5.68461000E-03
+5.68450000E-03
+5.69627000E-03
+5.68332000E-03
+5.66793000E-03
+5.68362000E-03
+5.68713000E-03
+5.86856000E-03
+5.69318000E-03
+5.68222000E-03
+5.69008000E-03
+5.70297000E-03
+5.98744000E-03
+5.55774000E-03
+5.68560000E-03
+5.68286000E-03
+5.85917000E-03
+5.55779000E-03
+5.68257000E-03
+5.68519000E-03
+5.75201000E-03
+5.68385000E-03
+5.68213000E-03
+5.68948000E-03
+5.68350000E-03
+5.56946000E-03
+5.68711000E-03
+5.69551000E-03
+5.68777000E-03
+5.57978000E-03
+5.86837000E-03
+5.68503000E-03
+5.68459000E-03
+5.80028000E-03
+5.56905000E-03
+5.55395000E-03
+5.68688000E-03
+5.97566000E-03
+5.70944000E-03
+5.69612000E-03
+5.68280000E-03
+5.69633000E-03
+5.69631000E-03
+5.95648000E-03
+5.60520000E-03
+5.68770000E-03
+5.68768000E-03
+5.68505000E-03
+5.68461000E-03
+5.76408000E-03
+5.68945000E-03
+5.68943000E-03
+5.56019000E-03
+5.72443000E-03
+5.65954000E-03
+5.95735000E-03
+5.56981000E-03
+5.68554000E-03
+5.68234000E-03
+5.60928000E-03
+5.65201000E-03
+5.69054000E-03
+5.76746000E-03
+5.83795000E-03
+5.83596000E-03
+5.69846000E-03
+5.69455000E-03
+5.89374000E-03
+5.79282000E-03
+5.61167000E-03
+5.68525000E-03
+5.68526000E-03
+5.68561000E-03
+5.70052000E-03
+5.69114000E-03
+5.68880000E-03
+5.68673000E-03
+5.78582000E-03
+5.65849000E-03
+5.68869000E-03
+5.68752000E-03
+5.68416000E-03
+5.68717000E-03
+5.68688000E-03
+5.68869000E-03
+5.68639000E-03
+5.98190000E-03
+5.67744000E-03
+5.69218000E-03
+5.70132000E-03
+5.66816000E-03
+5.64776000E-03
+5.68759000E-03
+5.69098000E-03
+5.71271000E-03
+5.68828000E-03
+5.68910000E-03
+5.68517000E-03
+5.98808000E-03
+5.58095000E-03
+5.68828000E-03
+5.68671000E-03
+5.69136000E-03
+5.80576000E-03
+5.66455000E-03
+5.69038000E-03
+5.69860000E-03
+5.66423000E-03
+5.69645000E-03
+5.68942000E-03
+5.68156000E-03
+5.57319000E-03
+5.88919000E-03
+5.69947000E-03
+5.69948000E-03
+5.69005000E-03
+5.96219000E-03
+5.59983000E-03
+5.69806000E-03
+5.69797000E-03
+5.68883000E-03
+5.75002000E-03
+5.70764000E-03
+5.89911000E-03
+5.56007000E-03
+5.69219000E-03
+5.68953000E-03
+5.68626000E-03
+5.59115000E-03
+5.68921000E-03
+5.68699000E-03
+5.61388000E-03
+5.65376000E-03
+5.79702000E-03
+5.69056000E-03
+5.86896000E-03
+5.68978000E-03
+5.56182000E-03
+5.68892000E-03
+5.69197000E-03
+5.98114000E-03
+5.65895000E-03
+5.69842000E-03
+5.69854000E-03
+5.69411000E-03
+5.97636000E-03
+5.69050000E-03
+5.69048000E-03
+5.68706000E-03
+5.69561000E-03
+5.89742000E-03
+5.67767000E-03
+5.69038000E-03
+5.68896000E-03
+5.70775000E-03
+5.68735000E-03
+5.69184000E-03
+5.69200000E-03
+5.93275000E-03
+5.68901000E-03
+5.68973000E-03
+5.68851000E-03
+5.73451000E-03
+5.69889000E-03
+5.70070000E-03
+5.69377000E-03
+5.71154000E-03
+5.90181000E-03
+5.69568000E-03
+5.69096000E-03
+5.69217000E-03
+5.98476000E-03
+5.73486000E-03
+5.68688000E-03
+5.69897000E-03
+5.69276000E-03
+5.76472000E-03
+5.84383000E-03
+5.71434000E-03
+5.69813000E-03
+5.90587000E-03
+5.69528000E-03
+5.70047000E-03
+5.69368000E-03
+5.69370000E-03
+5.69895000E-03
+5.80267000E-03
+5.70303000E-03
+5.70746000E-03
+5.70741000E-03
+5.70653000E-03
+5.93992000E-03
+5.63336000E-03
+5.76542000E-03
+5.71131000E-03
+5.70931000E-03
+5.70413000E-03
+5.94878000E-03
+5.70548000E-03
+5.70314000E-03
+5.70486000E-03
+5.85823000E-03
+5.57617000E-03
+5.69928000E-03
+5.70121000E-03
+5.67137000E-03
+5.69848000E-03
+5.61831000E-03
+5.69069000E-03
+5.69390000E-03
+5.84768000E-03
+5.69516000E-03
+5.60832000E-03
+5.69679000E-03
+5.69427000E-03
+5.66193000E-03
+5.69615000E-03
+5.69128000E-03
+5.69516000E-03
+5.92867000E-03
+5.59802000E-03
+5.69446000E-03
+5.69292000E-03
+5.86937000E-03
+5.69602000E-03
+5.70221000E-03
+5.69703000E-03
+5.69972000E-03
+5.83596000E-03
+5.74833000E-03
+5.69545000E-03
+5.69968000E-03
+5.69108000E-03
+5.88710000E-03
+5.69848000E-03
+5.69294000E-03
+5.69548000E-03
+5.79294000E-03
+5.83847000E-03
+5.64630000E-03
+5.69450000E-03
+5.83865000E-03
+5.73131000E-03
+5.69691000E-03
+5.69475000E-03
+5.69548000E-03
+5.80197000E-03
+5.79282000E-03
+5.69440000E-03
+5.69188000E-03
+6.07110000E-03
+5.61767000E-03
+5.69300000E-03
+5.69405000E-03
+5.71714000E-03
+5.89929000E-03
+5.61649000E-03
+5.69537000E-03
+5.81095000E-03
+5.88855000E-03
+5.69870000E-03
+5.69184000E-03
+5.56543000E-03
+5.73941000E-03
+5.69382000E-03
+5.69380000E-03
+5.69335000E-03
+5.70309000E-03
+5.96812000E-03
+5.70151000E-03
+5.69096000E-03
+5.74011000E-03
+5.69284000E-03
+5.72921000E-03
+5.72917000E-03
+5.78961000E-03
+5.69475000E-03
+5.69568000E-03
+5.95654000E-03
+5.69959000E-03
+5.67007000E-03
+5.62885000E-03
+5.70839000E-03
+5.98697000E-03
+5.69411000E-03
+5.69510000E-03
+5.69219000E-03
+5.64910000E-03
+5.68204000E-03
+5.69353000E-03
+5.69397000E-03
+5.93450000E-03
+5.62584000E-03
+5.69837000E-03
+5.69488000E-03
+5.69588000E-03
+5.85590000E-03
+5.70023000E-03
+5.69685000E-03
+5.69277000E-03
+5.82973000E-03
+5.80438000E-03
+5.69329000E-03
+5.69831000E-03
+5.69405000E-03
+5.96802000E-03
+5.68309000E-03
+5.69668000E-03
+5.69668000E-03
+5.69563000E-03
+5.74653000E-03
+5.86191000E-03
+5.69627000E-03
+5.69475000E-03
+5.69299000E-03
+5.69541000E-03
+5.86208000E-03
+5.69306000E-03
+5.70679000E-03
+5.98400000E-03
+5.61202000E-03
+5.69831000E-03
+5.69883000E-03
+5.74303000E-03
+5.69848000E-03
+5.69699000E-03
+5.69638000E-03
+5.88296000E-03
+5.77603000E-03
+5.69930000E-03
+5.69861000E-03
+5.69838000E-03
+5.67341000E-03
+5.61155000E-03
+5.70099000E-03
+5.69756000E-03
+5.76231000E-03
+5.86751000E-03
+5.70151000E-03
+5.69489000E-03
+5.72419000E-03
+5.71271000E-03
+5.98575000E-03
+5.70251000E-03
+5.69522000E-03
+5.69508000E-03
+5.88412000E-03
+5.74693000E-03
+5.69767000E-03
+5.69714000E-03
+5.69952000E-03
+5.93164000E-03
+5.75125000E-03
+5.69510000E-03
+5.69842000E-03
+5.99006000E-03
+5.67545000E-03
+5.67085000E-03
+5.85386000E-03
+5.69951000E-03
+5.67499000E-03
+5.77725000E-03
+5.70215000E-03
+5.70340000E-03
+5.98260000E-03
+5.67714000E-03
+5.69813000E-03
+5.69627000E-03
+5.71498000E-03
+5.83762000E-03
+5.69458000E-03
+5.70227000E-03
+5.79049000E-03
+5.87275000E-03
+5.69708000E-03
+5.69866000E-03
+5.74781000E-03
+5.70129000E-03
+5.72256000E-03
+5.64432000E-03
+5.67738000E-03
+5.70121000E-03
+5.59336000E-03
+5.99348000E-03
+5.79387000E-03
+5.70200000E-03
+5.90908000E-03
+5.74524000E-03
+5.68029000E-03
+5.70422000E-03
+5.69808000E-03
+5.90202000E-03
+5.86372000E-03
+5.70128000E-03
+5.69993000E-03
+5.91100000E-03
+5.61581000E-03
+5.69802000E-03
+5.69807000E-03
+5.70170000E-03
+5.67959000E-03
+5.69982000E-03
+5.70202000E-03
+5.70196000E-03
+5.90704000E-03
+5.93835000E-03
+5.65371000E-03
+5.70857000E-03
+5.69854000E-03
+5.70012000E-03
+5.70612000E-03
+5.68921000E-03
+5.83165000E-03
+5.70283000E-03
+5.70206000E-03
+5.88517000E-03
+5.72900000E-03
+5.70043000E-03
+5.70111000E-03
+5.69833000E-03
+5.91522000E-03
+5.70035000E-03
+5.70986000E-03
+5.83118000E-03
+5.75953000E-03
+5.70406000E-03
+5.70302000E-03
+5.74425000E-03
+5.71067000E-03
+5.70169000E-03
+5.70135000E-03
+5.78501000E-03
+5.81486000E-03
+5.70682000E-03
+5.70475000E-03
+5.70233000E-03
+5.73714000E-03
+5.67423000E-03
+5.70420000E-03
+5.69106000E-03
+5.70711000E-03
+5.83634000E-03
+5.76915000E-03
+5.59604000E-03
+5.70448000E-03
+5.70274000E-03
+5.69259000E-03
+5.70612000E-03
+5.70360000E-03
+5.70361000E-03
+5.74145000E-03
+5.88406000E-03
+5.70099000E-03
+5.83433000E-03
+5.85789000E-03
+5.81520000E-03
+5.71043000E-03
+5.70472000E-03
+5.70772000E-03
+5.77859000E-03
+5.81660000E-03
+4.48900000E-04
+5.70807000E-03
+5.90593000E-03
+5.71516000E-03
+5.70804000E-03
+5.70280000E-03
+5.87841000E-03
+5.86634000E-03
+5.70857000E-03
+5.70790000E-03
+5.79113000E-03
+5.92231000E-03
+5.69294000E-03
+5.70256000E-03
+5.70501000E-03
+5.70522000E-03
+5.75581000E-03
+5.70764000E-03
+5.70358000E-03
+5.70683000E-03
+5.93805000E-03
+5.67026000E-03
+5.70863000E-03
+5.71245000E-03
+5.71879000E-03
+5.66840000E-03
+5.99548000E-03
+5.70985000E-03
+5.71095000E-03
+5.93059000E-03
+5.70670000E-03
+5.70589000E-03
+5.70674000E-03
+5.71117000E-03
+5.91476000E-03
+5.77025000E-03
+5.70911000E-03
+5.70944000E-03
+5.87316000E-03
+5.70746000E-03
+5.70711000E-03
+5.70862000E-03
+5.81101000E-03
+5.86669000E-03
+5.70939000E-03
+5.70889000E-03
+5.98785000E-03
+5.71469000E-03
+5.71702000E-03
+5.70852000E-03
+5.78885000E-03
+5.69373000E-03
+5.70956000E-03
+5.70921000E-03
+5.71313000E-03
+5.66368000E-03
+5.94257000E-03
+5.63674000E-03
+5.71801000E-03
+5.70816000E-03
+5.69213000E-03
+5.94384000E-03
+5.71374000E-03
+5.71261000E-03
+5.90016000E-03
+5.71778000E-03
+5.61173000E-03
+5.71283000E-03
+5.70385000E-03
+5.67528000E-03
+5.71516000E-03
+5.71023000E-03
+5.72145000E-03
+5.95595000E-03
+5.74011000E-03
+5.71589000E-03
+5.70945000E-03
+5.71242000E-03
+5.76606000E-03
+5.71335000E-03
+5.71172000E-03
+5.71118000E-03
+5.81836000E-03
+6.00384000E-03
+5.71323000E-03
+5.72280000E-03
+5.91951000E-03
+5.71389000E-03
+5.70997000E-03
+5.71393000E-03
+5.71248000E-03
+5.67848000E-03
+5.69621000E-03
+5.61554000E-03
+5.71370000E-03
+6.02061000E-03
+5.72140000E-03
+5.71382000E-03
+5.71197000E-03
+5.98178000E-03
+5.77848000E-03
+5.72338000E-03
+5.71409000E-03
+5.71395000E-03
+5.93112000E-03
+5.77247000E-03
+5.71283000E-03
+5.71761000E-03
+5.89036000E-03
+5.65359000E-03
+5.71615000E-03
+5.71615000E-03
+5.81632000E-03
+5.82215000E-03
+5.84156000E-03
+5.71621000E-03
+5.71410000E-03
+5.71796000E-03
+5.72029000E-03
+5.72081000E-03
+5.71740000E-03
+5.71591000E-03
+6.01834000E-03
+5.73201000E-03
+5.71644000E-03
+5.71772000E-03
+5.69784000E-03
+5.68822000E-03
+5.71568000E-03
+5.71566000E-03
+5.71612000E-03
+5.85620000E-03
+5.68391000E-03
+5.71930000E-03
+5.71701000E-03
+5.90779000E-03
+5.84675000E-03
+5.65487000E-03
+5.71807000E-03
+5.72233000E-03
+6.02405000E-03
+5.69254000E-03
+5.72418000E-03
+5.71707000E-03
+5.87917000E-03
+5.61610000E-03
+5.77550000E-03
+5.71726000E-03
+5.71685000E-03
+5.71606000E-03
+5.90736000E-03
+5.73082000E-03
+5.64304000E-03
+5.71772000E-03
+5.88086000E-03
+5.72513000E-03
+5.73125000E-03
+5.71819000E-03
+5.71747000E-03
+5.93823000E-03
+5.71102000E-03
+5.72390000E-03
+6.15104000E-03
+5.80635000E-03
+5.72035000E-03
+5.72334000E-03
+5.72367000E-03
+5.88634000E-03
+5.72728000E-03
+5.71766000E-03
+5.84815000E-03
+5.82040000E-03
+5.70058000E-03
+5.71212000E-03
+5.71993000E-03
+5.77970000E-03
+5.87308000E-03
+5.72169000E-03
+5.71884000E-03
+6.01338000E-03
+5.75247000E-03
+5.60053000E-03
+5.67044000E-03
+5.72245000E-03
+5.72111000E-03
+5.96676000E-03
+5.63085000E-03
+5.72379000E-03
+6.14293000E-03
+5.77189000E-03
+5.63202000E-03
+5.72360000E-03
+5.71925000E-03
+5.68834000E-03
+5.67283000E-03
+5.71494000E-03
+5.71953000E-03
+5.96756000E-03
+5.63534000E-03
+5.60724000E-03
+5.72169000E-03
+5.72877000E-03
+6.00412000E-03
+5.72250000E-03
+5.73762000E-03
+5.72212000E-03
+5.72363000E-03
+5.88960000E-03
+5.72349000E-03
+5.72408000E-03
+5.72365000E-03
+5.85381000E-03
+5.92336000E-03
+5.75580000E-03
+5.72202000E-03
+6.01898000E-03
+5.89199000E-03
+5.67277000E-03
+5.72122000E-03
+5.72110000E-03
+5.72583000E-03
+5.66338000E-03
+5.72326000E-03
+5.72405000E-03
+5.74425000E-03
2021/08/29,19:31:19
