2021/08/29,12:30:34
+1.20000000E-08
+1.20000000E-08
+1.20000000E-08
+1.70000000E-08
+1.60000000E-08
+1.60000000E-08
+1.60000000E-08
+1.60000000E-08
+1.70000000E-08
+2.00000000E-08
+1.90000000E-08
+2.30000000E-08
+2.10000000E-08
+1.60000000E-08
+1.40000000E-08
+1.40000000E-08
+9.00000000E-09
+6.00000000E-09
+1.10000000E-08
+0.00000000E+00
+5.40490000E-03
+5.69684000E-03
+5.69684000E-03
+5.69633000E-03
+5.70900000E-03
+5.73673000E-03
+5.74268000E-03
+5.74266000E-03
+5.74857000E-03
+5.73830000E-03
+5.74204000E-03
+5.72177000E-03
+5.74909000E-03
+5.78497000E-03
+5.89555000E-03
+5.79693000E-03
+5.97928000E-03
+5.99438000E-03
+5.80080000E-03
+5.91572000E-03
+6.09996000E-03
+5.85141000E-03
+6.08865000E-03
+6.15395000E-03
+6.12439000E-03
+6.12492000E-03
+5.79686000E-03
+5.96907000E-03
+5.96936000E-03
+5.78332000E-03
+5.97076000E-03
+5.80640000E-03
+5.96458000E-03
+5.82961000E-03
+5.77772000E-03
+5.84261000E-03
+5.77078000E-03
+5.99705000E-03
+5.77002000E-03
+5.96645000E-03
+5.67044000E-03
+5.78011000E-03
+5.70968000E-03
+5.67226000E-03
+5.72769000E-03
+5.80929000E-03
+5.78629000E-03
+5.74839000E-03
+6.00755000E-03
+5.97001000E-03
+5.98312000E-03
+5.70951000E-03
+5.78090000E-03
+5.76839000E-03
+5.76114000E-03
+6.05011000E-03
+5.65738000E-03
+5.93969000E-03
+5.74139000E-03
+5.67708000E-03
+5.72699000E-03
+5.68420000E-03
+5.72258000E-03
+5.72927000E-03
+5.97648000E-03
+5.73113000E-03
+5.89508000E-03
+5.75329000E-03
+5.92768000E-03
+5.80512000E-03
+5.77725000E-03
+5.97705000E-03
+5.84080000E-03
+5.72478000E-03
+5.83270000E-03
+5.81550000E-03
+5.74944000E-03
+5.72046000E-03
+5.78151000E-03
+5.91794000E-03
+5.81148000E-03
+5.71411000E-03
+6.04061000E-03
+5.87433000E-03
+6.08469000E-03
+5.78326000E-03
+5.95339000E-03
+5.86016000E-03
+5.81591000E-03
+5.91001000E-03
+5.79877000E-03
+5.83025000E-03
+5.86013000E-03
+5.99438000E-03
+5.81643000E-03
+5.74647000E-03
+5.99869000E-03
+5.73294000E-03
+5.83800000E-03
+5.70700000E-03
+5.81299000E-03
+5.80594000E-03
+5.81387000E-03
+5.79917000E-03
+5.80261000E-03
+5.81078000E-03
+5.82104000E-03
+6.08457000E-03
+5.79183000E-03
+5.94970000E-03
+5.80244000E-03
+5.75894000E-03
+5.80419000E-03
+5.69498000E-03
+5.97275000E-03
+5.77982000E-03
+5.83985000E-03
+5.78431000E-03
+5.76571000E-03
+5.80116000E-03
+6.05011000E-03
+5.76489000E-03
+5.92150000E-03
+6.08177000E-03
+5.73947000E-03
+6.02662000E-03
+5.79503000E-03
+5.94062000E-03
+5.78116000E-03
+5.77888000E-03
+5.81484000E-03
+5.78221000E-03
+6.01461000E-03
+5.75469000E-03
+5.98837000E-03
+5.80285000E-03
+5.95520000E-03
+5.76781000E-03
+5.69638000E-03
+5.64700000E-03
+5.76839000E-03
+5.75492000E-03
+5.79702000E-03
+5.86896000E-03
+5.72845000E-03
+5.84506000E-03
+5.95424000E-03
+5.94783000E-03
+5.96417000E-03
+5.77609000E-03
+5.77544000E-03
+5.80594000E-03
+5.74367000E-03
+5.83771000E-03
+5.67248000E-03
+5.84576000E-03
+5.78763000E-03
+5.74524000E-03
+5.72565000E-03
+5.88774000E-03
+5.79474000E-03
+5.74437000E-03
+5.95158000E-03
+5.81859000E-03
+6.01781000E-03
+5.73906000E-03
+6.07950000E-03
+5.79877000E-03
+6.10719000E-03
+5.85287000E-03
+5.86493000E-03
+5.74728000E-03
+5.85853000E-03
+5.87001000E-03
+5.85759000E-03
+5.82613000E-03
+5.82768000E-03
+6.19774000E-03
+5.91637000E-03
+6.12958000E-03
+5.84238000E-03
+5.84236000E-03
+5.70839000E-03
+5.83101000E-03
+5.81602000E-03
+5.81678000E-03
+5.73137000E-03
+5.87013000E-03
+5.82069000E-03
+5.78891000E-03
+6.04289000E-03
+5.81463000E-03
+6.04703000E-03
+5.75348000E-03
+6.11496000E-03
+6.11180000E-03
+5.92855000E-03
+6.11687000E-03
+5.80681000E-03
+6.09513000E-03
+5.97117000E-03
+5.76921000E-03
+6.01770000E-03
+5.80844000E-03
+5.80984000E-03
+5.79358000E-03
+5.79681000E-03
+5.92867000E-03
+5.80605000E-03
+6.02318000E-03
+5.85056000E-03
+5.79894000E-03
+5.70781000E-03
+5.92377000E-03
+5.80244000E-03
+5.69615000E-03
+5.74122000E-03
+6.03122000E-03
+5.87182000E-03
+5.69708000E-03
+6.05350000E-03
+6.10947000E-03
+6.00324000E-03
+5.70367000E-03
+6.03396000E-03
+5.79235000E-03
+6.00906000E-03
+5.81468000E-03
+5.73038000E-03
+5.81233000E-03
+5.74612000E-03
+5.93156000E-03
+5.82500000E-03
+5.82564000E-03
+5.96703000E-03
+5.82287000E-03
+5.86162000E-03
+5.88004000E-03
+5.82553000E-03
+5.70793000E-03
+6.11699000E-03
+5.81707000E-03
+6.09139000E-03
+5.81247000E-03
+5.81387000E-03
+5.98342000E-03
+5.81260000E-03
+5.81590000E-03
+5.81643000E-03
+6.04772000E-03
+5.81130000E-03
+6.01916000E-03
+5.80553000E-03
+6.08749000E-03
+5.78676000E-03
+5.98878000E-03
+5.81547000E-03
+5.81066000E-03
+5.81066000E-03
+5.81836000E-03
+5.81497000E-03
+6.11011000E-03
+5.81571000E-03
+5.98219000E-03
+6.01233000E-03
+5.78524000E-03
+6.06067000E-03
+6.06364000E-03
+6.01916000E-03
+6.00814000E-03
+5.88959000E-03
+5.97519000E-03
+5.94208000E-03
+5.82634000E-03
+6.16731000E-03
+5.85969000E-03
+6.04650000E-03
+5.90360000E-03
+5.86453000E-03
+6.16404000E-03
+5.87684000E-03
+6.15453000E-03
+5.96709000E-03
+6.00411000E-03
+5.90255000E-03
+6.11740000E-03
+6.16223000E-03
+6.19846000E-03
+6.20724000E-03
+5.83841000E-03
+6.12240000E-03
+5.85713000E-03
+6.04784000E-03
+6.03000000E-03
+5.90657000E-03
+5.90564000E-03
+5.85958000E-03
+5.92744000E-03
+5.92736000E-03
+5.40800000E-03
+5.71439000E-03
+5.73259000E-03
+5.70816000E-03
+5.90317000E-03
+5.66811000E-03
+5.63744000E-03
+5.77521000E-03
+5.59633000E-03
+5.71158000E-03
+5.63744000E-03
+5.70367000E-03
+5.78716000E-03
+5.79136000E-03
+5.70717000E-03
+5.82955000E-03
+5.69388000E-03
+5.74007000E-03
+5.72676000E-03
+5.93001000E-03
+5.69784000E-03
+5.70665000E-03
+5.67067000E-03
+5.69889000E-03
+5.69353000E-03
+5.70282000E-03
+5.69743000E-03
+5.71388000E-03
+5.69324000E-03
+5.76431000E-03
+5.75066000E-03
+5.78977000E-03
+5.74629000E-03
+5.67108000E-03
+5.70507000E-03
+5.82786000E-03
+5.70437000E-03
+5.66356000E-03
+5.71469000E-03
+5.70466000E-03
+5.70111000E-03
+5.87170000E-03
+5.69913000E-03
+5.94587000E-03
+5.98388000E-03
+5.59085000E-03
+5.85480000E-03
+5.86459000E-03
+5.71953000E-03
+5.90570000E-03
+5.72303000E-03
+5.71283000E-03
+5.89543000E-03
+5.73119000E-03
+5.98145000E-03
+5.78410000E-03
+5.70594000E-03
+5.68338000E-03
+5.91374000E-03
+5.69994000E-03
+5.70699000E-03
+5.78285000E-03
+5.68105000E-03
+5.81865000E-03
+5.81223000E-03
+6.03233000E-03
+5.92068000E-03
+5.70315000E-03
+5.87870000E-03
+5.88774000E-03
+5.70140000E-03
+5.69743000E-03
+5.98231000E-03
+5.70268000E-03
+5.70291000E-03
+5.90173000E-03
+5.71393000E-03
+5.69726000E-03
+5.70268000E-03
+5.69341000E-03
+5.85095000E-03
+5.70245000E-03
+5.72985000E-03
+5.70530000E-03
+5.73708000E-03
+5.98750000E-03
+5.65347000E-03
+5.73504000E-03
+5.70874000E-03
+5.88709000E-03
+5.70804000E-03
+5.73825000E-03
+5.62747000E-03
+5.70752000E-03
+5.68979000E-03
+5.71265000E-03
+5.73112000E-03
+5.99117000E-03
+5.82314000E-03
+5.73764000E-03
+5.70402000E-03
+5.59680000E-03
+5.97916000E-03
+5.70525000E-03
+5.75099000E-03
+5.94732000E-03
+5.70106000E-03
+5.89823000E-03
+5.75457000E-03
+5.93630000E-03
+5.71888000E-03
+5.68810000E-03
+5.70694000E-03
+5.64298000E-03
+5.85736000E-03
+5.61983000E-03
+5.81177000E-03
+5.71032000E-03
+5.85555000E-03
+5.76825000E-03
+5.83279000E-03
+5.71055000E-03
+5.90139000E-03
+5.85853000E-03
+5.65924000E-03
+5.97789000E-03
+5.70921000E-03
+5.64257000E-03
+5.71434000E-03
+5.71791000E-03
+5.70979000E-03
+5.78151000E-03
+5.59919000E-03
+5.67534000E-03
+5.72868000E-03
+5.73849000E-03
+5.82617000E-03
+5.67422000E-03
+5.73247000E-03
+5.81731000E-03
+5.68257000E-03
+5.71720000E-03
+5.71283000E-03
+5.67994000E-03
+5.71422000E-03
+5.70974000E-03
+5.78676000E-03
+5.72064000E-03
+5.71492000E-03
+5.81958000E-03
+5.96715000E-03
+5.89211000E-03
+5.72052000E-03
+5.84704000E-03
+5.66018000E-03
+5.70525000E-03
+5.74064000E-03
+5.72973000E-03
+5.73591000E-03
+5.99676000E-03
+5.72938000E-03
+5.96505000E-03
+5.71539000E-03
+5.69912000E-03
+5.76536000E-03
+5.71019000E-03
+5.72105000E-03
+5.72513000E-03
+5.71388000E-03
+5.68484000E-03
+5.72134000E-03
+5.87194000E-03
+5.96791000E-03
+5.88781000E-03
+5.88342000E-03
+5.62469000E-03
+5.73988000E-03
+5.77544000E-03
+5.84075000E-03
+6.00096000E-03
+5.83672000E-03
+5.71790000E-03
+5.71859000E-03
+5.91263000E-03
+5.71831000E-03
+5.95590000E-03
+5.64309000E-03
+5.72443000E-03
+5.87998000E-03
+5.72134000E-03
+5.71726000E-03
+5.81643000E-03
+5.62047000E-03
+5.93176000E-03
+5.71061000E-03
+5.93491000E-03
+5.72064000E-03
+5.97875000E-03
+5.87724000E-03
+5.98569000E-03
+5.74078000E-03
+5.70297000E-03
+5.95986000E-03
+5.71941000E-03
+5.88469000E-03
+5.65598000E-03
+5.86879000E-03
+5.75032000E-03
+5.72606000E-03
+5.81398000E-03
+5.72484000E-03
+5.72828000E-03
+5.78874000E-03
+5.72600000E-03
+5.95082000E-03
+5.72501000E-03
+5.72274000E-03
+5.76676000E-03
+5.72793000E-03
+5.96388000E-03
+5.73067000E-03
+5.72728000E-03
+5.73830000E-03
+5.88167000E-03
+5.80833000E-03
+5.72355000E-03
+5.78868000E-03
+5.70251000E-03
+5.73008000E-03
+5.73142000E-03
+5.93246000E-03
+5.72355000E-03
+5.99011000E-03
+5.79509000E-03
+5.72763000E-03
+5.77037000E-03
+5.72505000E-03
+5.96423000E-03
+5.68768000E-03
+5.68886000E-03
+5.74226000E-03
+5.88202000E-03
+5.72973000E-03
+5.93193000E-03
+5.72419000E-03
+5.90336000E-03
+5.76285000E-03
+5.65091000E-03
+5.79142000E-03
+5.74495000E-03
+5.94476000E-03
+5.83638000E-03
+5.73865000E-03
+5.81451000E-03
+5.83754000E-03
+5.72950000E-03
+5.90838000E-03
+5.72670000E-03
+5.90454000E-03
+5.90809000E-03
+5.91223000E-03
+5.87223000E-03
+5.66000000E-03
+5.72419000E-03
+5.80448000E-03
+5.67720000E-03
+5.74460000E-03
+5.73038000E-03
+5.95044000E-03
+5.86564000E-03
+5.82553000E-03
+5.88062000E-03
+5.73784000E-03
+5.62286000E-03
+5.75133000E-03
+5.68746000E-03
+5.95667000E-03
+5.97519000E-03
+5.65674000E-03
+5.68227000E-03
+5.74145000E-03
+5.72938000E-03
+5.89421000E-03
+5.74641000E-03
+5.73434000E-03
+5.83666000E-03
+5.83667000E-03
+5.73376000E-03
+5.79189000E-03
+5.74448000E-03
+6.00277000E-03
+5.81177000E-03
+5.73889000E-03
+5.64030000E-03
+5.85223000E-03
+5.66024000E-03
+5.71277000E-03
+5.73590000E-03
+5.89083000E-03
+5.84961000E-03
+5.69650000E-03
+5.92978000E-03
+5.73347000E-03
+5.88197000E-03
+5.91596000E-03
+5.67773000E-03
+5.76289000E-03
+5.72599000E-03
+5.85829000E-03
+5.73729000E-03
+5.77311000E-03
+5.70845000E-03
+5.73396000E-03
+5.74734000E-03
+5.75049000E-03
+5.71154000E-03
+5.65464000E-03
+6.00108000E-03
+5.88401000E-03
+5.71609000E-03
+5.80774000E-03
+5.82494000E-03
+5.84244000E-03
+5.73644000E-03
+5.74413000E-03
+5.70561000E-03
+5.82535000E-03
+6.03274000E-03
+5.81812000E-03
+5.73825000E-03
+5.85293000E-03
+5.88791000E-03
+5.86891000E-03
+5.67685000E-03
+5.88611000E-03
+5.73947000E-03
+5.73752000E-03
+5.73965000E-03
+5.71119000E-03
+5.80296000E-03
+5.69114000E-03
+5.73755000E-03
+5.94569000E-03
+5.72833000E-03
+5.94988000E-03
+5.94004000E-03
+5.92327000E-03
+5.90896000E-03
+6.01834000E-03
+5.74513000E-03
+5.98032000E-03
+5.74717000E-03
+5.78355000E-03
+5.74787000E-03
+5.67557000E-03
+5.92383000E-03
+5.75795000E-03
+5.76040000E-03
+5.73883000E-03
+6.00808000E-03
+5.74169000E-03
+5.78758000E-03
+5.73965000E-03
+5.93047000E-03
+5.82868000E-03
+6.00580000E-03
+5.78460000E-03
+5.74180000E-03
+5.72564000E-03
+5.76547000E-03
+5.72944000E-03
+5.88313000E-03
+5.74798000E-03
+5.74979000E-03
+5.75012000E-03
+5.82897000E-03
+6.01146000E-03
+5.68822000E-03
+5.74364000E-03
+5.99234000E-03
+5.99236000E-03
+5.73662000E-03
+5.69708000E-03
+5.74256000E-03
+5.64586000E-03
+5.74701000E-03
+5.64805000E-03
+5.95356000E-03
+6.02965000E-03
+5.69743000E-03
+5.76285000E-03
+5.74655000E-03
+5.74956000E-03
+5.91123000E-03
+5.65895000E-03
+5.74413000E-03
+6.02242000E-03
+5.64489000E-03
+5.95889000E-03
+5.86418000E-03
+5.80465000E-03
+6.03356000E-03
+5.74641000E-03
+5.69114000E-03
+5.75084000E-03
+5.75079000E-03
+5.75661000E-03
+5.92838000E-03
+5.97304000E-03
+5.74915000E-03
+5.96004000E-03
+5.64012000E-03
+5.93549000E-03
+5.73790000E-03
+5.98557000E-03
+5.86279000E-03
+6.04207000E-03
+6.02683000E-03
+5.75953000E-03
+5.94214000E-03
+5.74758000E-03
+5.90995000E-03
+5.68741000E-03
+5.72594000E-03
+5.74985000E-03
+5.77404000E-03
+5.93426000E-03
+5.63540000E-03
+5.94423000E-03
+5.75539000E-03
+5.84453000E-03
+5.72349000E-03
+5.72180000E-03
+5.76786000E-03
+5.64700000E-03
+5.71821000E-03
+5.76069000E-03
+5.71026000E-03
+5.96919000E-03
+5.85684000E-03
+5.90791000E-03
+5.75690000E-03
+5.93683000E-03
+5.77165000E-03
+5.64927000E-03
+5.71911000E-03
+5.75230000E-03
+5.79597000E-03
+5.64234000E-03
+5.73446000E-03
+5.91572000E-03
+5.76104000E-03
+5.75276000E-03
+5.80419000E-03
+5.75725000E-03
+5.75673000E-03
+5.74932000E-03
+5.74367000E-03
+5.86873000E-03
+5.75359000E-03
+5.72361000E-03
+5.76227000E-03
+5.77081000E-03
+5.86908000E-03
+5.77049000E-03
+5.88447000E-03
+5.86873000E-03
+5.79450000E-03
+6.05058000E-03
+5.69528000E-03
+5.91013000E-03
+5.96120000E-03
+5.96013000E-03
+5.80872000E-03
+5.76641000E-03
+5.83579000E-03
+6.03309000E-03
+5.80261000E-03
+5.76629000E-03
+5.75725000E-03
+5.85532000E-03
+5.73632000E-03
+5.76190000E-03
+5.74518000E-03
+5.76752000E-03
+5.68286000E-03
+5.75457000E-03
+5.78964000E-03
+5.76064000E-03
+5.76063000E-03
+5.76891000E-03
+6.01426000E-03
+5.92354000E-03
+5.93689000E-03
+5.78011000E-03
+5.76408000E-03
+5.73481000E-03
+5.72589000E-03
+5.79678000E-03
+5.76757000E-03
+5.76209000E-03
+5.76011000E-03
+5.67114000E-03
+5.76483000E-03
+5.97496000E-03
+5.77037000E-03
+5.77737000E-03
+5.76729000E-03
+5.68146000E-03
+5.92155000E-03
+5.77002000E-03
+5.80118000E-03
+5.88809000E-03
+5.82138000E-03
+5.76524000E-03
+5.76983000E-03
+5.77346000E-03
+5.75113000E-03
+5.76594000E-03
+5.89684000E-03
+5.75597000E-03
+5.76862000E-03
+5.83795000E-03
+5.80005000E-03
+5.91922000E-03
+5.77008000E-03
+5.66152000E-03
+5.97619000E-03
+5.72137000E-03
+5.90226000E-03
+5.95910000E-03
+5.77556000E-03
+5.77260000E-03
+5.77282000E-03
+5.99537000E-03
+5.98621000E-03
+5.77760000E-03
+5.81352000E-03
+5.81898000E-03
+5.89433000E-03
+5.69586000E-03
+5.78069000E-03
+5.78122000E-03
+5.71562000E-03
+5.67394000E-03
+5.93333000E-03
+5.72256000E-03
+5.80355000E-03
+5.77859000E-03
+5.73994000E-03
+5.78831000E-03
+5.78104000E-03
+5.96947000E-03
+5.80780000E-03
+5.72763000E-03
+5.80553000E-03
+5.97811000E-03
+5.82577000E-03
+5.75539000E-03
+5.70595000E-03
+5.83818000E-03
+5.84340000E-03
+6.01023000E-03
+5.72285000E-03
+5.79043000E-03
+5.76017000E-03
+6.08609000E-03
+5.92826000E-03
+5.92825000E-03
+6.02096000E-03
+5.80312000E-03
+5.76104000E-03
+6.04277000E-03
+5.76390000E-03
+5.72956000E-03
+5.72472000E-03
+6.01654000E-03
+5.80879000E-03
+5.73696000E-03
+5.79503000E-03
+5.79235000E-03
+5.90663000E-03
+5.89911000E-03
+6.08970000E-03
+6.08865000E-03
+5.79439000E-03
+5.95951000E-03
+5.79982000E-03
+5.94354000E-03
+6.03977000E-03
+5.80145000E-03
+5.97111000E-03
+6.01490000E-03
+5.79696000E-03
+5.82133000E-03
+6.00505000E-03
+5.86473000E-03
+6.00755000E-03
+5.86943000E-03
+5.80668000E-03
+5.81760000E-03
+5.74810000E-03
+5.96056000E-03
+5.72402000E-03
+5.98872000E-03
+5.80745000E-03
+5.96563000E-03
+5.95100000E-03
+5.81573000E-03
+5.78267000E-03
+5.81317000E-03
+6.08288000E-03
+5.89890000E-03
+5.84063000E-03
+5.93491000E-03
+5.77970000E-03
+6.04475000E-03
+5.81398000E-03
+5.71422000E-03
+5.81241000E-03
+5.76635000E-03
+5.73691000E-03
+5.81649000E-03
+5.93811000E-03
+5.74454000E-03
+5.82191000E-03
+5.81360000E-03
+5.80026000E-03
+5.87415000E-03
+5.88704000E-03
+5.75988000E-03
+5.97449000E-03
+6.10725000E-03
+5.83263000E-03
+5.76705000E-03
+5.73073000E-03
+5.99584000E-03
+5.86412000E-03
+6.10906000E-03
+5.75236000E-03
+6.09676000E-03
+5.86663000E-03
+5.90370000E-03
+6.10428000E-03
+5.85635000E-03
+6.07355000E-03
+6.16521000E-03
+5.82594000E-03
+6.02510000E-03
+5.84045000E-03
+5.79950000E-03
+6.07973000E-03
+5.78681000E-03
+6.11227000E-03
+5.96814000E-03
+6.12037000E-03
+5.95152000E-03
+5.85964000E-03
+6.00778000E-03
+5.87709000E-03
+5.89841000E-03
+5.85217000E-03
+5.76915000E-03
+5.86031000E-03
+5.74087000E-03
+5.75475000E-03
+6.07909000E-03
+5.83031000E-03
+5.78950000E-03
+6.02720000E-03
+5.88057000E-03
+5.99513000E-03
+5.72846000E-03
+5.90074000E-03
+6.11672000E-03
+5.82973000E-03
+5.92220000E-03
+5.97391000E-03
+5.83754000E-03
+6.02994000E-03
+5.72763000E-03
+6.03111000E-03
+5.83311000E-03
+5.74827000E-03
+5.83958000E-03
+6.12239000E-03
+5.83795000E-03
+5.82185000E-03
+6.07962000E-03
+5.74833000E-03
+5.83276000E-03
+5.88010000E-03
+5.83602000E-03
+6.12865000E-03
+5.83112000E-03
+5.87054000E-03
+6.01263000E-03
+5.82728000E-03
+5.86261000E-03
+5.79515000E-03
+5.81976000E-03
+5.77463000E-03
+6.00359000E-03
+6.01945000E-03
+6.04026000E-03
+5.84838000E-03
+5.99140000E-03
+6.07151000E-03
+5.82559000E-03
+5.74134000E-03
+5.81932000E-03
+5.72408000E-03
+5.92698000E-03
+5.82145000E-03
+5.76005000E-03
+5.82716000E-03
+5.72583000E-03
+5.82879000E-03
+5.81474000E-03
+5.82584000E-03
+5.92663000E-03
+5.76902000E-03
+5.93106000E-03
+5.93928000E-03
+5.70665000E-03
+5.70663000E-03
+5.81414000E-03
+5.84617000E-03
+5.81148000E-03
+5.81597000E-03
+5.80751000E-03
+5.85503000E-03
+5.81209000E-03
+5.86412000E-03
+5.96366000E-03
+5.81433000E-03
+6.02778000E-03
+5.81334000E-03
+5.88622000E-03
+5.95030000E-03
+6.03012000E-03
+5.99438000E-03
+5.69673000E-03
+6.02720000E-03
+5.81748000E-03
+5.79235000E-03
+5.90902000E-03
+5.81381000E-03
+5.81451000E-03
+5.81369000E-03
+5.95715000E-03
+5.73067000E-03
+5.71014000E-03
+6.07752000E-03
+5.81562000E-03
+5.96954000E-03
+6.12126000E-03
+5.94464000E-03
+5.77014000E-03
+5.82500000E-03
+5.80413000E-03
+5.94418000E-03
+5.82028000E-03
+5.77731000E-03
+5.75941000E-03
+6.03682000E-03
+5.73965000E-03
+5.81352000E-03
+5.74174000E-03
+5.81958000E-03
+5.99647000E-03
+6.08912000E-03
+5.74233000E-03
+6.05793000E-03
+5.92021000E-03
+6.06049000E-03
+5.96441000E-03
+5.82209000E-03
+5.78839000E-03
+5.86640000E-03
+5.83503000E-03
+5.88150000E-03
+5.75766000E-03
+6.12964000E-03
+5.83421000E-03
+5.72787000E-03
+5.81690000E-03
+5.72437000E-03
+6.03828000E-03
+6.12329000E-03
+5.80967000E-03
+5.90126000E-03
+5.94377000E-03
+5.85917000E-03
+5.82290000E-03
+6.10438000E-03
+5.81579000E-03
+5.95968000E-03
+5.81591000E-03
+5.82588000E-03
+5.85566000E-03
+5.69469000E-03
+5.90115000E-03
+5.81653000E-03
+5.82862000E-03
+5.83725000E-03
+5.81497000E-03
+5.74973000E-03
+5.96775000E-03
+5.81229000E-03
+5.81235000E-03
+6.11507000E-03
+5.81398000E-03
+5.90884000E-03
+6.01956000E-03
+6.03816000E-03
+6.06440000E-03
+5.82611000E-03
+6.10151000E-03
+5.79299000E-03
+5.71901000E-03
+5.80699000E-03
+5.80349000E-03
+5.82150000E-03
+5.81014000E-03
+5.81253000E-03
+5.82395000E-03
+6.11384000E-03
+5.81422000E-03
+6.02411000E-03
+5.81292000E-03
+5.96178000E-03
+5.73399000E-03
+5.77912000E-03
+6.03362000E-03
+6.08615000E-03
+5.81748000E-03
+5.86430000E-03
+5.93403000E-03
+5.83573000E-03
+6.09834000E-03
+5.76384000E-03
+5.92668000E-03
+5.81352000E-03
+5.82022000E-03
+5.77953000E-03
+5.74466000E-03
+5.70577000E-03
+5.94645000E-03
+5.81958000E-03
+5.81352000E-03
+5.81846000E-03
+5.71388000E-03
+6.06883000E-03
+5.81258000E-03
+6.12795000E-03
+6.12792000E-03
+5.79224000E-03
+6.04627000E-03
+6.11985000E-03
+6.09612000E-03
+6.07099000E-03
+5.81043000E-03
+5.99426000E-03
+5.97368000E-03
+5.81293000E-03
+5.99421000E-03
+5.78699000E-03
+5.81153000E-03
+5.85386000E-03
+5.81305000E-03
+6.05951000E-03
+5.88774000E-03
+5.88776000E-03
+5.81328000E-03
+5.85719000E-03
+5.81906000E-03
+5.95531000E-03
+5.95980000E-03
+5.85381000E-03
+5.81323000E-03
+5.97963000E-03
+5.91699000E-03
+5.78763000E-03
+5.78355000E-03
+6.03361000E-03
+5.82551000E-03
+5.80384000E-03
+5.96744000E-03
+5.70122000E-03
+5.92447000E-03
+6.00038000E-03
+5.81129000E-03
+6.06294000E-03
+5.99274000E-03
+6.01544000E-03
+6.02615000E-03
+5.80209000E-03
+5.80693000E-03
+6.02621000E-03
+5.80250000E-03
+5.94348000E-03
+5.74597000E-03
+5.70181000E-03
+6.11693000E-03
+5.69918000E-03
+5.87433000E-03
+5.96272000E-03
+5.83136000E-03
+6.02691000E-03
+6.09577000E-03
+5.77090000E-03
+5.80599000E-03
+5.71328000E-03
+5.93757000E-03
+5.80477000E-03
+5.96925000E-03
+5.81655000E-03
+5.80413000E-03
+5.92161000E-03
+5.81532000E-03
+5.80757000E-03
+5.78751000E-03
+5.81865000E-03
+5.79515000E-03
+5.93362000E-03
+5.80182000E-03
+5.73644000E-03
+5.79043000E-03
+6.11466000E-03
+5.77603000E-03
+6.11711000E-03
+5.80465000E-03
+5.95129000E-03
+5.91963000E-03
+5.94546000E-03
+5.80413000E-03
+5.77655000E-03
+6.02458000E-03
+5.78843000E-03
+5.95234000E-03
+5.81142000E-03
+6.08451000E-03
+5.86867000E-03
+5.81095000E-03
+5.90389000E-03
+5.79066000E-03
+5.71329000E-03
+5.86115000E-03
+5.99455000E-03
+6.04493000E-03
+6.00714000E-03
+0.00000000E+00
+2.50000000E-06
-1.50000000E-07
-4.95000000E-07
2021/08/29,13:02:26
