2021/08/29,00:07:36
-6.80000000E-08
-6.40000000E-08
-6.90000000E-08
-6.70000000E-08
-7.10000000E-08
-7.10000000E-08
+5.65970000E-03
+5.65970000E-03
+5.65901000E-03
+5.66696000E-03
+5.66636000E-03
+5.65376000E-03
+5.65382000E-03
+5.65454000E-03
+5.66980000E-03
+5.64625000E-03
+5.65540000E-03
+5.65448000E-03
+5.65476000E-03
+5.65505000E-03
+5.65889000E-03
+5.66564000E-03
+5.67948000E-03
+5.65318000E-03
+5.77783000E-03
+5.58683000E-03
+5.73551000E-03
+5.73551000E-03
+5.54637000E-03
+5.67813000E-03
+5.90336000E-03
+5.66886000E-03
+5.86039000E-03
+5.90587000E-03
+5.57091000E-03
+5.74775000E-03
+5.78172000E-03
+5.67330000E-03
+5.65184000E-03
+5.61208000E-03
+5.80221000E-03
+5.64799000E-03
+5.85474000E-03
+5.60555000E-03
+5.83019000E-03
+5.64770000E-03
+5.87229000E-03
+5.60391000E-03
+5.71014000E-03
+5.64930000E-03
+5.62531000E-03
+5.62420000E-03
+5.85124000E-03
+5.82763000E-03
+5.89159000E-03
+5.70488000E-03
+5.92773000E-03
+5.72775000E-03
+5.65242000E-03
+5.84214000E-03
+5.66997000E-03
+5.57354000E-03
+5.65843000E-03
+5.59056000E-03
+5.80174000E-03
+5.66436000E-03
+5.72583000E-03
+5.94295000E-03
+5.83958000E-03
+5.60502000E-03
+5.66607000E-03
+5.67837000E-03
+5.65785000E-03
+5.82792000E-03
+5.67580000E-03
+5.63936000E-03
+5.59155000E-03
+5.76571000E-03
+5.57978000E-03
+5.73142000E-03
+5.73918000E-03
+5.93818000E-03
+5.86337000E-03
+5.66461000E-03
+5.67586000E-03
+5.66018000E-03
+5.67201000E-03
+5.66251000E-03
+5.72889000E-03
+5.92983000E-03
+5.65989000E-03
+5.94931000E-03
+5.66286000E-03
+5.64195000E-03
+5.92278000E-03
+5.68286000E-03
+5.81107000E-03
+5.65079000E-03
+5.65551000E-03
+5.72472000E-03
+5.63033000E-03
+5.66536000E-03
+5.64531000E-03
+5.94184000E-03
+5.59319000E-03
+5.84867000E-03
+5.65878000E-03
+5.55523000E-03
+5.66025000E-03
+5.66443000E-03
+5.66857000E-03
+5.65808000E-03
+5.77235000E-03
+5.66012000E-03
+5.70268000E-03
+5.77988000E-03
+5.93310000E-03
+5.71956000E-03
+5.88529000E-03
+5.65703000E-03
+5.79573000E-03
+5.61610000E-03
+5.70216000E-03
+5.58543000E-03
+5.70956000E-03
+5.65394000E-03
+5.72245000E-03
+5.93298000E-03
+5.65638000E-03
+5.87499000E-03
+5.78433000E-03
+5.65557000E-03
+5.65406000E-03
+5.81025000E-03
+5.65406000E-03
+5.94989000E-03
+5.65901000E-03
+5.74583000E-03
+5.66047000E-03
+5.78961000E-03
+5.65362000E-03
+5.66000000E-03
+5.65831000E-03
+5.59342000E-03
+5.67009000E-03
+5.66047000E-03
+5.88483000E-03
+5.69918000E-03
+5.64181000E-03
+5.73267000E-03
+5.66228000E-03
+5.75300000E-03
+5.80425000E-03
+5.62198000E-03
+5.71131000E-03
+5.71909000E-03
+5.75703000E-03
+5.66268000E-03
+5.56415000E-03
+5.65072000E-03
+5.67633000E-03
+5.74379000E-03
+5.81681000E-03
+5.95817000E-03
+5.77836000E-03
+5.70146000E-03
+5.69516000E-03
+5.87300000E-03
+5.89001000E-03
+5.67499000E-03
+5.54934000E-03
+5.86873000E-03
+5.66589000E-03
+5.66589000E-03
+5.71574000E-03
+5.66531000E-03
+5.74607000E-03
+5.70845000E-03
+5.87637000E-03
+5.59890000E-03
+5.66636000E-03
+5.66572000E-03
+5.72460000E-03
+5.61918000E-03
+5.66770000E-03
+5.81976000E-03
+5.73302000E-03
+5.79859000E-03
+5.84389000E-03
+5.66589000E-03
+5.69848000E-03
+5.78332000E-03
+5.66642000E-03
+5.84264000E-03
+5.89030000E-03
+5.57937000E-03
+5.81637000E-03
+5.96808000E-03
+5.66799000E-03
+5.73148000E-03
+5.66869000E-03
+5.76137000E-03
+5.66921000E-03
+5.96237000E-03
+5.64129000E-03
+5.87409000E-03
+5.73177000E-03
+5.65499000E-03
+5.61091000E-03
+5.69807000E-03
+5.66746000E-03
+5.63721000E-03
+5.66828000E-03
+5.84325000E-03
+5.60281000E-03
+5.81445000E-03
+5.67510000E-03
+5.65067000E-03
+5.97356000E-03
+5.54683000E-03
+5.73492000E-03
+5.69195000E-03
+5.57721000E-03
+5.65094000E-03
+5.67091000E-03
+5.88191000E-03
+5.67289000E-03
+5.66857000E-03
+5.86359000E-03
+5.96359000E-03
+5.66472000E-03
+5.65849000E-03
+5.84209000E-03
+5.67499000E-03
+5.59091000E-03
+5.70921000E-03
+5.69866000E-03
+5.64041000E-03
+5.78938000E-03
+5.67689000E-03
+5.79043000E-03
+5.67323000E-03
+5.64181000E-03
+5.93754000E-03
+5.67481000E-03
+5.70845000E-03
+5.67569000E-03
+5.59307000E-03
+5.72898000E-03
+5.64910000E-03
+5.60865000E-03
+5.89129000E-03
+5.85585000E-03
+5.74297000E-03
+5.79486000E-03
+5.96995000E-03
+5.67435000E-03
+5.60689000E-03
+5.68303000E-03
+5.70105000E-03
+5.59698000E-03
+5.91706000E-03
+5.67499000E-03
+5.59773000E-03
+5.89100000E-03
+5.60316000E-03
+5.71755000E-03
+5.64094000E-03
+5.78850000E-03
+5.58910000E-03
+5.86931000E-03
+5.59074000E-03
+5.90091000E-03
+5.92173000E-03
+5.61750000E-03
+5.73778000E-03
+5.97525000E-03
+5.57849000E-03
+5.67045000E-03
+5.67534000E-03
+5.59598000E-03
+5.95391000E-03
+5.67691000E-03
+5.91736000E-03
+5.83771000E-03
+5.86780000E-03
+5.73142000E-03
+5.68484000E-03
+5.89922000E-03
+5.96802000E-03
+5.70227000E-03
+5.76413000E-03
+5.67627000E-03
+5.73128000E-03
+5.67382000E-03
+5.67236000E-03
+5.73481000E-03
+5.76273000E-03
+5.65879000E-03
+5.91718000E-03
+5.68052000E-03
+5.94864000E-03
+5.67405000E-03
+5.89520000E-03
+5.67691000E-03
+5.67936000E-03
+5.78297000E-03
+5.55675000E-03
+5.83777000E-03
+5.55785000E-03
+5.69732000E-03
+5.69050000E-03
+5.67773000E-03
+5.69831000E-03
+5.63677000E-03
+5.67388000E-03
+5.74985000E-03
+5.66778000E-03
+5.78257000E-03
+5.76448000E-03
+5.97111000E-03
+5.62205000E-03
+5.79591000E-03
+5.67924000E-03
+5.85894000E-03
+5.84477000E-03
+5.65084000E-03
+5.95709000E-03
+5.88716000E-03
+5.89171000E-03
+5.58344000E-03
+5.67165000E-03
+5.78028000E-03
+5.59179000E-03
+5.67347000E-03
+5.66566000E-03
+5.56409000E-03
+5.63534000E-03
+5.85894000E-03
+5.67353000E-03
+5.67355000E-03
+5.71504000E-03
+5.67790000E-03
+5.96674000E-03
+5.63103000E-03
+5.92151000E-03
+5.87491000E-03
+5.83019000E-03
+5.92325000E-03
+5.71207000E-03
+5.64111000E-03
+5.68367000E-03
+5.60712000E-03
+5.67416000E-03
+5.67703000E-03
+5.78238000E-03
+5.79424000E-03
+5.67656000E-03
+5.96709000E-03
+5.61147000E-03
+5.92045000E-03
+5.69399000E-03
+5.67341000E-03
+5.65044000E-03
+5.72256000E-03
+5.67073000E-03
+5.60753000E-03
+5.67464000E-03
+5.65703000E-03
+5.61447000E-03
+5.67697000E-03
+5.67439000E-03
+5.67767000E-03
+5.84296000E-03
+5.67143000E-03
+5.84337000E-03
+5.68548000E-03
+5.75008000E-03
+5.79428000E-03
+5.61178000E-03
+5.97105000E-03
+5.84191000E-03
+5.63860000E-03
+5.69621000E-03
+5.67131000E-03
+5.59091000E-03
+5.67586000E-03
+5.60222000E-03
+5.68464000E-03
+5.55855000E-03
+5.68449000E-03
+5.96872000E-03
+5.61178000E-03
+6.00791000E-03
+5.86034000E-03
+5.57132000E-03
+5.65665000E-03
+5.89817000E-03
+5.67868000E-03
+5.88931000E-03
+5.67312000E-03
+5.59298000E-03
+5.87730000E-03
+5.75539000E-03
+5.89707000E-03
+5.70076000E-03
+5.82513000E-03
+5.67834000E-03
+5.66746000E-03
+5.84407000E-03
+5.68467000E-03
+5.97269000E-03
+5.67254000E-03
+5.84692000E-03
+5.67983000E-03
+5.57715000E-03
+5.62205000E-03
+5.69475000E-03
+5.66916000E-03
+5.70752000E-03
+5.62496000E-03
+5.94738000E-03
+5.64776000E-03
+5.91951000E-03
+5.89835000E-03
+5.61791000E-03
+5.76122000E-03
+5.71720000E-03
+5.74886000E-03
+5.65791000E-03
+5.68461000E-03
+5.78745000E-03
+5.60333000E-03
+5.88418000E-03
+5.67565000E-03
+5.75568000E-03
+5.97444000E-03
+5.57954000E-03
+5.68950000E-03
+5.70595000E-03
+5.96942000E-03
+5.64099000E-03
+5.55721000E-03
+5.67852000E-03
+5.67650000E-03
+5.89900000E-03
+5.70589000E-03
+5.70583000E-03
+5.71335000E-03
+5.67726000E-03
+5.67219000E-03
+5.67773000E-03
+5.90640000E-03
+5.67662000E-03
+5.84599000E-03
+5.56887000E-03
+5.91100000E-03
+5.67691000E-03
+5.74577000E-03
+5.62001000E-03
+5.68338000E-03
+5.66478000E-03
+5.68292000E-03
+5.56363000E-03
+5.67860000E-03
+5.62449000E-03
+5.95076000E-03
+5.62385000E-03
+5.88902000E-03
+5.65263000E-03
+5.84564000E-03
+5.90045000E-03
+5.74797000E-03
+5.66951000E-03
+5.74874000E-03
+5.68781000E-03
+5.68192000E-03
+5.67407000E-03
+5.88943000E-03
+5.68292000E-03
+5.64065000E-03
+5.68061000E-03
+5.68070000E-03
+5.69084000E-03
+5.67948000E-03
+5.68129000E-03
+5.68111000E-03
+5.55960000E-03
+5.87007000E-03
+5.68134000E-03
+5.61662000E-03
+5.71743000E-03
+5.76757000E-03
+5.79743000E-03
+5.68478000E-03
+5.57569000E-03
+5.85176000E-03
+5.68356000E-03
+5.87759000E-03
+5.83048000E-03
+5.68851000E-03
+5.68233000E-03
+5.83544000E-03
+5.56234000E-03
+5.68198000E-03
+5.86617000E-03
+5.68210000E-03
+5.87888000E-03
+5.67918000E-03
+5.82932000E-03
+5.88010000E-03
+5.86191000E-03
+5.89736000E-03
+5.75657000E-03
+5.73376000E-03
+5.85112000E-03
+5.78215000E-03
+5.93053000E-03
+5.80769000E-03
+5.68822000E-03
+5.98412000E-03
+5.69668000E-03
+5.89355000E-03
+5.70659000E-03
+5.68513000E-03
+5.59499000E-03
+5.68921000E-03
+5.68694000E-03
+5.67487000E-03
+5.65685000E-03
+5.68892000E-03
+5.78151000E-03
+5.76017000E-03
+5.89077000E-03
+5.78967000E-03
+5.63586000E-03
+5.68924000E-03
+5.67050000E-03
+5.68257000E-03
+5.83876000E-03
+5.68869000E-03
+5.75497000E-03
+5.83398000E-03
+5.75488000E-03
+5.68238000E-03
+5.69848000E-03
+5.90685000E-03
+5.82926000E-03
+5.73131000E-03
+5.97776000E-03
+5.73280000E-03
+5.94254000E-03
+5.66538000E-03
+5.66712000E-03
+5.80722000E-03
+5.68962000E-03
+5.78046000E-03
+5.68770000E-03
+5.83480000E-03
+5.93193000E-03
+5.87660000E-03
+5.57657000E-03
+5.68991000E-03
+5.71422000E-03
+5.69399000E-03
+5.70565000E-03
+5.69324000E-03
+5.66292000E-03
+5.62047000E-03
+5.91823000E-03
+5.68603000E-03
+5.76728000E-03
+5.69265000E-03
+5.69003000E-03
+5.69186000E-03
+5.74827000E-03
+5.81515000E-03
+5.75941000E-03
+5.69248000E-03
+5.91794000E-03
+5.62356000E-03
+5.70622000E-03
+5.99904000E-03
+5.69609000E-03
+5.82051000E-03
+5.71877000E-03
+5.59406000E-03
+5.74011000E-03
+5.73306000E-03
+5.81993000E-03
+5.69277000E-03
+5.79281000E-03
+5.86308000E-03
+5.68515000E-03
+5.70768000E-03
+5.64041000E-03
+5.68181000E-03
+5.75469000E-03
+5.68985000E-03
+5.77393000E-03
+5.86010000E-03
+5.69860000E-03
+5.89736000E-03
+5.69627000E-03
+5.67959000E-03
+5.70221000E-03
+5.70099000E-03
+5.71183000E-03
+6.11571000E-03
+5.71411000E-03
+5.90389000E-03
+5.76437000E-03
+5.71228000E-03
+5.62403000E-03
+5.71761000E-03
+5.68904000E-03
+5.84448000E-03
+5.66968000E-03
+5.77014000E-03
+5.99799000E-03
+5.80964000E-03
+5.81083000E-03
+5.57611000E-03
+5.70481000E-03
+5.64892000E-03
+5.71732000E-03
+5.93108000E-03
+5.84949000E-03
+5.60071000E-03
+5.95479000E-03
+5.74839000E-03
+5.75671000E-03
+5.89555000E-03
+5.70694000E-03
+5.93205000E-03
+5.69901000E-03
+5.80005000E-03
+5.75201000E-03
+5.99498000E-03
+5.85381000E-03
+5.89736000E-03
+5.67487000E-03
+5.92797000E-03
+5.71836000E-03
+5.69739000E-03
+5.69604000E-03
+5.66675000E-03
+5.57610000E-03
+5.69857000E-03
+5.59389000E-03
+5.65697000E-03
+5.81839000E-03
+5.78489000E-03
+5.98231000E-03
+5.99529000E-03
+5.89841000E-03
+5.70729000E-03
+5.64426000E-03
+5.63785000E-03
+5.73702000E-03
+5.70058000E-03
+5.75578000E-03
+5.70221000E-03
+5.78693000E-03
+5.69796000E-03
+5.79655000E-03
+5.67843000E-03
+5.73778000E-03
+5.62805000E-03
+5.70682000E-03
+5.62554000E-03
+5.87958000E-03
+5.68801000E-03
+5.70093000E-03
+5.69506000E-03
+5.72177000E-03
+5.80862000E-03
+5.70140000E-03
+5.82634000E-03
+5.70099000E-03
+5.73137000E-03
+5.70052000E-03
+5.67994000E-03
+5.75824000E-03
+5.68682000E-03
+5.97245000E-03
+5.72070000E-03
+5.78419000E-03
+5.70577000E-03
+5.89782000E-03
+5.75142000E-03
+5.70192000E-03
+5.82395000E-03
+5.73691000E-03
+5.70268000E-03
+5.74892000E-03
+5.70437000E-03
+5.70431000E-03
+5.70072000E-03
+5.89747000E-03
+5.80938000E-03
+5.70449000E-03
+5.92105000E-03
+5.70414000E-03
+5.66741000E-03
+5.59575000E-03
+5.71627000E-03
+5.63686000E-03
+5.81363000E-03
+5.69388000E-03
+5.73845000E-03
+5.75836000E-03
+5.67032000E-03
+5.92873000E-03
+5.88940000E-03
+5.93234000E-03
+5.70379000E-03
+5.80430000E-03
+5.74460000E-03
+5.92453000E-03
+5.80990000E-03
+5.70682000E-03
+5.69423000E-03
+5.83818000E-03
+5.70490000E-03
+5.80664000E-03
+5.93907000E-03
+5.89386000E-03
+5.65545000E-03
+5.68963000E-03
+5.66986000E-03
+5.70869000E-03
+5.91492000E-03
+5.70443000E-03
+5.92622000E-03
+5.87001000E-03
+5.69994000E-03
+5.70274000E-03
+5.65674000E-03
+5.76582000E-03
+5.70682000E-03
+5.62525000E-03
+5.89538000E-03
+5.61203000E-03
+5.78839000E-03
+5.70577000E-03
+5.79830000E-03
+5.85211000E-03
+5.64082000E-03
+5.72167000E-03
+5.86139000E-03
+5.72215000E-03
+5.72214000E-03
+5.71329000E-03
+5.84529000E-03
+5.69815000E-03
+5.70749000E-03
+6.03816000E-03
+5.90644000E-03
+5.68315000E-03
+5.63983000E-03
+5.73830000E-03
+5.73201000E-03
+5.68980000E-03
+5.69294000E-03
+5.71242000E-03
+5.68484000E-03
+5.70466000E-03
+5.96511000E-03
+5.68099000E-03
+5.95590000E-03
+5.70641000E-03
+5.83235000E-03
+5.63798000E-03
+5.71708000E-03
+6.00738000E-03
+5.69475000E-03
+6.00709000E-03
+5.83229000E-03
+5.66303000E-03
+5.83929000E-03
+5.70775000E-03
+5.90785000E-03
+5.73212000E-03
+5.90039000E-03
+5.95922000E-03
+5.95939000E-03
+5.87479000E-03
+5.90167000E-03
+5.78326000E-03
+5.85876000E-03
+5.93333000E-03
+5.69125000E-03
+5.71067000E-03
+5.85509000E-03
+5.69343000E-03
+5.95106000E-03
+5.70898000E-03
+5.72868000E-03
+5.65779000E-03
+5.76553000E-03
+5.95741000E-03
+5.71361000E-03
+5.91905000E-03
+5.70513000E-03
+5.88564000E-03
+5.77247000E-03
+5.71119000E-03
+5.86908000E-03
+5.65196000E-03
+5.81241000E-03
+5.59190000E-03
+5.71131000E-03
+5.91170000E-03
+5.71101000E-03
+5.77300000E-03
+5.70827000E-03
+5.72653000E-03
+5.70901000E-03
+5.71178000E-03
+5.62741000E-03
+5.71183000E-03
+5.99511000E-03
+5.71411000E-03
+5.63843000E-03
+5.74413000E-03
+5.71714000E-03
+5.71732000E-03
+5.83870000E-03
+5.83872000E-03
+5.75043000E-03
+5.71596000E-03
+5.70968000E-03
+5.78314000E-03
+5.69685000E-03
+5.67679000E-03
+5.91502000E-03
+5.71527000E-03
+5.67214000E-03
+5.71442000E-03
+5.72635000E-03
+5.95415000E-03
+5.73212000E-03
+5.93881000E-03
+5.60094000E-03
+6.01633000E-03
+5.73720000E-03
+5.67452000E-03
+5.90156000E-03
+5.71411000E-03
+5.87106000E-03
+5.74320000E-03
+5.66787000E-03
+5.75129000E-03
+5.71230000E-03
+5.72624000E-03
+5.65779000E-03
+5.77008000E-03
+5.67552000E-03
+5.94966000E-03
+5.64473000E-03
+5.84308000E-03
+5.98738000E-03
+5.71189000E-03
+5.71714000E-03
+5.72923000E-03
+5.71358000E-03
+5.85538000E-03
+5.71353000E-03
+5.71487000E-03
+5.70210000E-03
+5.95286000E-03
+5.84686000E-03
+5.92651000E-03
+5.78772000E-03
+5.71504000E-03
+5.82646000E-03
+5.71784000E-03
+5.74419000E-03
+5.71947000E-03
+5.64070000E-03
+5.61021000E-03
+5.65260000E-03
+5.71732000E-03
+5.71487000E-03
+5.64986000E-03
+5.81509000E-03
+5.96944000E-03
+5.92144000E-03
+5.80151000E-03
+5.96575000E-03
+5.76332000E-03
+5.62554000E-03
+5.78355000E-03
+5.71609000E-03
+5.71976000E-03
+5.95525000E-03
+5.79719000E-03
+5.67283000E-03
+5.70134000E-03
+5.71662000E-03
+5.93473000E-03
+5.68379000E-03
+5.71481000E-03
+5.70839000E-03
+5.78634000E-03
+5.93182000E-03
+5.72282000E-03
+5.70921000E-03
+6.01898000E-03
+5.73492000E-03
+5.86996000E-03
+5.71726000E-03
+5.92068000E-03
+5.72177000E-03
+5.63367000E-03
+5.64401000E-03
+5.71860000E-03
+5.98271000E-03
+5.71852000E-03
+5.71737000E-03
+6.01964000E-03
+5.84162000E-03
+6.01233000E-03
+5.72915000E-03
+5.91320000E-03
+5.88511000E-03
+5.72537000E-03
+5.75401000E-03
+5.72746000E-03
+5.77324000E-03
+6.01193000E-03
+5.72058000E-03
+5.73113000E-03
+5.71994000E-03
+6.00044000E-03
+5.64933000E-03
+5.95735000E-03
+6.01167000E-03
+5.78152000E-03
+5.64321000E-03
+5.72247000E-03
+5.72029000E-03
+5.97974000E-03
+5.79404000E-03
+5.70309000E-03
+5.96098000E-03
+5.72233000E-03
+5.85708000E-03
+5.86599000E-03
+5.72192000E-03
+5.80588000E-03
+5.76472000E-03
+5.97648000E-03
+5.79299000E-03
+6.01018000E-03
+5.62065000E-03
+5.97094000E-03
+5.66607000E-03
+5.66706000E-03
+5.72734000E-03
+5.72863000E-03
+5.83800000E-03
+5.67166000E-03
+5.72973000E-03
+5.76639000E-03
+5.86203000E-03
+5.75609000E-03
+5.90844000E-03
+5.71657000E-03
+5.88343000E-03
+5.72332000E-03
+5.99164000E-03
+5.61913000E-03
+5.83806000E-03
+5.72210000E-03
+5.79853000E-03
+5.73345000E-03
+5.60298000E-03
+5.83813000E-03
+5.68718000E-03
+5.74128000E-03
+5.64234000E-03
+5.60601000E-03
+5.86232000E-03
+5.73382000E-03
+5.93173000E-03
+5.60677000E-03
+5.98079000E-03
+5.72962000E-03
+5.98517000E-03
+5.91486000E-03
+5.72571000E-03
+5.70256000E-03
+5.73038000E-03
+5.68536000E-03
+5.80318000E-03
+5.72530000E-03
+5.80765000E-03
+5.73473000E-03
+5.72507000E-03
+5.96208000E-03
+5.74950000E-03
+5.72559000E-03
+5.81696000E-03
+5.72955000E-03
+5.69370000E-03
+5.74147000E-03
+5.74157000E-03
+5.65417000E-03
+5.70227000E-03
+5.71644000E-03
+5.62571000E-03
+5.99887000E-03
+5.70758000E-03
+5.83800000E-03
+5.72938000E-03
+5.66502000E-03
+5.84663000E-03
+5.67913000E-03
+6.01706000E-03
+6.01018000E-03
+5.73139000E-03
+5.90488000E-03
+5.93432000E-03
+5.85538000E-03
+5.76868000E-03
+5.71469000E-03
+5.72583000E-03
+5.78699000E-03
+5.65452000E-03
+5.73376000E-03
+5.72641000E-03
+5.86622000E-03
+5.64910000E-03
+5.72699000E-03
+5.81585000E-03
+5.73370000E-03
+5.73183000E-03
+6.01811000E-03
+5.93957000E-03
+5.72682000E-03
+5.74504000E-03
+5.72717000E-03
+5.83190000E-03
+5.88599000E-03
+5.75784000E-03
+5.89578000E-03
+5.64523000E-03
+5.73685000E-03
+5.97018000E-03
+5.74501000E-03
+5.68327000E-03
+5.69932000E-03
+5.72822000E-03
+5.99432000E-03
+5.72705000E-03
+5.74695000E-03
+5.97566000E-03
+5.83993000E-03
+5.98079000E-03
+6.01886000E-03
+5.96581000E-03
+5.83369000E-03
+5.70163000E-03
+6.03962000E-03
+5.60199000E-03
+5.67895000E-03
+6.02125000E-03
+5.68461000E-03
+5.72311000E-03
+5.64618000E-03
+5.72402000E-03
+5.81474000E-03
+5.84413000E-03
+6.12999000E-03
+5.66426000E-03
+5.73271000E-03
+5.94435000E-03
+5.88232000E-03
+5.73230000E-03
+5.97741000E-03
+5.70146000E-03
+5.91870000E-03
+5.71988000E-03
+5.95653000E-03
+6.00656000E-03
+5.78063000E-03
+5.96971000E-03
+5.71796000E-03
+5.97777000E-03
+5.86654000E-03
+5.69446000E-03
+5.67714000E-03
+5.91806000E-03
+5.73107000E-03
+5.89812000E-03
+5.73626000E-03
+5.61517000E-03
+5.77078000E-03
+5.61569000E-03
+5.79202000E-03
+5.60636000E-03
+5.78279000E-03
+5.95852000E-03
+6.02236000E-03
+5.73405000E-03
+5.66956000E-03
+5.73568000E-03
+5.61977000E-03
+5.73242000E-03
+5.74204000E-03
+5.73691000E-03
+5.88716000E-03
+5.73347000E-03
+5.99883000E-03
+5.76320000E-03
+5.92966000E-03
+5.90389000E-03
+5.73230000E-03
+5.99111000E-03
+6.03338000E-03
+5.62584000E-03
+6.04854000E-03
+5.86797000E-03
+5.73533000E-03
+5.74087000E-03
+5.66169000E-03
+5.88068000E-03
+5.67820000E-03
+5.74064000E-03
+5.73661000E-03
+5.68519000E-03
+5.91986000E-03
+5.87080000E-03
+5.75055000E-03
+5.93254000E-03
+5.65575000E-03
+5.78713000E-03
+5.69668000E-03
+5.72950000E-03
+5.71485000E-03
+5.62741000E-03
+5.85522000E-03
+5.98003000E-03
+5.69563000E-03
+6.02248000E-03
+5.73113000E-03
+6.03251000E-03
+5.73667000E-03
+5.62094000E-03
+6.00697000E-03
+5.73586000E-03
+5.90959000E-03
+5.61400000E-03
+5.66729000E-03
+5.76851000E-03
+5.68682000E-03
+5.73527000E-03
+5.61085000E-03
+5.82675000E-03
+6.03076000E-03
+5.75749000E-03
+5.87882000E-03
+5.74017000E-03
+5.71306000E-03
+5.74115000E-03
+5.74121000E-03
+5.65948000E-03
+5.71801000E-03
+5.73871000E-03
+5.61598000E-03
+5.87071000E-03
+5.75317000E-03
+5.62362000E-03
+5.77230000E-03
+5.69053000E-03
+5.97001000E-03
+5.73696000E-03
+5.85339000E-03
+5.76956000E-03
+5.76957000E-03
+6.01501000E-03
+5.74999000E-03
+5.74198000E-03
+5.78996000E-03
+5.71060000E-03
+5.82506000E-03
+5.85969000E-03
+5.73772000E-03
+5.94464000E-03
+5.73900000E-03
+6.05338000E-03
+5.74361000E-03
+5.74233000E-03
+6.04189000E-03
+5.73830000E-03
+5.77136000E-03
+5.92983000E-03
+5.92984000E-03
+6.00988000E-03
+5.75941000E-03
+5.94826000E-03
+5.73965000E-03
+5.93246000E-03
+5.79865000E-03
+5.97152000E-03
+5.79037000E-03
+5.72635000E-03
+5.74605000E-03
+5.71965000E-03
+5.70530000E-03
+5.67703000E-03
+5.93176000E-03
+5.74527000E-03
+5.76489000E-03
+5.63009000E-03
+5.73865000E-03
+5.77797000E-03
+5.73959000E-03
+5.69452000E-03
+5.69994000E-03
+5.64199000E-03
+5.61639000E-03
+5.75813000E-03
+5.70361000E-03
+5.84360000E-03
+5.75964000E-03
+5.96610000E-03
+5.73766000E-03
+5.69568000E-03
+5.90779000E-03
+5.73889000E-03
+5.88179000E-03
+5.76489000E-03
+5.71096000E-03
+5.97269000E-03
+5.63995000E-03
+5.73918000E-03
+5.80110000E-03
+5.64869000E-03
+5.93526000E-03
+5.73848000E-03
+5.71854000E-03
+5.77078000E-03
+5.83719000E-03
+5.72524000E-03
+5.72515000E-03
+5.77066000E-03
2021/08/29,00:38:59
