2021/08/29,15:16:47
-4.50000000E-08
-4.50000000E-08
-4.50000000E-08
-4.80000000E-08
-4.80000000E-08
-4.80000000E-08
-4.50000000E-08
-4.30000000E-08
-4.00000000E-08
+6.00189000E-03
+6.00137000E-03
+6.02834000E-03
+6.01363000E-03
+5.97758000E-03
+5.98868000E-03
+5.96750000E-03
+5.95287000E-03
+5.96076000E-03
+5.94490000E-03
+5.94987000E-03
+5.95071000E-03
+6.30944000E-03
+5.87969000E-03
+5.92074000E-03
+5.91042000E-03
+5.91835000E-03
+6.12334000E-03
+5.91042000E-03
+5.95619000E-03
+5.90424000E-03
+6.06527000E-03
+5.99245000E-03
+5.99246000E-03
+5.76781000E-03
+5.90313000E-03
+5.90439000E-03
+5.93479000E-03
+6.19782000E-03
+5.88283000E-03
+5.92486000E-03
+6.27039000E-03
+6.09151000E-03
+5.91403000E-03
+5.92773000E-03
+5.93627000E-03
+6.02009000E-03
+6.04979000E-03
+5.95396000E-03
+5.94843000E-03
+6.10912000E-03
+5.77638000E-03
+5.90695000E-03
+5.90017000E-03
+6.11256000E-03
+6.06213000E-03
+5.89847000E-03
+5.87797000E-03
+5.87520000E-03
+6.12404000E-03
+5.87025000E-03
+5.86605000E-03
+5.86988000E-03
+5.98855000E-03
+5.85765000E-03
+5.87176000E-03
+5.87174000E-03
+5.85748000E-03
+6.00650000E-03
+6.00802000E-03
+5.95823000E-03
+5.85424000E-03
+5.85692000E-03
+6.05775000E-03
+5.81486000E-03
+5.84663000E-03
+5.84289000E-03
+5.89456000E-03
+6.06207000E-03
+5.76477000E-03
+5.83684000E-03
+6.01677000E-03
+5.78238000E-03
+5.81888000E-03
+5.81602000E-03
+5.80797000E-03
+6.03810000E-03
+5.85559000E-03
+5.80035000E-03
+5.79346000E-03
+5.90651000E-03
+5.66093000E-03
+5.79235000E-03
+5.79358000E-03
+5.75195000E-03
+6.08813000E-03
+5.79422000E-03
+5.79517000E-03
+6.08451000E-03
+5.80926000E-03
+5.77743000E-03
+5.80326000E-03
+5.79119000E-03
+5.79202000E-03
+5.78955000E-03
+5.64082000E-03
+5.79118000E-03
+5.78933000E-03
+5.79721000E-03
+6.00918000E-03
+5.80162000E-03
+5.80961000E-03
+5.89258000E-03
+5.95409000E-03
+5.95767000E-03
+5.82132000E-03
+6.01490000E-03
+5.93666000E-03
+5.82459000E-03
+5.83601000E-03
+5.87678000E-03
+6.01125000E-03
+5.80754000E-03
+5.86327000E-03
+6.18701000E-03
+5.91940000E-03
+5.89024000E-03
+5.94480000E-03
+5.90788000E-03
+6.10760000E-03
+5.78547000E-03
+5.87316000E-03
+5.87317000E-03
+6.15833000E-03
+5.92033000E-03
+5.79643000E-03
+5.87235000E-03
+5.86584000E-03
+5.74810000E-03
+6.19529000E-03
+5.84523000E-03
+5.84833000E-03
+5.85101000E-03
+5.72594000E-03
+5.78151000E-03
+5.81958000E-03
+5.81896000E-03
+6.10498000E-03
+5.80879000E-03
+5.66787000E-03
+5.81439000E-03
+6.02720000E-03
+5.78757000E-03
+5.73306000E-03
+5.81806000E-03
+5.82050000E-03
+5.83317000E-03
+5.72682000E-03
+5.73994000E-03
+5.82440000E-03
+5.82579000E-03
+6.11991000E-03
+5.83679000E-03
+5.83241000E-03
+5.83120000E-03
+5.92231000E-03
+5.80786000E-03
+5.84086000E-03
+5.84131000E-03
+6.05309000E-03
+5.92663000E-03
+5.78017000E-03
+5.83993000E-03
+5.96231000E-03
+5.85730000E-03
+5.91217000E-03
+5.71608000E-03
+5.91042000E-03
+6.07040000E-03
+5.84319000E-03
+5.84902000E-03
+5.84224000E-03
+5.89450000E-03
+5.78349000E-03
+5.85929000E-03
+5.84739000E-03
+5.84614000E-03
+6.09565000E-03
+5.75650000E-03
+5.84488000E-03
+5.84452000E-03
+5.74163000E-03
+6.15063000E-03
+5.75871000E-03
+5.83804000E-03
+5.84165000E-03
+5.82920000E-03
+5.83964000E-03
+5.83823000E-03
+6.03740000E-03
+5.95560000E-03
+5.89887000E-03
+5.80005000E-03
+5.84273000E-03
+5.96942000E-03
+6.02458000E-03
+5.81608000E-03
+5.83508000E-03
+5.93047000E-03
+5.84486000E-03
+5.82197000E-03
+5.83678000E-03
+5.82923000E-03
+5.84218000E-03
+6.13122000E-03
+5.69638000E-03
+5.83940000E-03
+5.83571000E-03
+5.86016000E-03
+6.00114000E-03
+5.85169000E-03
+5.83970000E-03
+5.95269000E-03
+5.94149000E-03
+5.72571000E-03
+5.83211000E-03
+5.90360000E-03
+5.83180000E-03
+5.80856000E-03
+5.83200000E-03
+5.83089000E-03
+5.83037000E-03
+6.14603000E-03
+5.81602000E-03
+5.70571000E-03
+5.82687000E-03
+5.83371000E-03
+6.14194000E-03
+5.82834000E-03
+5.78506000E-03
+5.82704000E-03
+5.82617000E-03
+6.07676000E-03
+5.84535000E-03
+5.82786000E-03
+5.83118000E-03
+5.83024000E-03
+5.82693000E-03
+5.68898000E-03
+5.82678000E-03
+5.83328000E-03
+6.14760000E-03
+5.74390000E-03
+5.82920000E-03
+5.82944000E-03
+5.78273000E-03
+6.00575000E-03
+5.82978000E-03
+5.82883000E-03
+6.06242000E-03
+5.79203000E-03
+5.82815000E-03
+5.82908000E-03
+5.97601000E-03
+5.99896000E-03
+5.80483000E-03
+5.82996000E-03
+5.82693000E-03
+5.96592000E-03
+5.91182000E-03
+5.83019000E-03
+5.83153000E-03
+5.87573000E-03
+5.83093000E-03
+5.82075000E-03
+5.83095000E-03
+5.83270000E-03
+5.84109000E-03
+6.07402000E-03
+5.83223000E-03
+5.82878000E-03
+6.13862000E-03
+5.85392000E-03
+5.83060000E-03
+5.83124000E-03
+5.82900000E-03
+6.07892000E-03
+5.79980000E-03
+5.82588000E-03
+5.82890000E-03
+5.82984000E-03
+5.77655000E-03
+5.82827000E-03
+5.83007000E-03
+5.97892000E-03
+5.99974000E-03
+5.82891000E-03
+5.84185000E-03
+6.08498000E-03
+6.05064000E-03
+5.82139000E-03
+5.83678000E-03
+5.83497000E-03
+5.83989000E-03
+5.89473000E-03
+5.71283000E-03
+5.74222000E-03
+5.98890000E-03
+5.95613000E-03
+5.84990000E-03
+5.84290000E-03
+5.83521000E-03
+5.84369000E-03
+5.93687000E-03
+5.93112000E-03
+5.83538000E-03
+5.84017000E-03
+6.12482000E-03
+5.84034000E-03
+5.83256000E-03
+5.83182000E-03
+5.85388000E-03
+6.15251000E-03
+5.83241000E-03
+5.83515000E-03
+5.94721000E-03
+5.93350000E-03
+5.81865000E-03
+5.83753000E-03
+5.83328000E-03
+5.89275000E-03
+5.79113000E-03
+5.83421000E-03
+5.84553000E-03
+5.85602000E-03
+6.10661000E-03
+5.83451000E-03
+5.70447000E-03
+5.83414000E-03
+5.83659000E-03
+5.92239000E-03
+5.89637000E-03
+5.83626000E-03
+5.91555000E-03
+6.09389000E-03
+5.78460000E-03
+5.84156000E-03
+5.84447000E-03
+5.86694000E-03
+5.78431000E-03
+5.84093000E-03
+5.83814000E-03
+5.85602000E-03
+6.14875000E-03
+5.84185000E-03
+5.84156000E-03
+6.05227000E-03
+5.92948000E-03
+5.77712000E-03
+5.84302000E-03
+5.84279000E-03
+5.84576000E-03
+5.84209000E-03
+5.72267000E-03
+5.83964000E-03
+5.83741000E-03
+5.93077000E-03
+5.71965000E-03
+5.84495000E-03
+5.83952000E-03
+5.83229000E-03
+5.94341000E-03
+5.84052000E-03
+5.84621000E-03
+6.14229000E-03
+5.70746000E-03
+5.84104000E-03
+5.84171000E-03
+5.71382000E-03
+6.03134000E-03
+5.83952000E-03
+5.84296000E-03
+5.84423000E-03
+5.87334000E-03
+5.84413000E-03
+5.95834000E-03
+5.84407000E-03
+5.84650000E-03
+5.87299000E-03
+5.78355000E-03
+5.84609000E-03
+5.86943000E-03
+6.05338000E-03
+5.84669000E-03
+5.84663000E-03
+5.84142000E-03
+5.84609000E-03
+6.05898000E-03
+5.94756000E-03
+5.80640000E-03
+5.84424000E-03
+5.83602000E-03
+5.88255000E-03
+5.86273000E-03
+5.70070000E-03
+5.84703000E-03
+6.01951000E-03
+5.84548000E-03
+5.72490000E-03
+5.84839000E-03
+5.85716000E-03
+5.94004000E-03
+5.94001000E-03
+5.90219000E-03
+5.84547000E-03
+5.90237000E-03
+5.99846000E-03
+5.70367000E-03
+6.00027000E-03
+5.85028000E-03
+5.80961000E-03
+6.15152000E-03
+5.84535000E-03
+6.16663000E-03
+6.06656000E-03
+5.75685000E-03
+5.84796000E-03
+5.84640000E-03
+5.85299000E-03
+5.92632000E-03
+5.95963000E-03
+5.85095000E-03
+5.93683000E-03
+5.84553000E-03
+5.89905000E-03
+5.84908000E-03
+5.84906000E-03
+5.84767000E-03
+6.03262000E-03
+5.84983000E-03
+5.83596000E-03
+5.84856000E-03
+5.91415000E-03
+6.07326000E-03
+5.84792000E-03
+5.85138000E-03
+6.05816000E-03
+5.86955000E-03
+5.84955000E-03
+5.85225000E-03
+5.85381000E-03
+5.87765000E-03
+5.74099000E-03
+5.85748000E-03
+5.84651000E-03
+6.13605000E-03
+5.79925000E-03
+5.85194000E-03
+5.82452000E-03
+5.82920000E-03
+6.04160000E-03
+5.75772000E-03
+5.82154000E-03
+5.98849000E-03
+5.98850000E-03
+5.98796000E-03
+5.71382000E-03
+5.83089000E-03
+5.82878000E-03
+6.03490000E-03
+5.80809000E-03
+5.83282000E-03
+5.83554000E-03
+5.84026000E-03
+6.10842000E-03
+6.10841000E-03
+5.75055000E-03
+5.86745000E-03
+5.83600000E-03
+5.82290000E-03
+6.04971000E-03
+5.83742000E-03
+5.83730000E-03
+6.15996000E-03
+5.72376000E-03
+5.84150000E-03
+5.83859000E-03
+5.83994000E-03
+6.06131000E-03
+5.79159000E-03
+5.83695000E-03
+6.03793000E-03
+5.87444000E-03
+5.84174000E-03
+5.84075000E-03
+5.84578000E-03
+5.99496000E-03
+5.91353000E-03
+5.84314000E-03
+5.84045000E-03
+5.83986000E-03
+6.01344000E-03
+5.85386000E-03
+5.84144000E-03
+5.83701000E-03
+5.87893000E-03
+5.81538000E-03
+5.81381000E-03
+5.82053000E-03
+6.02936000E-03
+5.84442000E-03
+5.84500000E-03
+5.84238000E-03
+5.82005000E-03
+6.16643000E-03
+5.84943000E-03
+5.84413000E-03
+5.84430000E-03
+5.84644000E-03
+5.94729000E-03
+5.84529000E-03
+5.79323000E-03
+5.84750000E-03
+5.85019000E-03
+5.72583000E-03
+5.79865000E-03
+5.73491000E-03
+5.85555000E-03
+6.17430000E-03
+5.83458000E-03
+5.83663000E-03
+5.86068000E-03
+5.85987000E-03
+6.15075000E-03
+5.85656000E-03
+6.13779000E-03
+5.82430000E-03
+5.85679000E-03
+6.10026000E-03
+5.98143000E-03
+5.86080000E-03
+5.86535000E-03
+5.86331000E-03
+5.88302000E-03
+6.08396000E-03
+5.86640000E-03
+5.86752000E-03
+6.16397000E-03
+5.80932000E-03
+5.80110000E-03
+5.86663000E-03
+5.84681000E-03
+6.02901000E-03
+5.86955000E-03
+5.86267000E-03
+5.83328000E-03
+5.85381000E-03
+6.13466000E-03
+5.74903000E-03
+5.84238000E-03
+5.84991000E-03
+5.82366000E-03
+5.85742000E-03
+5.85305000E-03
+5.86192000E-03
+5.90785000E-03
+5.86412000E-03
+5.91706000E-03
+5.86541000E-03
+6.17938000E-03
+5.81078000E-03
+5.86354000E-03
+5.86410000E-03
+6.03449000E-03
+5.85118000E-03
+6.05353000E-03
+5.86459000E-03
+5.86301000E-03
+6.05898000E-03
+5.98372000E-03
+5.87293000E-03
+5.86692000E-03
+6.19937000E-03
+5.78157000E-03
+5.87619000E-03
+5.87503000E-03
+5.88364000E-03
+6.17261000E-03
+5.78192000E-03
+5.88307000E-03
+6.09775000E-03
+5.96353000E-03
+5.88237000E-03
+5.87564000E-03
+5.87575000E-03
+5.75113000E-03
+5.84885000E-03
+5.87491000E-03
+5.87489000E-03
+5.87607000E-03
+6.16480000E-03
+5.88885000E-03
+5.87858000E-03
+5.87398000E-03
+5.87502000E-03
+6.12795000E-03
+5.88576000E-03
+5.87631000E-03
+5.87561000E-03
+6.04289000E-03
+6.01233000E-03
+5.82713000E-03
+5.95459000E-03
+5.87935000E-03
+5.88997000E-03
+5.87229000E-03
+5.87823000E-03
+5.87928000E-03
+6.12365000E-03
+5.88272000E-03
+5.88062000E-03
+5.89170000E-03
+6.02936000E-03
+5.97595000E-03
+5.90634000E-03
+5.90266000E-03
+5.80740000E-03
+6.07227000E-03
+6.02836000E-03
+5.88599000E-03
+5.88591000E-03
+6.12002000E-03
+6.02977000E-03
+5.97158000E-03
+5.75259000E-03
+5.88162000E-03
+5.91246000E-03
+6.13705000E-03
+5.80594000E-03
+5.96027000E-03
+5.88255000E-03
+5.88382000E-03
+6.05752000E-03
+5.91013000E-03
+5.88854000E-03
+5.90896000E-03
+5.88757000E-03
+6.17956000E-03
+5.89281000E-03
+5.89932000E-03
+5.90066000E-03
+6.10935000E-03
+5.84733000E-03
+5.90459000E-03
+5.90118000E-03
+5.90149000E-03
+5.93986000E-03
+5.80186000E-03
+6.05036000E-03
+5.97111000E-03
+6.13903000E-03
+5.90191000E-03
+5.90254000E-03
+6.20742000E-03
+6.03752000E-03
+6.03760000E-03
+5.84244000E-03
+5.90766000E-03
+5.91160000E-03
+6.06463000E-03
+5.93312000E-03
+5.94103000E-03
+6.05711000E-03
+6.10644000E-03
+5.99140000E-03
+6.13868000E-03
+5.99513000E-03
+6.01432000E-03
+5.96266000E-03
+5.94598000E-03
+6.11116000E-03
+6.16305000E-03
+5.82133000E-03
+5.92295000E-03
+5.82162000E-03
+5.78710000E-03
+6.18456000E-03
+5.85507000E-03
+5.92546000E-03
+5.92695000E-03
+6.00878000E-03
+6.00882000E-03
+5.80699000E-03
+5.91871000E-03
+5.91356000E-03
+6.09447000E-03
+5.82868000E-03
+5.90937000E-03
+5.91345000E-03
+5.90803000E-03
+5.97041000E-03
+5.97589000E-03
+5.87435000E-03
+5.93677000E-03
+6.00627000E-03
+5.87208000E-03
+5.88179000E-03
+5.88669000E-03
+6.11021000E-03
+5.77399000E-03
+5.86663000E-03
+5.86552000E-03
+5.86393000E-03
+6.13850000E-03
+5.86891000E-03
+5.86424000E-03
+5.87299000E-03
+6.14643000E-03
+5.88826000E-03
+5.86690000E-03
+5.86695000E-03
+5.86845000E-03
+5.88050000E-03
+6.07104000E-03
+5.87035000E-03
+5.87448000E-03
+5.99094000E-03
+5.94983000E-03
+5.78407000E-03
+6.03200000E-03
+5.88062000E-03
+5.88342000E-03
+5.85934000E-03
+5.88867000E-03
+5.89287000E-03
+5.89724000E-03
+5.95496000E-03
+6.20497000E-03
+5.92657000E-03
+5.94697000E-03
+5.87944000E-03
+5.89536000E-03
+5.79008000E-03
+6.10826000E-03
+5.90086000E-03
+5.88389000E-03
+6.00301000E-03
+6.00394000E-03
+5.77964000E-03
+5.91637000E-03
+6.15238000E-03
+5.84185000E-03
+6.19702000E-03
+5.88651000E-03
+5.88515000E-03
+6.06615000E-03
+6.03448000E-03
+5.88558000E-03
+5.90097000E-03
+6.20130000E-03
+5.92109000E-03
+5.88436000E-03
+5.88342000E-03
+6.00236000E-03
+6.01507000E-03
+5.82611000E-03
+5.88511000E-03
+5.89634000E-03
+5.88574000E-03
+5.90051000E-03
+6.13780000E-03
+5.93840000E-03
+5.89108000E-03
+5.88818000E-03
+6.12801000E-03
+5.78145000E-03
+5.88558000E-03
+5.88809000E-03
+5.93893000E-03
+6.09737000E-03
+5.88756000E-03
+5.88789000E-03
+5.88453000E-03
+5.90400000E-03
+6.06895000E-03
+5.88838000E-03
+5.89007000E-03
+5.89689000E-03
+5.98639000E-03
+5.89164000E-03
+5.89269000E-03
+5.94284000E-03
+6.12801000E-03
+5.86564000E-03
+5.89963000E-03
+5.97707000E-03
+6.06866000E-03
+5.85684000E-03
+5.89030000E-03
+5.88642000E-03
+5.88635000E-03
+6.00819000E-03
+6.10824000E-03
+5.74792000E-03
+5.90466000E-03
+5.95922000E-03
+5.90178000E-03
+5.94931000E-03
+5.76448000E-03
+5.90721000E-03
+5.92921000E-03
+6.15378000E-03
+5.91030000E-03
+5.90458000E-03
+5.93578000E-03
+5.91499000E-03
+5.89176000E-03
+5.89545000E-03
+5.90043000E-03
+6.18789000E-03
+5.90186000E-03
+5.90195000E-03
+5.90692000E-03
+6.22025000E-03
+5.78582000E-03
+5.91263000E-03
+5.91230000E-03
+5.90487000E-03
+6.15687000E-03
+5.91141000E-03
+5.90064000E-03
+5.89846000E-03
+5.93380000E-03
+5.97799000E-03
+5.90161000E-03
+5.89613000E-03
+5.92983000E-03
+5.86617000E-03
+5.82022000E-03
+5.89678000E-03
+6.04067000E-03
+6.09623000E-03
+5.79445000E-03
+5.88672000E-03
+5.89350000E-03
+5.86004000E-03
+6.00267000E-03
+5.89141000E-03
+5.93094000E-03
+6.12066000E-03
+5.89316000E-03
+5.89135000E-03
+5.89462000E-03
+6.06615000E-03
+6.01758000E-03
+5.90774000E-03
+5.88780000E-03
+5.89274000E-03
+5.83631000E-03
+5.74017000E-03
+5.89403000E-03
+5.89322000E-03
+6.17815000E-03
+5.87695000E-03
+5.88138000E-03
+5.88136000E-03
+5.89227000E-03
+5.89409000E-03
+5.99554000E-03
+5.89917000E-03
+5.89742000E-03
+5.96050000E-03
+6.03577000E-03
+5.89392000E-03
+5.89691000E-03
+5.89093000E-03
+5.84716000E-03
+6.07740000E-03
+5.89059000E-03
+5.88464000E-03
+6.14317000E-03
+5.89637000E-03
+6.02125000E-03
+5.88204000E-03
+6.14492000E-03
+5.89059000E-03
+6.11046000E-03
+5.87917000E-03
+5.88062000E-03
+6.11518000E-03
+6.02009000E-03
+5.88278000E-03
+5.88393000E-03
+5.89473000E-03
+6.04421000E-03
+5.80011000E-03
+5.89943000E-03
+5.97869000E-03
+5.73160000E-03
+5.87944000E-03
+5.74326000E-03
+5.88157000E-03
+5.88132000E-03
+5.94663000E-03
+6.04627000E-03
+5.88412000E-03
+5.87893000E-03
+6.07023000E-03
+6.05146000E-03
+5.87945000E-03
+5.88376000E-03
+5.91753000E-03
+6.02294000E-03
+5.88406000E-03
+5.88026000E-03
+5.96377000E-03
+6.14665000E-03
+5.88791000E-03
+5.88296000E-03
+6.20258000E-03
+5.91794000E-03
+5.88476000E-03
+5.88302000E-03
+5.87923000E-03
+6.03420000E-03
+5.92027000E-03
+5.88267000E-03
+5.88960000E-03
+6.10125000E-03
+5.97195000E-03
+5.73568000E-03
+5.88411000E-03
+5.89252000E-03
+5.92575000E-03
+5.87858000E-03
+6.12492000E-03
+5.80850000E-03
+5.88780000E-03
+6.12999000E-03
+5.74233000E-03
+5.75743000E-03
+5.88806000E-03
+5.89678000E-03
+6.21331000E-03
+5.80151000E-03
+5.89385000E-03
+5.89280000E-03
+6.17541000E-03
+5.98895000E-03
+5.83369000E-03
+5.89333000E-03
+5.82920000E-03
+5.89517000E-03
+6.04673000E-03
+6.01671000E-03
+5.89264000E-03
+5.89258000E-03
+5.99677000E-03
+6.05156000E-03
+5.89456000E-03
+5.89555000E-03
+5.98592000E-03
+5.89637000E-03
+5.89543000E-03
+5.89597000E-03
+5.90031000E-03
+6.04539000E-03
+5.89415000E-03
+5.90383000E-03
+5.90031000E-03
+5.90958000E-03
+5.86010000E-03
+5.87141000E-03
+5.89899000E-03
+6.20130000E-03
+5.91806000E-03
+5.90084000E-03
+5.89679000E-03
+5.89670000E-03
+5.92852000E-03
+5.89339000E-03
+5.89566000E-03
+5.91035000E-03
+6.22707000E-03
+5.89841000E-03
+5.90138000E-03
+5.90143000E-03
+5.85066000E-03
+5.80460000E-03
+5.75644000E-03
+5.90357000E-03
+6.14983000E-03
+5.95595000E-03
+5.90494000E-03
+5.89717000E-03
+5.89162000E-03
+6.07274000E-03
+5.89508000E-03
+5.89304000E-03
+5.89384000E-03
+6.04003000E-03
+5.99385000E-03
+5.77848000E-03
+5.89782000E-03
+5.89658000E-03
+5.93957000E-03
+6.15583000E-03
+5.90476000E-03
+5.90410000E-03
+6.08865000E-03
+5.76262000E-03
+5.90188000E-03
+5.90228000E-03
+5.88150000E-03
+5.90768000E-03
+5.90010000E-03
+5.92319000E-03
+5.99053000E-03
+6.12253000E-03
+5.90284000E-03
+5.90128000E-03
+5.90761000E-03
+5.79935000E-03
+5.91199000E-03
+5.91072000E-03
+5.90692000E-03
+5.99601000E-03
+5.96620000E-03
+5.89077000E-03
+5.90435000E-03
+6.00458000E-03
+6.07367000E-03
+5.90062000E-03
+5.91206000E-03
+5.90820000E-03
+5.90488000E-03
+5.94872000E-03
+6.21931000E-03
+5.76592000E-03
+5.91029000E-03
+6.26316000E-03
+5.82454000E-03
+5.76617000E-03
+5.90949000E-03
+5.90948000E-03
+5.91168000E-03
+6.00640000E-03
+5.78127000E-03
+5.90791000E-03
+5.90918000E-03
+6.08113000E-03
+5.87637000E-03
+5.92266000E-03
+5.91034000E-03
+5.93502000E-03
+6.11262000E-03
+6.01717000E-03
+5.91788000E-03
+6.17844000E-03
+5.87205000E-03
+5.87666000E-03
+5.91846000E-03
+6.17518000E-03
+6.14690000E-03
+5.94616000E-03
+5.90744000E-03
+5.90307000E-03
+5.94056000E-03
+6.25039000E-03
+5.77906000E-03
+5.90668000E-03
+6.24852000E-03
+5.93117000E-03
+6.13891000E-03
+5.91666000E-03
+5.90764000E-03
+6.11926000E-03
+5.81585000E-03
+5.91065000E-03
+5.91354000E-03
+5.92418000E-03
+5.90908000E-03
+5.90861000E-03
+5.91075000E-03
+5.90993000E-03
+6.05734000E-03
+5.86494000E-03
+5.91059000E-03
+6.16019000E-03
+5.94419000E-03
+5.91240000E-03
+5.91514000E-03
+5.91370000E-03
+5.92504000E-03
+6.13531000E-03
+5.91759000E-03
+5.93059000E-03
+5.93544000E-03
+6.24847000E-03
+5.89584000E-03
+5.92383000E-03
+6.18538000E-03
+5.92783000E-03
+5.83905000E-03
+5.94431000E-03
+5.92463000E-03
+6.08725000E-03
+5.78326000E-03
+5.93082000E-03
+5.93809000E-03
+5.97788000E-03
+5.81497000E-03
+5.85835000E-03
+5.91659000E-03
+6.01870000E-03
+6.04780000E-03
+5.91709000E-03
+5.91487000E-03
+5.91316000E-03
+5.96635000E-03
+5.92214000E-03
+5.91094000E-03
+5.93257000E-03
+6.19430000E-03
+5.91625000E-03
+5.91415000E-03
+6.25284000E-03
+6.15343000E-03
+5.78343000E-03
+5.78349000E-03
+5.90214000E-03
+5.90760000E-03
+6.15943000E-03
+6.15943000E-03
+5.90134000E-03
+5.91386000E-03
+5.90362000E-03
+6.03735000E-03
+5.90465000E-03
+5.90494000E-03
+5.90033000E-03
+6.06329000E-03
+5.92761000E-03
+5.91113000E-03
+5.90185000E-03
+5.90480000E-03
+5.80489000E-03
+5.94447000E-03
+5.90535000E-03
+5.97543000E-03
+6.21296000E-03
+5.85036000E-03
+5.90943000E-03
+5.90773000E-03
+5.91578000E-03
+6.10043000E-03
+5.91631000E-03
+5.85631000E-03
+5.87858000E-03
+5.87859000E-03
+5.87881000E-03
+6.09314000E-03
+5.87678000E-03
+5.88774000E-03
+5.87485000E-03
+5.88904000E-03
+6.12544000E-03
+5.96750000E-03
+5.87748000E-03
+5.90715000E-03
+5.88103000E-03
+5.87586000E-03
+5.88675000E-03
+5.85742000E-03
+5.87514000E-03
+5.88016000E-03
+6.11600000E-03
+5.84588000E-03
+5.82271000E-03
+5.87478000E-03
+6.09967000E-03
+5.88710000E-03
+6.12899000E-03
+5.87682000E-03
+5.87806000E-03
+6.07851000E-03
+5.99362000E-03
+4.57300000E-05
+5.87211000E-03
+5.87536000E-03
+5.87514000E-03
+5.89100000E-03
+5.97414000E-03
+5.87509000E-03
+5.88395000E-03
+6.02539000E-03
+5.94051000E-03
+5.96639000E-03
+5.87958000E-03
+5.88129000E-03
+5.87521000E-03
+5.88022000E-03
+5.89287000E-03
+5.87602000E-03
+5.87153000E-03
+6.04201000E-03
+5.91806000E-03
+5.85432000E-03
+5.86791000E-03
+5.86876000E-03
+5.95735000E-03
+5.86593000E-03
+5.85810000E-03
+5.85753000E-03
+6.07904000E-03
+5.92978000E-03
+5.85384000E-03
+5.85439000E-03
+6.02335000E-03
+5.86150000E-03
+5.85415000E-03
+5.85484000E-03
+5.96499000E-03
+6.07279000E-03
+5.85357000E-03
+5.85410000E-03
+5.85148000E-03
+6.16661000E-03
+5.86068000E-03
+5.85783000E-03
+5.85724000E-03
+5.87001000E-03
+6.18142000E-03
+5.79113000E-03
+5.84927000E-03
+5.85138000E-03
+5.74239000E-03
+5.85794000E-03
+5.85305000E-03
+5.85311000E-03
+6.14801000E-03
+5.93840000E-03
+5.85382000E-03
+5.85363000E-03
+5.96377000E-03
+5.80238000E-03
+5.79982000E-03
+5.85307000E-03
+5.88558000E-03
+5.89431000E-03
+5.83777000E-03
+5.84920000E-03
+5.85351000E-03
+5.84255000E-03
+5.83841000E-03
2021/08/29,15:48:27
