2021/08/28,19:03:35
-1.70000000E-08
-1.50000000E-08
-1.50000000E-08
-1.40000000E-08
-1.10000000E-08
-1.40000000E-08
-1.10000000E-08
-1.50000000E-08
-1.80000000E-08
-1.90000000E-08
-1.80000000E-08
-2.10000000E-08
-2.30000000E-08
-2.30000000E-08
-2.10000000E-08
-1.60000000E-08
-1.80000000E-08
-1.90000000E-08
-2.10000000E-08
-2.00000000E-08
-2.30000000E-08
-2.00000000E-08
-1.90000000E-08
-2.40000000E-08
-2.70000000E-08
-2.40000000E-08
-2.40000000E-08
-2.30000000E-08
+0.00000000E+00
+5.65353000E-03
+5.67848000E-03
+5.69761000E-03
+5.67761000E-03
+5.68743000E-03
+5.68997000E-03
+5.68480000E-03
+5.68483000E-03
+5.68624000E-03
+5.67860000E-03
+5.67918000E-03
+5.67570000E-03
+5.67321000E-03
+5.67668000E-03
+5.66368000E-03
+5.66880000E-03
+5.66914000E-03
+5.66912000E-03
+5.66590000E-03
+5.66887000E-03
+5.66498000E-03
+5.66874000E-03
+5.66995000E-03
+5.66075000E-03
+5.66198000E-03
+5.66362000E-03
+5.75871000E-03
+5.65843000E-03
+5.65717000E-03
+5.66181000E-03
+5.66722000E-03
+5.66962000E-03
+5.65639000E-03
+5.66545000E-03
+5.66734000E-03
+5.66575000E-03
+5.67315000E-03
+5.67747000E-03
+5.67745000E-03
+5.66700000E-03
+5.66821000E-03
+5.67457000E-03
+5.67684000E-03
+5.67680000E-03
+5.67988000E-03
+5.68052000E-03
+5.67583000E-03
+5.67411000E-03
+5.66467000E-03
+5.67692000E-03
+5.67664000E-03
+5.67048000E-03
+5.67184000E-03
+5.66743000E-03
+5.67248000E-03
+5.66816000E-03
+5.67134000E-03
+5.67486000E-03
+5.67704000E-03
+5.67238000E-03
+5.66787000E-03
+5.66840000E-03
+5.67494000E-03
+5.67657000E-03
+5.67657000E-03
+5.67803000E-03
+5.66744000E-03
+5.67516000E-03
+5.67509000E-03
+4.54604000E-03
+5.40360000E-03
+0.00000000E+00
+5.67633000E-03
+5.66589000E-03
+5.66595000E-03
+5.67353000E-03
+5.66774000E-03
+5.67609000E-03
+5.67551000E-03
+5.67518000E-03
+5.66592000E-03
+5.66510000E-03
+6.33289000E-03
+5.78023000E-03
+6.03688000E-03
+5.76186000E-03
+6.11501000E-03
+5.89782000E-03
+5.88797000E-03
+6.03840000E-03
+6.02703000E-03
+6.08982000E-03
+5.72851000E-03
+5.78903000E-03
+5.97380000E-03
+5.77999000E-03
+5.82337000E-03
+5.84949000E-03
+5.66898000E-03
+5.66257000E-03
+5.85923000E-03
+5.75731000E-03
+5.97374000E-03
+5.99560000E-03
+6.12055000E-03
+5.78098000E-03
+6.21669000E-03
+5.82512000E-03
+5.65825000E-03
+6.00860000E-03
+6.08685000E-03
+6.05542000E-03
+5.78448000E-03
+6.09687000E-03
+5.84418000E-03
+5.68886000E-03
+6.02982000E-03
+5.80763000E-03
+5.72122000E-03
+5.77066000E-03
+5.82903000E-03
+6.13209000E-03
+6.09343000E-03
+6.02341000E-03
+5.89403000E-03
+6.08871000E-03
+5.96750000E-03
+5.51675000E-03
+5.97945000E-03
+5.89094000E-03
+5.81130000E-03
+6.23733000E-03
+5.92838000E-03
+6.14428000E-03
+6.11646000E-03
+5.79393000E-03
+5.82296000E-03
+5.99968000E-03
+5.99193000E-03
+5.78915000E-03
+6.10212000E-03
+5.89293000E-03
+6.04428000E-03
+6.15978000E-03
+6.03449000E-03
+5.92459000E-03
+5.98132000E-03
+6.03175000E-03
+5.92453000E-03
+6.03670000E-03
+6.06650000E-03
+5.76792000E-03
+6.13448000E-03
+5.82080000E-03
+5.88156000E-03
+5.63756000E-03
+5.92849000E-03
+6.03373000E-03
+6.01018000E-03
+6.02644000E-03
+6.19593000E-03
+5.98685000E-03
+5.83661000E-03
+6.04691000E-03
+5.98930000E-03
+5.81567000E-03
+5.63919000E-03
+5.83159000E-03
+5.79976000E-03
+5.80156000E-03
+5.79416000E-03
+5.97963000E-03
+6.06236000E-03
+5.65411000E-03
+6.10131000E-03
+6.12212000E-03
+6.00732000E-03
+6.17588000E-03
+5.93794000E-03
+6.14363000E-03
+5.64752000E-03
+5.86168000E-03
+6.12439000E-03
+5.78162000E-03
+5.79486000E-03
+6.15448000E-03
+5.74139000E-03
+6.21191000E-03
+6.03157000E-03
+6.13454000E-03
+6.07239000E-03
+5.79976000E-03
+5.91520000E-03
+6.00289000E-03
+6.10918000E-03
+5.87643000E-03
+5.88401000E-03
+5.96657000E-03
+5.84418000E-03
+6.07734000E-03
+5.83386000E-03
+5.99892000E-03
+6.14002000E-03
+5.87864000E-03
+6.20800000E-03
+5.65586000E-03
+6.14830000E-03
+5.88010000E-03
+6.07880000E-03
+5.79527000E-03
+5.64875000E-03
+6.18281000E-03
+5.98120000E-03
+5.85911000E-03
+5.97747000E-03
+5.85159000E-03
+6.13874000E-03
+5.85585000E-03
+6.12859000E-03
+5.96435000E-03
+5.84302000E-03
+5.83456000E-03
+5.83626000E-03
+5.60520000E-03
+6.06061000E-03
+5.85404000E-03
+6.02621000E-03
+6.07460000E-03
+5.83940000E-03
+6.00155000E-03
+5.58164000E-03
+5.76326000E-03
+5.93963000E-03
+6.14684000E-03
+5.83695000E-03
+5.93018000E-03
+5.80413000E-03
+5.66344000E-03
+6.18381000E-03
+5.99717000E-03
+6.13203000E-03
+6.18803000E-03
+5.80028000E-03
+5.96581000E-03
+5.98685000E-03
+6.10545000E-03
+6.17104000E-03
+5.80792000E-03
+6.19827000E-03
+6.10031000E-03
+5.89473000E-03
+6.11215000E-03
+5.73271000E-03
+5.87858000E-03
+5.93193000E-03
+5.83468000E-03
+5.70874000E-03
+6.02522000E-03
+5.89456000E-03
+5.92663000E-03
+5.74553000E-03
+6.07013000E-03
+5.87421000E-03
+6.12544000E-03
+5.89864000E-03
+5.77393000E-03
+5.76560000E-03
+5.91118000E-03
+5.78448000E-03
+5.87229000E-03
+6.10131000E-03
+5.85258000E-03
+5.77568000E-03
+5.79617000E-03
+5.85754000E-03
+6.06253000E-03
+6.01781000E-03
+5.78915000E-03
+5.64187000E-03
+5.99712000E-03
+6.11961000E-03
+5.83623000E-03
+5.83830000E-03
+6.11396000E-03
+6.13057000E-03
+5.99362000E-03
+6.00540000E-03
+5.90838000E-03
+6.20025000E-03
+5.61359000E-03
+5.85888000E-03
+5.85878000E-03
+5.83795000E-03
+5.86774000E-03
+6.01641000E-03
+6.13996000E-03
+6.05151000E-03
+6.08096000E-03
+5.96231000E-03
+5.79054000E-03
+6.07740000E-03
+6.06994000E-03
+6.13186000E-03
+6.03134000E-03
+5.93170000E-03
+5.82570000E-03
+5.83008000E-03
+6.06259000E-03
+5.80075000E-03
+5.79789000E-03
+5.88902000E-03
+5.79987000E-03
+6.00207000E-03
+6.07979000E-03
+5.85620000E-03
+5.81293000E-03
+6.10387000E-03
+5.66793000E-03
+5.65919000E-03
+5.63394000E-03
+6.07017000E-03
+5.78926000E-03
+5.85042000E-03
+5.65207000E-03
+5.83439000E-03
+6.01356000E-03
+6.11798000E-03
+5.75486000E-03
+5.90523000E-03
+6.04079000E-03
+5.98178000E-03
+6.05291000E-03
+5.82150000E-03
+5.80920000E-03
+6.05367000E-03
+6.03332000E-03
+5.96283000E-03
+5.83340000E-03
+5.87340000E-03
+5.83649000E-03
+6.04329000E-03
+5.95333000E-03
+5.98097000E-03
+6.05472000E-03
+6.19663000E-03
+5.84279000E-03
+5.80745000E-03
+5.92599000E-03
+5.76198000E-03
+5.78920000E-03
+6.16643000E-03
+5.87112000E-03
+6.02219000E-03
+5.96948000E-03
+6.04842000E-03
+6.00114000E-03
+5.67201000E-03
+5.83153000E-03
+6.09886000E-03
+5.78238000E-03
+6.17209000E-03
+5.95129000E-03
+6.05618000E-03
+6.11495000E-03
+5.93001000E-03
+6.13996000E-03
+5.84098000E-03
+6.20713000E-03
+5.96866000E-03
+6.15127000E-03
+5.84949000E-03
+5.85002000E-03
+6.06580000E-03
+5.93963000E-03
+5.93030000E-03
+5.79731000E-03
+5.82069000E-03
+6.12818000E-03
+6.14142000E-03
+5.94587000E-03
+5.87450000E-03
+5.92272000E-03
+6.00954000E-03
+5.94260000E-03
+6.13063000E-03
+6.12632000E-03
+6.19564000E-03
+6.14853000E-03
+6.03525000E-03
+5.99286000E-03
+6.13157000E-03
+5.78691000E-03
+5.82564000E-03
+6.12603000E-03
+6.29867000E-03
+6.00330000E-03
+5.94890000E-03
+6.02434000E-03
+6.20089000E-03
+6.06726000E-03
+5.95968000E-03
+5.69965000E-03
+5.85287000E-03
+6.14533000E-03
+6.16917000E-03
+5.89403000E-03
+5.82022000E-03
+6.13483000E-03
+5.98318000E-03
+5.66420000E-03
+6.09897000E-03
+5.91794000E-03
+5.88558000E-03
+5.83270000E-03
+6.12696000E-03
+6.13157000E-03
+5.99834000E-03
+5.67948000E-03
+6.10545000E-03
+5.85736000E-03
+5.60426000E-03
+5.69624000E-03
+5.85964000E-03
+5.83095000E-03
+6.11734000E-03
+5.90628000E-03
+5.80722000E-03
+6.00604000E-03
+5.97199000E-03
+5.85036000E-03
+5.88978000E-03
+5.87246000E-03
+5.76751000E-03
+6.06510000E-03
+6.04638000E-03
+6.01566000E-03
+5.70017000E-03
+5.85316000E-03
+6.05880000E-03
+5.96173000E-03
+6.11285000E-03
+6.12457000E-03
+5.89316000E-03
+6.08772000E-03
+6.11472000E-03
+6.01146000E-03
+5.83171000E-03
+5.88966000E-03
+6.08527000E-03
+5.85596000E-03
+5.73440000E-03
+5.92534000E-03
+5.84034000E-03
+6.09838000E-03
+6.20433000E-03
+5.89619000E-03
+6.14066000E-03
+5.77002000E-03
+5.81235000E-03
+6.12025000E-03
+5.75527000E-03
+5.93881000E-03
+5.94289000E-03
+5.98277000E-03
+5.82524000E-03
+5.79900000E-03
+5.65301000E-03
+5.86436000E-03
+5.99834000E-03
+5.77935000E-03
+6.04522000E-03
+5.87281000E-03
+6.01956000E-03
+6.13611000E-03
+6.14247000E-03
+6.20736000E-03
+6.17115000E-03
+5.90622000E-03
+6.17722000E-03
+6.37650000E-03
+6.07892000E-03
+5.86436000E-03
+6.12043000E-03
+5.72921000E-03
+6.15393000E-03
+5.71492000E-03
+6.11547000E-03
+5.72909000E-03
+6.01163000E-03
+6.01735000E-03
+6.00248000E-03
+5.81719000E-03
+5.82051000E-03
+6.07857000E-03
+5.88844000E-03
+5.85077000E-03
+5.67056000E-03
+6.06819000E-03
+5.81696000E-03
+5.88471000E-03
+6.02207000E-03
+5.89753000E-03
+6.00429000E-03
+6.08096000E-03
+6.05163000E-03
+5.99175000E-03
+6.03391000E-03
+5.90809000E-03
+6.12387000E-03
+6.06218000E-03
+6.16293000E-03
+6.08644000E-03
+6.06988000E-03
+6.15069000E-03
+5.75708000E-03
+6.09687000E-03
+5.96417000E-03
+5.78961000E-03
+6.17850000E-03
+6.09635000E-03
+6.01047000E-03
+6.07740000E-03
+6.05291000E-03
+5.78915000E-03
+5.66414000E-03
+5.86092000E-03
+6.13751000E-03
+5.95362000E-03
+6.09746000E-03
+5.75580000E-03
+6.07192000E-03
+5.80565000E-03
+5.98994000E-03
+6.15774000E-03
+5.99817000E-03
+6.09775000E-03
+5.77010000E-03
+6.06387000E-03
+5.89409000E-03
+6.20684000E-03
+6.12597000E-03
+6.12626000E-03
+6.01213000E-03
+6.14533000E-03
+5.76821000E-03
+5.96633000E-03
+5.80617000E-03
+6.13914000E-03
+5.95881000E-03
+5.82541000E-03
+6.06108000E-03
+6.09244000E-03
+6.08387000E-03
+6.15156000E-03
+6.15407000E-03
+5.81550000E-03
+5.68064000E-03
+5.76582000E-03
+6.01881000E-03
+5.70274000E-03
+5.66566000E-03
+6.04131000E-03
+6.01064000E-03
+5.96204000E-03
+5.82547000E-03
+6.13990000E-03
+5.93980000E-03
+6.12264000E-03
+6.08504000E-03
+6.03192000E-03
+5.73055000E-03
+6.10620000E-03
+5.94721000E-03
+5.87946000E-03
+5.89701000E-03
+5.77988000E-03
+5.97414000E-03
+6.16597000E-03
+6.06761000E-03
+5.93065000E-03
+5.86564000E-03
+5.64537000E-03
+5.89882000E-03
+5.84669000E-03
+5.97123000E-03
+6.03327000E-03
+5.87194000E-03
+5.87853000E-03
+6.16894000E-03
+6.19448000E-03
+5.84337000E-03
+6.16212000E-03
+6.18410000E-03
+6.06084000E-03
+5.89100000E-03
+5.73807000E-03
+5.87374000E-03
+5.95123000E-03
+6.03175000E-03
+5.79445000E-03
+6.01542000E-03
+5.77189000E-03
+6.08160000E-03
+5.90208000E-03
+6.07606000E-03
+6.12445000E-03
+5.99706000E-03
+5.98895000E-03
+6.15967000E-03
+5.69318000E-03
+5.70315000E-03
+5.70287000E-03
+5.87923000E-03
+6.12206000E-03
+6.21350000E-03
+5.90173000E-03
+6.06312000E-03
+6.07909000E-03
+6.08481000E-03
+5.85538000E-03
+6.12539000E-03
+5.99805000E-03
+5.83066000E-03
+5.94960000E-03
+5.85258000E-03
+6.12935000E-03
+5.86179000E-03
+6.15704000E-03
+5.85975000E-03
+5.90599000E-03
+6.11501000E-03
+6.15845000E-03
+5.65318000E-03
+5.83124000E-03
+5.81766000E-03
+6.03216000E-03
+5.84821000E-03
+6.17080000E-03
+5.91059000E-03
+6.28870000E-03
+5.91858000E-03
+6.17220000E-03
+6.01105000E-03
+5.86535000E-03
+6.15804000E-03
+6.19914000E-03
+5.83876000E-03
+6.08900000E-03
+5.70064000E-03
+5.70575000E-03
+5.70809000E-03
+5.85287000E-03
+5.80500000E-03
+6.20905000E-03
+5.87561000E-03
+6.01490000E-03
+5.81836000E-03
+6.06073000E-03
+5.99945000E-03
+5.83649000E-03
+5.90570000E-03
+6.14259000E-03
+5.62636000E-03
+5.97992000E-03
+5.88459000E-03
+5.83241000E-03
+5.89036000E-03
+5.82407000E-03
+5.90774000E-03
+5.92686000E-03
+5.84080000E-03
+6.24922000E-03
+5.87036000E-03
+6.09104000E-03
+5.70149000E-03
+5.71034000E-03
+6.10166000E-03
+5.84605000E-03
+5.96505000E-03
+6.28502000E-03
+6.10101000E-03
+5.69775000E-03
+5.64263000E-03
+5.75550000E-03
+6.36420000E-03
+5.82664000E-03
+6.15984000E-03
+5.71040000E-03
+5.70620000E-03
+5.78122000E-03
+5.98493000E-03
+5.92138000E-03
+6.01624000E-03
+5.87555000E-03
+5.97671000E-03
+6.05804000E-03
+6.04294000E-03
+5.82617000E-03
+5.84652000E-03
+6.21960000E-03
+6.01647000E-03
+6.15384000E-03
+5.66175000E-03
+6.11040000E-03
+6.16043000E-03
+5.93549000E-03
+6.16457000E-03
+6.03542000E-03
+6.03543000E-03
+5.80528000E-03
+6.22071000E-03
+6.08230000E-03
+6.01298000E-03
+5.80506000E-03
+5.84395000E-03
+5.81223000E-03
+5.93992000E-03
+5.82203000E-03
+6.17016000E-03
+5.78034000E-03
+6.20567000E-03
+5.60043000E-03
+6.00988000E-03
+6.00091000E-03
+5.79987000E-03
+5.90838000E-03
+6.03688000E-03
+6.18905000E-03
+6.13524000E-03
+6.10422000E-03
+6.15116000E-03
+6.07110000E-03
+6.04598000E-03
+5.85276000E-03
+5.93910000E-03
+6.05723000E-03
+6.14416000E-03
+5.98446000E-03
+5.71110000E-03
+5.92645000E-03
+5.89252000E-03
+5.93285000E-03
+5.59231000E-03
+5.96505000E-03
+6.09944000E-03
+5.87275000E-03
+5.90966000E-03
+5.76833000E-03
+6.05804000E-03
+6.15868000E-03
+5.66846000E-03
+6.00959000E-03
+5.87060000E-03
+5.85031000E-03
+5.84284000E-03
+5.89823000E-03
+6.15553000E-03
+5.95502000E-03
+6.13215000E-03
+6.16486000E-03
+6.18993000E-03
+5.93508000E-03
+6.19366000E-03
+5.77923000E-03
+5.87030000E-03
+5.78798000E-03
+5.92960000E-03
+5.64904000E-03
+6.03175000E-03
+5.82868000E-03
+6.11926000E-03
+5.93059000E-03
+5.83188000E-03
+5.80794000E-03
+5.90249000E-03
+6.04679000E-03
+5.87421000E-03
+6.11285000E-03
+5.91362000E-03
+6.01968000E-03
+5.86115000E-03
+6.16649000E-03
+6.12416000E-03
+6.24782000E-03
+5.87893000E-03
+6.17086000E-03
+6.14363000E-03
+5.92569000E-03
+6.13372000E-03
+5.96592000E-03
+6.07670000E-03
+6.03426000E-03
+5.99723000E-03
+6.03216000E-03
+5.95951000E-03
+6.08965000E-03
+5.85382000E-03
+5.87235000E-03
+6.14451000E-03
+6.13407000E-03
+6.03373000E-03
+6.06201000E-03
+5.89952000E-03
+6.12224000E-03
+5.90132000E-03
+5.96470000E-03
+6.27494000E-03
+6.07052000E-03
+5.79165000E-03
+6.06737000E-03
+5.94499000E-03
+5.82564000E-03
+6.04574000E-03
+5.88354000E-03
+6.13180000E-03
+6.14562000E-03
+6.08883000E-03
+6.06049000E-03
+5.77842000E-03
+5.84727000E-03
+5.77165000E-03
+5.96913000E-03
+5.87771000E-03
+5.90756000E-03
+6.10854000E-03
+6.02831000E-03
+6.06405000E-03
+5.82057000E-03
+6.22462000E-03
+6.08953000E-03
+6.18736000E-03
+6.12177000E-03
+6.03816000E-03
+5.78547000E-03
+6.03980000E-03
+6.15885000E-03
+5.87468000E-03
+6.18929000E-03
+5.94354000E-03
+6.11139000E-03
+5.74804000E-03
+5.96505000E-03
+5.82623000E-03
+6.16013000E-03
+5.96138000E-03
+5.84080000E-03
+6.14597000E-03
+5.80454000E-03
+5.88745000E-03
+6.15401000E-03
+5.91281000E-03
+5.67563000E-03
+6.11961000E-03
+5.84937000E-03
+5.82634000E-03
+5.97070000E-03
+6.07058000E-03
+5.58566000E-03
+5.83077000E-03
+6.11862000E-03
+6.22095000E-03
+5.91648000E-03
+5.87567000E-03
+6.09023000E-03
+6.04778000E-03
+5.86931000E-03
+6.19780000E-03
+6.24672000E-03
+6.19413000E-03
+5.89893000E-03
+6.13331000E-03
+5.94091000E-03
+5.79323000E-03
+6.01933000E-03
+6.18975000E-03
+6.17856000E-03
+6.00306000E-03
+6.00015000E-03
+6.15413000E-03
+5.87707000E-03
+6.14119000E-03
+6.09985000E-03
+6.22812000E-03
+6.22812000E-03
+6.16579000E-03
+6.01426000E-03
+5.85042000E-03
+5.60415000E-03
+5.83841000E-03
+6.13471000E-03
+6.01968000E-03
+5.90039000E-03
+5.81311000E-03
+5.57651000E-03
+6.02767000E-03
+6.10201000E-03
+5.86815000E-03
+5.99146000E-03
+5.80780000E-03
+6.08189000E-03
+5.92319000E-03
+5.85194000E-03
+5.92103000E-03
+5.97298000E-03
+5.81544000E-03
+6.15512000E-03
+6.10160000E-03
+5.81427000E-03
+6.11174000E-03
+6.11128000E-03
+5.85159000E-03
+6.15955000E-03
+6.15355000E-03
+5.87345000E-03
+5.94995000E-03
+6.15704000E-03
+6.17337000E-03
+6.00924000E-03
+6.16200000E-03
+6.10212000E-03
+5.93450000E-03
+6.09967000E-03
+5.99292000E-03
+5.85660000E-03
+5.85567000E-03
+6.06108000E-03
+5.90645000E-03
+6.17547000E-03
+6.24969000E-03
+6.05898000E-03
+6.04796000E-03
+5.89438000E-03
+5.89771000E-03
+5.73959000E-03
+5.94231000E-03
+6.14667000E-03
+6.06761000E-03
+6.05944000E-03
+6.17797000E-03
+5.89841000E-03
+5.86162000E-03
+6.01886000E-03
+6.23873000E-03
+6.10504000E-03
+6.08049000E-03
+6.16789000E-03
+6.11646000E-03
+6.06924000E-03
+5.60916000E-03
+5.83089000E-03
+5.99822000E-03
+5.85841000E-03
+5.96552000E-03
+5.85905000E-03
+6.03338000E-03
+6.05688000E-03
+5.77020000E-03
+5.80477000E-03
+5.69108000E-03
+6.10912000E-03
+6.14713000E-03
+6.04032000E-03
+5.89316000E-03
+5.86867000E-03
+6.09798000E-03
+5.97210000E-03
+5.86028000E-03
+6.18602000E-03
+6.12795000E-03
+5.93619000E-03
+5.91158000E-03
+5.71154000E-03
+6.00819000E-03
+5.77533000E-03
+5.91065000E-03
+5.80996000E-03
+6.13635000E-03
+6.13920000E-03
+5.92179000E-03
+5.87281000E-03
+6.08725000E-03
+5.91217000E-03
+5.83649000E-03
+6.09792000E-03
+6.10813000E-03
+6.09034000E-03
+6.07349000E-03
+5.88232000E-03
+5.80460000E-03
+5.98831000E-03
+6.22444000E-03
+5.76891000E-03
+6.12160000E-03
+5.99070000E-03
+5.80489000E-03
+5.81264000E-03
+5.88990000E-03
+6.14742000E-03
+5.91590000E-03
+5.79620000E-03
+6.12195000E-03
+6.02907000E-03
+5.91287000E-03
+5.96726000E-03
+5.82914000E-03
+6.20777000E-03
+5.91042000E-03
+6.08312000E-03
+6.16410000E-03
+6.25290000E-03
+5.92266000E-03
+6.14503000E-03
+5.91893000E-03
+6.14002000E-03
+6.14702000E-03
+6.05385000E-03
+5.81060000E-03
+5.98371000E-03
+5.77673000E-03
+5.95385000E-03
+6.15559000E-03
+6.16567000E-03
+6.09343000E-03
+6.19486000E-03
+5.85520000E-03
+5.69825000E-03
+5.98901000E-03
+6.15133000E-03
+6.20794000E-03
+5.99892000E-03
+5.78157000E-03
+6.11285000E-03
+5.68472000E-03
+6.11676000E-03
+5.87421000E-03
+6.05379000E-03
+5.84238000E-03
+6.06329000E-03
+5.92295000E-03
+5.96837000E-03
+6.09390000E-03
+6.11950000E-03
+5.92499000E-03
+5.94826000E-03
+5.92779000E-03
+5.84075000E-03
+5.91258000E-03
+5.83509000E-03
+5.80296000E-03
+6.19378000E-03
+6.14078000E-03
+6.09373000E-03
+6.16591000E-03
+6.02353000E-03
+6.08259000E-03
+6.04493000E-03
+6.13151000E-03
+6.21092000E-03
+6.14790000E-03
+5.85894000E-03
+6.10521000E-03
+6.15104000E-03
+6.05355000E-03
+6.08813000E-03
+5.87305000E-03
+6.19360000E-03
+6.10807000E-03
+5.80244000E-03
+6.07303000E-03
+6.14463000E-03
+6.08854000E-03
+5.84879000E-03
+5.80670000E-03
+6.04784000E-03
+6.23500000E-03
+6.02790000E-03
+5.82110000E-03
+5.95065000E-03
+6.10539000E-03
+5.96750000E-03
+6.10043000E-03
+6.11886000E-03
+6.04627000E-03
+6.01025000E-03
+5.90470000E-03
+5.98820000E-03
+5.86850000E-03
+6.18870000E-03
+5.89438000E-03
+5.88156000E-03
+6.06632000E-03
+6.07419000E-03
+5.90022000E-03
+6.21756000E-03
+6.02359000E-03
+6.12083000E-03
+5.69609000E-03
+5.94727000E-03
+6.06656000E-03
+6.04248000E-03
+5.96802000E-03
+6.13460000E-03
+5.73271000E-03
+5.83672000E-03
+5.86547000E-03
+5.87129000E-03
+5.94144000E-03
+6.01595000E-03
+6.17541000E-03
+5.96942000E-03
+5.98213000E-03
+6.21512000E-03
+6.12603000E-03
+6.16906000E-03
+6.10918000E-03
+5.84640000E-03
+6.11821000E-03
+5.62117000E-03
+5.74886000E-03
+6.20794000E-03
+6.04691000E-03
+6.09034000E-03
+6.16754000E-03
+6.08428000E-03
+6.02703000E-03
+6.24742000E-03
+5.72126000E-03
+5.72590000E-03
+5.73556000E-03
+5.99863000E-03
+5.95864000E-03
+6.04265000E-03
+6.01000000E-03
+6.09886000E-03
+5.87229000E-03
+5.83322000E-03
+6.22858000E-03
+6.24421000E-03
+6.09291000E-03
+6.22590000E-03
+6.16118000E-03
+6.09186000E-03
+5.86955000E-03
+6.12713000E-03
+5.85748000E-03
+6.24957000E-03
+6.16562000E-03
+5.57132000E-03
+5.84803000E-03
+5.84798000E-03
+5.92494000E-03
+6.00359000E-03
+6.03187000E-03
+6.08253000E-03
+6.23471000E-03
+5.77171000E-03
+5.93596000E-03
+5.76198000E-03
+5.89934000E-03
+5.98965000E-03
+6.18544000E-03
+6.19389000E-03
+6.25144000E-03
+5.80664000E-03
+6.05344000E-03
+6.24864000E-03
+5.70612000E-03
+6.01577000E-03
+6.18695000E-03
+5.91602000E-03
+5.81789000E-03
+5.88675000E-03
+5.72081000E-03
+5.92377000E-03
+6.14089000E-03
+6.17255000E-03
+5.99887000E-03
+6.03472000E-03
+6.15098000E-03
+5.93526000E-03
+5.88925000E-03
+6.21045000E-03
+6.18917000E-03
+6.15290000E-03
+6.21103000E-03
+5.87829000E-03
+6.19809000E-03
+6.21512000E-03
+6.05828000E-03
+5.91899000E-03
+6.01257000E-03
+6.24333000E-03
+6.19792000E-03
+5.97531000E-03
+5.60543000E-03
+5.72861000E-03
+5.80594000E-03
+6.19891000E-03
+6.23920000E-03
+5.87316000E-03
+6.15305000E-03
+6.18002000E-03
+6.06726000E-03
+6.14964000E-03
+6.02930000E-03
+5.71941000E-03
+6.31027000E-03
+5.95549000E-03
+6.25476000E-03
+5.94600000E-03
+5.95281000E-03
+6.10370000E-03
+5.83136000E-03
+6.06965000E-03
+6.23471000E-03
+6.14404000E-03
+5.87672000E-03
+5.98948000E-03
+5.99298000E-03
+6.14398000E-03
+5.79783000E-03
+6.20713000E-03
+6.34566000E-03
+5.96686000E-03
+6.08288000E-03
+6.35178000E-03
+6.19430000E-03
+6.03968000E-03
+6.28834000E-03
+6.13961000E-03
+6.10218000E-03
+6.05589000E-03
+5.90214000E-03
+6.18940000E-03
+5.90214000E-03
+6.14725000E-03
+6.21028000E-03
+6.08690000E-03
+6.00423000E-03
+6.10696000E-03
+6.01082000E-03
+6.12387000E-03
+5.94855000E-03
+6.03274000E-03
+5.76926000E-03
+6.17815000E-03
+6.10650000E-03
+5.93986000E-03
+6.15448000E-03
+5.87071000E-03
+6.22526000E-03
+5.80092000E-03
+5.73357000E-03
+5.73463000E-03
+5.73454000E-03
+5.83159000E-03
+6.25383000E-03
+6.10410000E-03
+5.99618000E-03
+6.06632000E-03
+5.88785000E-03
+5.88914000E-03
+5.94686000E-03
+6.20349000E-03
+6.14503000E-03
+6.04965000E-03
+6.13180000E-03
+6.30059000E-03
+6.11367000E-03
+5.96796000E-03
+5.97659000E-03
+6.03414000E-03
+5.81876000E-03
+5.87468000E-03
+5.74862000E-03
+6.18177000E-03
+6.00907000E-03
+6.18585000E-03
+6.08883000E-03
+5.81868000E-03
+6.21366000E-03
+5.88103000E-03
+6.03140000E-03
+6.17873000E-03
+6.00662000E-03
+6.15757000E-03
+5.97344000E-03
+6.19623000E-03
+5.81404000E-03
+5.86704000E-03
+6.16043000E-03
+6.18684000E-03
+6.18958000E-03
+5.91386000E-03
+6.06906000E-03
+6.04819000E-03
+6.16153000E-03
+5.88465000E-03
+6.13372000E-03
+5.92377000E-03
+6.23092000E-03
+6.19197000E-03
+6.23692000E-03
+5.98143000E-03
+6.30881000E-03
+5.81305000E-03
+6.22462000E-03
+5.82961000E-03
+5.92517000E-03
+6.48565000E-03
+5.80646000E-03
+5.87281000E-03
+6.17454000E-03
+5.82320000E-03
+6.16736000E-03
+6.03029000E-03
+6.21681000E-03
+6.13524000E-03
+6.17588000E-03
+6.25552000E-03
+5.84185000E-03
+6.00615000E-03
+5.93374000E-03
+6.16678000E-03
+5.96441000E-03
+5.91998000E-03
+5.88278000E-03
+5.89246000E-03
+5.91193000E-03
+5.91549000E-03
2021/08/28,19:37:28
