2021/08/29,14:38:21
-2.80000000E-08
-3.30000000E-08
-3.40000000E-08
-3.20000000E-08
-2.90000000E-08
-3.10000000E-08
+6.21995000E-03
+6.21978000E-03
+5.96210000E-03
+5.85526000E-03
+5.44350000E-03
+0.00000000E+00
+5.86055000E-03
+0.00000000E+00
+5.50170000E-03
+5.74910000E-03
+5.97100000E-03
+5.44750000E-03
+0.00000000E+00
+5.84133000E-03
+5.72315000E-03
+5.68432000E-03
+5.68004000E-03
+5.86459000E-03
+5.67574000E-03
+5.57003000E-03
+5.67774000E-03
+5.95193000E-03
+5.62001000E-03
+5.67394000E-03
+5.67388000E-03
+5.68274000E-03
+5.91642000E-03
+5.67569000E-03
+5.67825000E-03
+5.67677000E-03
+5.79649000E-03
+5.78111000E-03
+5.67679000E-03
+5.67539000E-03
+5.67416000E-03
+5.66542000E-03
+5.67586000E-03
+5.66997000E-03
+5.72192000E-03
+5.84727000E-03
+5.53832000E-03
+5.67125000E-03
+5.66618000E-03
+5.78431000E-03
+5.59295000E-03
+5.66612000E-03
+5.66859000E-03
+5.90376000E-03
+5.67423000E-03
+5.67506000E-03
+5.67161000E-03
+5.86937000E-03
+5.77842000E-03
+5.59563000E-03
+5.67411000E-03
+5.82086000E-03
+5.77579000E-03
+5.57878000E-03
+5.66302000E-03
+5.67780000E-03
+5.91281000E-03
+5.91279000E-03
+5.64963000E-03
+5.67708000E-03
+5.67831000E-03
+5.94138000E-03
+5.65849000E-03
+5.68423000E-03
+5.68364000E-03
+5.81025000E-03
+5.96936000E-03
+5.67499000E-03
+5.67743000E-03
+5.75463000E-03
+5.76011000E-03
+5.72962000E-03
+5.67948000E-03
+5.68134000E-03
+5.68315000E-03
+5.59015000E-03
+5.68793000E-03
+5.68208000E-03
+5.67836000E-03
+5.66146000E-03
+5.74198000E-03
+5.55628000E-03
+5.68268000E-03
+5.89520000E-03
+5.68775000E-03
+5.64613000E-03
+5.68490000E-03
+5.68485000E-03
+5.73137000E-03
+5.84138000E-03
+5.67574000E-03
+5.67579000E-03
+5.67297000E-03
+5.75999000E-03
+5.67578000E-03
+5.55739000E-03
+5.67621000E-03
+5.67653000E-03
+5.94050000E-03
+5.68064000E-03
+5.78273000E-03
+5.67537000E-03
+5.67290000E-03
+5.75545000E-03
+5.54736000E-03
+5.67650000E-03
+5.67685000E-03
+5.69493000E-03
+5.90150000E-03
+5.67213000E-03
+5.67068000E-03
+5.67275000E-03
+5.87917000E-03
+5.71562000E-03
+5.67411000E-03
+5.67295000E-03
+5.67285000E-03
+5.67117000E-03
+5.67994000E-03
+5.62624000E-03
+5.72612000E-03
+5.68350000E-03
+5.97304000E-03
+5.68571000E-03
+5.67528000E-03
+5.62205000E-03
+5.67712000E-03
+5.65843000E-03
+5.95457000E-03
+5.67979000E-03
+5.67796000E-03
+5.71813000E-03
+5.95775000E-03
+5.67848000E-03
+5.67987000E-03
+5.99006000E-03
+5.59284000E-03
+5.59027000E-03
+5.68216000E-03
+5.68008000E-03
+5.96301000E-03
+5.61097000E-03
+5.68408000E-03
+5.93193000E-03
+5.75830000E-03
+5.69149000E-03
+5.71020000E-03
+5.68453000E-03
+5.70029000E-03
+5.97910000E-03
+5.69580000E-03
+5.68245000E-03
+5.96878000E-03
+5.68338000E-03
+5.68449000E-03
+5.68980000E-03
+5.68682000E-03
+5.61493000E-03
+5.68292000E-03
+5.68548000E-03
+5.70367000E-03
+5.89007000E-03
+5.57931000E-03
+5.68636000E-03
+5.70641000E-03
+5.68449000E-03
+5.54491000E-03
+5.66624000E-03
+5.68543000E-03
+5.68730000E-03
+5.69493000E-03
+5.68814000E-03
+5.68648000E-03
+5.85264000E-03
+5.84914000E-03
+5.57978000E-03
+5.69083000E-03
+5.68627000E-03
+5.68816000E-03
+5.69015000E-03
+5.69018000E-03
+5.68571000E-03
+5.69119000E-03
+5.93082000E-03
+5.63639000E-03
+5.68649000E-03
+5.69022000E-03
+5.68752000E-03
+5.98696000E-03
+5.72489000E-03
+5.68950000E-03
+5.68694000E-03
+5.98913000E-03
+5.66682000E-03
+5.69079000E-03
+5.69755000E-03
+5.75603000E-03
+5.93625000E-03
+5.88208000E-03
+5.70752000E-03
+5.72565000E-03
+5.85153000E-03
+5.70921000E-03
+5.68787000E-03
+5.68986000E-03
+5.69644000E-03
+5.93175000E-03
+5.68939000E-03
+5.69347000E-03
+5.69351000E-03
+5.89567000E-03
+5.58601000E-03
+5.69108000E-03
+5.69036000E-03
+5.69638000E-03
+5.61715000E-03
+5.63330000E-03
+5.69311000E-03
+5.86179000E-03
+5.82174000E-03
+5.69015000E-03
+5.69079000E-03
+5.69081000E-03
+5.79684000E-03
+5.81427000E-03
+5.91811000E-03
+5.69160000E-03
+5.68826000E-03
+5.68833000E-03
+5.93281000E-03
+5.60671000E-03
+5.69315000E-03
+5.68921000E-03
+5.70029000E-03
+5.78028000E-03
+5.78027000E-03
+5.69510000E-03
+5.81830000E-03
+5.82827000E-03
+5.69318000E-03
+5.81036000E-03
+5.57243000E-03
+5.68804000E-03
+5.69541000E-03
+5.78407000E-03
+5.69947000E-03
+5.69395000E-03
+5.69342000E-03
+5.88599000E-03
+5.74804000E-03
+5.69620000E-03
+5.69324000E-03
+5.78332000E-03
+5.80355000E-03
+5.69306000E-03
+5.69491000E-03
+5.76903000E-03
+5.87258000E-03
+5.69784000E-03
+5.54905000E-03
+5.69012000E-03
+5.95525000E-03
+5.69807000E-03
+5.69382000E-03
+5.68364000E-03
+5.71061000E-03
+5.87322000E-03
+5.54940000E-03
+5.68961000E-03
+5.68815000E-03
+5.69269000E-03
+5.98904000E-03
+5.68915000E-03
+5.69149000E-03
+5.73580000E-03
+5.94109000E-03
+5.66566000E-03
+5.69055000E-03
+5.69054000E-03
+5.69112000E-03
+5.78693000E-03
+5.89436000E-03
+5.82034000E-03
+5.69523000E-03
+5.70000000E-03
+5.98825000E-03
+5.69469000E-03
+5.69312000E-03
+5.69200000E-03
+5.59354000E-03
+5.68676000E-03
+5.69315000E-03
+5.90610000E-03
+5.68991000E-03
+5.89401000E-03
+5.68612000E-03
+5.68920000E-03
+5.83427000E-03
+5.69192000E-03
+5.68770000E-03
+5.70332000E-03
+5.70336000E-03
+5.68531000E-03
+5.68951000E-03
+5.95794000E-03
+5.68606000E-03
+5.70108000E-03
+5.89526000E-03
+5.87240000E-03
+5.69516000E-03
+5.68932000E-03
+5.69210000E-03
+5.81620000E-03
+5.70863000E-03
+5.69076000E-03
+5.80635000E-03
+5.73772000E-03
+5.64986000E-03
+5.68933000E-03
+5.68841000E-03
+5.77574000E-03
+5.93388000E-03
+5.69354000E-03
+5.69277000E-03
+5.85730000E-03
+5.73078000E-03
+5.69679000E-03
+5.68987000E-03
+5.74641000E-03
+5.88646000E-03
+5.69353000E-03
+5.57080000E-03
+5.68723000E-03
+5.69363000E-03
+5.94009000E-03
+5.68052000E-03
+5.69166000E-03
+5.68950000E-03
+5.96452000E-03
+5.69767000E-03
+5.92050000E-03
+5.69067000E-03
+5.68995000E-03
+5.83328000E-03
+5.80267000E-03
+5.89782000E-03
+5.68694000E-03
+5.69119000E-03
+5.95817000E-03
+5.75953000E-03
+5.69119000E-03
+5.69405000E-03
+5.68883000E-03
+5.86041000E-03
+5.65950000E-03
+5.68735000E-03
+5.83515000E-03
+5.70426000E-03
+5.59429000E-03
+5.69213000E-03
+5.69215000E-03
+5.70286000E-03
+5.86751000E-03
+5.77265000E-03
+5.69487000E-03
+5.69705000E-03
+5.70371000E-03
+5.70376000E-03
+5.98994000E-03
+5.60932000E-03
+5.69662000E-03
+5.69230000E-03
+5.79538000E-03
+5.73726000E-03
+5.75463000E-03
+5.69347000E-03
+5.70851000E-03
+5.77171000E-03
+5.62053000E-03
+5.55940000E-03
+5.68961000E-03
+5.87899000E-03
+5.71474000E-03
+5.69204000E-03
+5.84640000E-03
+5.69213000E-03
+5.69679000E-03
+5.90501000E-03
+5.69708000E-03
+5.69294000E-03
+5.93666000E-03
+5.74962000E-03
+5.63855000E-03
+5.69125000E-03
+5.69300000E-03
+5.69086000E-03
+5.77014000E-03
+5.72629000E-03
+5.69184000E-03
+5.69319000E-03
+5.69969000E-03
+5.69661000E-03
+5.66420000E-03
+5.69207000E-03
+5.70386000E-03
+5.69610000E-03
+5.78858000E-03
+5.66857000E-03
+5.69423000E-03
+5.74069000E-03
+5.91893000E-03
+5.66024000E-03
+5.69761000E-03
+5.69474000E-03
+5.57441000E-03
+5.69930000E-03
+5.70600000E-03
+5.78517000E-03
+5.79433000E-03
+5.90045000E-03
+5.66706000E-03
+5.69714000E-03
+5.97304000E-03
+5.57645000E-03
+5.69831000E-03
+5.70140000E-03
+5.71148000E-03
+5.86010000E-03
+5.70245000E-03
+5.69831000E-03
+5.71485000E-03
+5.91846000E-03
+5.68921000E-03
+5.67825000E-03
+5.69970000E-03
+5.61348000E-03
+5.87927000E-03
+5.70653000E-03
+5.69707000E-03
+5.70243000E-03
+5.94289000E-03
+5.60875000E-03
+5.77393000E-03
+5.71049000E-03
+5.73807000E-03
+5.68735000E-03
+5.71398000E-03
+5.70386000E-03
+5.91607000E-03
+5.71889000E-03
+5.71965000E-03
+5.71504000E-03
+5.71680000E-03
+5.59781000E-03
+5.59424000E-03
+5.71597000E-03
+5.72255000E-03
+5.89427000E-03
+5.56946000E-03
+5.65749000E-03
+5.71446000E-03
+5.94552000E-03
+5.77451000E-03
+5.71026000E-03
+5.62123000E-03
+5.71099000E-03
+5.71638000E-03
+5.90642000E-03
+5.60945000E-03
+5.70417000E-03
+5.79474000E-03
+5.78693000E-03
+5.70309000E-03
+5.70315000E-03
+5.70547000E-03
+5.72892000E-03
+5.65149000E-03
+5.70665000E-03
+5.71864000E-03
+6.00295000E-03
+5.70835000E-03
+5.67819000E-03
+5.70328000E-03
+5.72443000E-03
+5.66548000E-03
+5.71614000E-03
+5.70748000E-03
+5.94581000E-03
+5.68787000E-03
+5.70804000E-03
+5.70568000E-03
+5.89456000E-03
+5.80850000E-03
+5.67056000E-03
+5.70530000E-03
+5.78757000E-03
+5.70869000E-03
+5.70974000E-03
+5.82524000E-03
+5.87584000E-03
+5.58036000E-03
+5.70606000E-03
+5.70705000E-03
+5.80453000E-03
+5.70770000E-03
+5.70595000E-03
+5.70740000E-03
+5.71215000E-03
+5.96557000E-03
+5.62076000E-03
+5.70921000E-03
+5.70869000E-03
+5.58386000E-03
+5.93398000E-03
+5.70856000E-03
+5.70743000E-03
+5.98062000E-03
+5.67464000E-03
+5.71224000E-03
+5.70554000E-03
+5.76151000E-03
+5.65551000E-03
+5.71207000E-03
+5.70789000E-03
+5.70566000E-03
+5.74903000E-03
+5.56561000E-03
+5.70845000E-03
+5.71717000E-03
+5.71347000E-03
+5.84092000E-03
+5.68787000E-03
+5.69154000E-03
+5.70745000E-03
+5.63534000E-03
+5.94499000E-03
+5.75131000E-03
+5.63347000E-03
+5.70940000E-03
+5.78751000E-03
+5.66793000E-03
+5.70991000E-03
+5.70904000E-03
+5.70941000E-03
+5.86115000E-03
+5.85369000E-03
+5.70904000E-03
+5.70843000E-03
+5.71498000E-03
+5.81585000E-03
+5.82197000E-03
+5.71569000E-03
+5.74402000E-03
+5.64339000E-03
+5.91450000E-03
+5.75883000E-03
+5.71038000E-03
+5.70921000E-03
+5.77490000E-03
+5.71574000E-03
+5.70499000E-03
+5.71040000E-03
+5.84075000E-03
+5.75055000E-03
+5.72052000E-03
+5.71026000E-03
+5.94767000E-03
+5.66198000E-03
+5.71061000E-03
+5.70950000E-03
+5.71492000E-03
+5.98878000E-03
+5.71151000E-03
+5.71015000E-03
+5.84757000E-03
+5.74489000E-03
+5.71009000E-03
+5.71028000E-03
+5.72548000E-03
+5.79282000E-03
+5.80675000E-03
+5.71516000E-03
+5.71148000E-03
+5.89229000E-03
+5.83874000E-03
+5.71312000E-03
+5.71300000E-03
+5.71164000E-03
+5.65930000E-03
+5.89124000E-03
+5.71673000E-03
+5.71306000E-03
+5.75789000E-03
+5.96621000E-03
+5.71318000E-03
+5.71370000E-03
+5.71616000E-03
+5.88768000E-03
+5.73090000E-03
+5.63913000E-03
+5.82028000E-03
+5.71469000E-03
+5.77999000E-03
+5.71807000E-03
+5.72511000E-03
+5.72006000E-03
+5.88395000E-03
+5.67892000E-03
+5.71656000E-03
+5.71516000E-03
+5.71399000E-03
+5.71883000E-03
+5.82250000E-03
+5.72758000E-03
+5.71739000E-03
+5.81474000E-03
+5.81473000E-03
+5.80745000E-03
+5.56998000E-03
+5.71388000E-03
+5.91864000E-03
+5.90634000E-03
+5.65062000E-03
+5.65849000E-03
+5.71514000E-03
+5.72916000E-03
+5.90068000E-03
+5.71399000E-03
+5.71397000E-03
+5.72047000E-03
+5.99694000E-03
+5.66325000E-03
+5.71370000E-03
+5.71520000E-03
+5.71650000E-03
+5.90826000E-03
+5.57715000E-03
+5.71516000E-03
+5.90925000E-03
+5.70309000E-03
+5.71918000E-03
+5.63073000E-03
+5.72378000E-03
+5.71696000E-03
+5.85515000E-03
+5.87946000E-03
+5.71446000E-03
+5.81632000E-03
+5.91351000E-03
+5.68023000E-03
+5.71566000E-03
+5.71871000E-03
+5.83235000E-03
+5.67370000E-03
+5.72431000E-03
+5.71621000E-03
+5.91672000E-03
+5.92744000E-03
+5.72025000E-03
+5.71755000E-03
+5.72151000E-03
+5.72149000E-03
+5.79731000E-03
+5.71516000E-03
+5.70909000E-03
+5.71918000E-03
+5.71708000E-03
+5.71770000E-03
+5.68945000E-03
+5.71685000E-03
+5.71714000E-03
+5.84832000E-03
+5.79311000E-03
+5.61383000E-03
+5.58543000E-03
+5.72192000E-03
+5.71879000E-03
+5.80489000E-03
+5.71860000E-03
+5.79445000E-03
+5.72064000E-03
+5.73090000E-03
+5.94686000E-03
+5.71772000E-03
+5.91603000E-03
+6.00277000E-03
+5.74373000E-03
+5.62875000E-03
+5.72128000E-03
+5.71881000E-03
+5.94023000E-03
+5.76419000E-03
+5.72659000E-03
+5.72155000E-03
+5.70175000E-03
+5.58805000E-03
+5.59989000E-03
+5.71973000E-03
+5.87299000E-03
+5.85456000E-03
+5.71971000E-03
+5.72164000E-03
+5.93980000E-03
+5.80734000E-03
+5.72221000E-03
+5.72076000E-03
+5.76384000E-03
+5.84809000E-03
+5.71740000E-03
+5.72250000E-03
+6.02644000E-03
+5.70437000E-03
+5.59785000E-03
+5.72163000E-03
+5.72206000E-03
+5.92118000E-03
+5.72583000E-03
+5.72580000E-03
+5.72732000E-03
+5.72371000E-03
+5.72170000E-03
+5.70834000E-03
+5.66379000E-03
+5.72221000E-03
+5.72349000E-03
+5.83661000E-03
+5.78850000E-03
+5.83497000E-03
+5.73632000E-03
+5.72361000E-03
+5.73306000E-03
+5.93875000E-03
+5.74740000E-03
+5.72256000E-03
+5.72245000E-03
+5.72309000E-03
+5.68676000E-03
+5.75451000E-03
+5.68303000E-03
+5.85929000E-03
+5.72594000E-03
+6.02213000E-03
+5.60683000E-03
+5.72705000E-03
+5.71778000E-03
+5.72956000E-03
+5.73236000E-03
+5.72618000E-03
+5.72377000E-03
+5.72375000E-03
+5.93590000E-03
+5.70029000E-03
+5.72758000E-03
+5.72284000E-03
+5.81107000E-03
+5.94218000E-03
+5.72373000E-03
+5.72944000E-03
+5.88727000E-03
+5.81175000E-03
+5.72559000E-03
+5.72254000E-03
+5.72690000E-03
+5.82862000E-03
+5.70863000E-03
+5.63878000E-03
+5.72612000E-03
+5.72608000E-03
+5.78559000E-03
+5.95327000E-03
+5.72565000E-03
+5.72594000E-03
+5.72390000E-03
+5.75708000E-03
+5.66175000E-03
+5.64551000E-03
+5.72748000E-03
+6.02178000E-03
+5.72845000E-03
+5.72321000E-03
+5.73187000E-03
+5.72490000E-03
+5.79043000E-03
+5.71632000E-03
+5.66426000E-03
+5.72962000E-03
+5.72261000E-03
+5.78179000E-03
+5.89462000E-03
+5.73189000E-03
+5.72886000E-03
+5.72555000E-03
+5.73266000E-03
+5.63738000E-03
+5.72624000E-03
+5.66461000E-03
+5.72855000E-03
+5.96377000E-03
+5.76862000E-03
+5.67873000E-03
+5.73277000E-03
+5.73273000E-03
+5.79836000E-03
+5.95414000E-03
+5.80300000E-03
+5.72934000E-03
+5.91024000E-03
+5.74087000E-03
+5.73096000E-03
+5.72979000E-03
+5.73602000E-03
+5.83975000E-03
+5.63954000E-03
+5.73064000E-03
+5.80938000E-03
+5.81218000E-03
+5.73451000E-03
+5.73916000E-03
+5.72805000E-03
+5.69399000E-03
+6.01711000E-03
+5.73090000E-03
+5.72936000E-03
+5.86424000E-03
+5.75817000E-03
+5.72886000E-03
+5.72874000E-03
+5.95246000E-03
+5.58578000E-03
+5.73113000E-03
+5.73055000E-03
+5.76973000E-03
+5.59499000E-03
+5.86045000E-03
+5.73632000E-03
+5.73478000E-03
+6.03093000E-03
+5.72711000E-03
+5.73720000E-03
+5.73393000E-03
+5.73270000E-03
+5.83830000E-03
+5.64957000E-03
+5.72868000E-03
+5.74104000E-03
+5.92464000E-03
+5.73000000E-03
+5.73510000E-03
+5.73233000E-03
+5.73181000E-03
+5.73516000E-03
+5.73329000E-03
+5.73125000E-03
+5.73166000E-03
+5.85060000E-03
+5.71906000E-03
+5.73172000E-03
+5.73138000E-03
+5.79154000E-03
+5.68688000E-03
+5.73906000E-03
+5.76192000E-03
+5.73526000E-03
+5.92762000E-03
+5.74919000E-03
+5.73370000E-03
+5.73368000E-03
+5.73602000E-03
+5.73953000E-03
+5.94497000E-03
+5.73247000E-03
+5.73108000E-03
+5.97257000E-03
+5.76932000E-03
+6.11361000E-03
+5.73038000E-03
+5.73189000E-03
+5.91153000E-03
+5.59179000E-03
+5.73982000E-03
+5.73322000E-03
+5.72495000E-03
+5.73352000E-03
+5.66134000E-03
+5.73142000E-03
+5.73247000E-03
+5.73245000E-03
+5.73744000E-03
+5.92985000E-03
+5.58922000E-03
+5.73534000E-03
+5.70851000E-03
+5.73521000E-03
+5.59493000E-03
+5.73597000E-03
+5.73600000E-03
+5.70256000E-03
+5.73376000E-03
+5.69434000E-03
+5.73763000E-03
+5.86582000E-03
+5.83824000E-03
+5.92429000E-03
+5.78390000E-03
+5.73941000E-03
+5.73330000E-03
+5.81276000E-03
+5.59126000E-03
+5.83247000E-03
+5.80070000E-03
+5.76658000E-03
+5.94330000E-03
+5.60660000E-03
+5.73661000E-03
+5.73370000E-03
+5.73528000E-03
+5.75288000E-03
+5.74314000E-03
+5.74142000E-03
+5.81935000E-03
+5.98994000E-03
+5.73551000E-03
+5.73451000E-03
+6.00184000E-03
+5.78087000E-03
+5.73935000E-03
+5.74221000E-03
+5.75084000E-03
+6.03799000E-03
+5.63336000E-03
+5.73498000E-03
+5.74559000E-03
+6.00726000E-03
+5.74142000E-03
+5.73323000E-03
+5.73327000E-03
+5.73731000E-03
+5.73980000E-03
+5.99239000E-03
+5.78662000E-03
+5.66286000E-03
+5.73658000E-03
+5.73838000E-03
+5.75558000E-03
+5.73580000E-03
+5.73783000E-03
+5.73726000E-03
+6.03006000E-03
+5.73446000E-03
+5.70186000E-03
+5.73946000E-03
+6.00021000E-03
+5.61552000E-03
+5.74040000E-03
+5.73990000E-03
+5.75795000E-03
+5.99274000E-03
+5.69423000E-03
+5.73790000E-03
+5.74722000E-03
+5.72070000E-03
+5.64822000E-03
+5.73836000E-03
+5.74029000E-03
+5.99490000E-03
+5.94015000E-03
+5.74513000E-03
+5.96178000E-03
+5.73761000E-03
+5.75311000E-03
+5.74104000E-03
+5.73928000E-03
+5.75725000E-03
+5.73743000E-03
+5.73952000E-03
+5.74395000E-03
+5.81357000E-03
+5.72927000E-03
+5.73825000E-03
+5.74368000E-03
+5.80582000E-03
+5.84815000E-03
+5.73889000E-03
+5.59851000E-03
+5.74419000E-03
+5.73899000E-03
+5.60380000E-03
+5.60654000E-03
+5.63361000E-03
+5.73810000E-03
+5.93187000E-03
+5.63143000E-03
+5.73813000E-03
+6.01105000E-03
+5.68904000E-03
+5.73970000E-03
+5.74075000E-03
+5.74436000E-03
+5.93706000E-03
+5.72685000E-03
+5.74256000E-03
+5.74415000E-03
+5.74599000E-03
+5.75641000E-03
+5.90139000E-03
+5.73978000E-03
+5.74134000E-03
+5.73925000E-03
+6.02329000E-03
+5.74198000E-03
+5.74361000E-03
+5.74327000E-03
+5.73842000E-03
+5.67411000E-03
+5.74249000E-03
+5.74335000E-03
+5.70764000E-03
+5.71148000E-03
+5.64150000E-03
+5.74367000E-03
+5.98213000E-03
+5.75624000E-03
+5.75947000E-03
+5.74454000E-03
+5.72804000E-03
+5.93839000E-03
+5.74058000E-03
+5.75533000E-03
+5.94744000E-03
+5.80028000E-03
+5.64671000E-03
+5.74287000E-03
+5.75854000E-03
+5.74585000E-03
+5.79842000E-03
+5.63901000E-03
+5.74340000E-03
+5.74763000E-03
+5.94179000E-03
+5.74075000E-03
+5.74583000E-03
+5.74518000E-03
+5.75772000E-03
+5.68519000E-03
+5.60677000E-03
+5.74580000E-03
+6.05886000E-03
+5.68799000E-03
+5.74250000E-03
+5.74274000E-03
+5.74524000E-03
+5.84483000E-03
+5.84535000E-03
+5.74145000E-03
+5.78326000E-03
+6.03134000E-03
+5.60415000E-03
+5.74169000E-03
+5.74713000E-03
+5.76932000E-03
+5.74279000E-03
+5.74787000E-03
+5.74473000E-03
+6.05379000E-03
+5.96196000E-03
+5.69026000E-03
+5.74138000E-03
+5.74450000E-03
+5.76547000E-03
+5.69131000E-03
+5.74849000E-03
+5.74915000E-03
+5.94668000E-03
+5.82961000E-03
+5.74880000E-03
+5.74628000E-03
+5.76145000E-03
+5.86990000E-03
+5.64747000E-03
+5.74402000E-03
+5.75128000E-03
+5.95613000E-03
+5.69994000E-03
+5.74884000E-03
+5.74501000E-03
+5.82885000E-03
+5.67761000E-03
+5.74806000E-03
+5.74856000E-03
+5.93100000E-03
+5.90395000E-03
+5.65726000E-03
+5.74956000E-03
+5.74629000E-03
+5.79224000E-03
+6.03318000E-03
+5.77496000E-03
+5.74714000E-03
+5.96575000E-03
+5.74818000E-03
+5.74967000E-03
+5.74664000E-03
+5.99478000E-03
+5.65615000E-03
+5.74752000E-03
+5.74933000E-03
+5.78011000E-03
+5.70507000E-03
+5.75311000E-03
+5.76145000E-03
+5.78342000E-03
+6.03423000E-03
+5.74711000E-03
+5.74796000E-03
+5.75496000E-03
+5.71090000E-03
+5.66933000E-03
+5.74711000E-03
+5.75350000E-03
+5.99012000E-03
+5.64863000E-03
+5.75296000E-03
+5.75081000E-03
+5.81614000E-03
+5.96190000E-03
+5.74781000E-03
+5.75078000E-03
+5.74712000E-03
+5.92750000E-03
+5.74659000E-03
+5.74950000E-03
+5.74815000E-03
+5.74944000E-03
+5.67347000E-03
+5.74822000E-03
+5.74824000E-03
+5.75031000E-03
+5.75735000E-03
+5.87444000E-03
+5.70414000E-03
+5.74816000E-03
+5.75306000E-03
+5.79148000E-03
+5.69394000E-03
+5.76343000E-03
+5.76495000E-03
+6.05769000E-03
+5.64735000E-03
+5.75661000E-03
+5.75527000E-03
+5.73988000E-03
+6.04994000E-03
+5.75401000E-03
+5.75397000E-03
+5.75107000E-03
+5.96213000E-03
+5.77195000E-03
+5.75695000E-03
+5.75148000E-03
+5.76119000E-03
+5.80081000E-03
+5.95776000E-03
+5.61639000E-03
+5.75119000E-03
+5.74682000E-03
+5.75224000E-03
+5.81451000E-03
+5.68128000E-03
+5.75274000E-03
+5.75135000E-03
+5.84477000E-03
+5.74950000E-03
+5.75060000E-03
+5.75142000E-03
+5.91788000E-03
+5.73673000E-03
+5.69364000E-03
+5.75247000E-03
+5.89806000E-03
+5.73941000E-03
+5.76769000E-03
+5.75833000E-03
+5.86360000E-03
+5.97543000E-03
+5.89584000E-03
+5.86826000E-03
+5.77970000E-03
+5.74457000E-03
+5.61138000E-03
+5.75486000E-03
+5.69152000E-03
+5.77912000E-03
+6.06166000E-03
+5.67207000E-03
+5.75486000E-03
+5.75177000E-03
+5.76244000E-03
+5.88086000E-03
+5.75134000E-03
+5.86360000E-03
+5.75271000E-03
+5.75780000E-03
+5.81789000E-03
+5.98149000E-03
+5.75387000E-03
+5.75923000E-03
+6.04924000E-03
+5.73784000E-03
+5.75387000E-03
+5.75650000E-03
+5.76845000E-03
+6.06679000E-03
+5.75900000E-03
+5.75504000E-03
+5.75498000E-03
+5.75211000E-03
+5.76174000E-03
+5.74262000E-03
+5.75635000E-03
+5.75342000E-03
+5.95193000E-03
+5.85450000E-03
+5.75691000E-03
+5.75170000E-03
+5.76798000E-03
+5.92346000E-03
+5.75812000E-03
+5.75804000E-03
+5.75510000E-03
+5.75692000E-03
+5.79288000E-03
+5.89625000E-03
+5.76677000E-03
+6.00120000E-03
+5.80238000E-03
+5.75306000E-03
+5.76003000E-03
+5.79760000E-03
+5.96785000E-03
+5.75597000E-03
+5.74944000E-03
2021/08/29,15:09:41
