2021/08/28,23:27:21
+1.50000000E-08
+1.90000000E-08
+2.00000000E-08
+2.20000000E-08
+1.70000000E-08
+1.50000000E-08
+1.60000000E-08
+1.80000000E-08
+2.00000000E-08
+2.20000000E-08
+1.90000000E-08
+2.00000000E-08
+1.90000000E-08
+1.50000000E-08
+1.10000000E-08
+1.40000000E-08
+1.50000000E-08
+1.30000000E-08
+1.10000000E-08
+0.00000000E+00
+5.65388000E-03
+5.64712000E-03
+5.64485000E-03
+5.64483000E-03
+5.61209000E-03
+5.64193000E-03
+5.64282000E-03
+5.64291000E-03
+5.63581000E-03
+5.63446000E-03
+6.01320000E-03
+5.63761000E-03
+5.97496000E-03
+5.53372000E-03
+5.66951000E-03
+5.66362000E-03
+5.67613000E-03
+5.63977000E-03
+5.56602000E-03
+5.63860000E-03
+5.63581000E-03
+5.87579000E-03
+5.89310000E-03
+5.90855000E-03
+5.57819000E-03
+5.54264000E-03
+5.82115000E-03
+5.73539000E-03
+5.81830000E-03
+5.63068000E-03
+5.63272000E-03
+5.81991000E-03
+5.81346000E-03
+5.63342000E-03
+5.52899000E-03
+5.63481000E-03
+5.62543000E-03
+5.64793000E-03
+5.80489000E-03
+5.63732000E-03
+5.94931000E-03
+5.63961000E-03
+5.92938000E-03
+5.87252000E-03
+5.63837000E-03
+5.89520000E-03
+5.63691000E-03
+5.91258000E-03
+5.91724000E-03
+5.63610000E-03
+5.63605000E-03
+5.64245000E-03
+5.78046000E-03
+5.61779000E-03
+5.64181000E-03
+5.60333000E-03
+5.69761000E-03
+5.63761000E-03
+5.60485000E-03
+5.94117000E-03
+5.94359000E-03
+5.63977000E-03
+5.74425000E-03
+5.58677000E-03
+5.77317000E-03
+5.67359000E-03
+5.52415000E-03
+5.63488000E-03
+5.60461000E-03
+5.53966000E-03
+5.65761000E-03
+5.63114000E-03
+5.65050000E-03
+5.67983000E-03
+5.63277000E-03
+5.93922000E-03
+5.63616000E-03
+5.68939000E-03
+5.58234000E-03
+5.84990000E-03
+5.63493000E-03
+5.73833000E-03
+5.73906000E-03
+5.60992000E-03
+5.87800000E-03
+5.91736000E-03
+5.92033000E-03
+5.63371000E-03
+5.81550000E-03
+5.60584000E-03
+5.84354000E-03
+5.53719000E-03
+5.70374000E-03
+5.80588000E-03
+5.68157000E-03
+5.96447000E-03
+5.62234000E-03
+5.78343000E-03
+5.59983000E-03
+5.70111000E-03
+5.63738000E-03
+5.89693000E-03
+5.85931000E-03
+5.55401000E-03
+5.82378000E-03
+5.72427000E-03
+5.65318000E-03
+5.92132000E-03
+5.64030000E-03
+5.90715000E-03
+5.89520000E-03
+5.67545000E-03
+5.62099000E-03
+5.95817000E-03
+5.62554000E-03
+5.87672000E-03
+5.55750000E-03
+5.75615000E-03
+5.72543000E-03
+5.61138000E-03
+5.63540000E-03
+5.63765000E-03
+5.75241000E-03
+5.55051000E-03
+5.62689000E-03
+5.64129000E-03
+5.61499000E-03
+5.58652000E-03
+5.61837000E-03
+5.79229000E-03
+5.59447000E-03
+5.93963000E-03
+5.97723000E-03
+5.90797000E-03
+5.57033000E-03
+5.68327000E-03
+5.62976000E-03
+5.63038000E-03
+5.95851000E-03
+5.86063000E-03
+5.53535000E-03
+5.89718000E-03
+5.55640000E-03
+5.69767000E-03
+5.61435000E-03
+5.62294000E-03
+5.61732000E-03
+5.69518000E-03
+5.63487000E-03
+5.70676000E-03
+5.60974000E-03
+5.96161000E-03
+5.61546000E-03
+5.83130000E-03
+5.63275000E-03
+5.87777000E-03
+5.94902000E-03
+5.61453000E-03
+5.92628000E-03
+5.63470000E-03
+5.75445000E-03
+5.62275000E-03
+5.79999000E-03
+5.64024000E-03
+5.74489000E-03
+5.74734000E-03
+5.63639000E-03
+5.64449000E-03
+5.62496000E-03
+5.77958000E-03
+5.72120000E-03
+5.83672000E-03
+5.66140000E-03
+5.61907000E-03
+5.67994000E-03
+5.63790000E-03
+5.66421000E-03
+5.64164000E-03
+5.64155000E-03
+5.62986000E-03
+5.60890000E-03
+5.71020000E-03
+5.85724000E-03
+5.81521000E-03
+5.65306000E-03
+5.81503000E-03
+5.65161000E-03
+5.70618000E-03
+5.65062000E-03
+5.66366000E-03
+5.74553000E-03
+5.85404000E-03
+5.90395000E-03
+5.54199000E-03
+5.74618000E-03
+5.59802000E-03
+5.91261000E-03
+5.66035000E-03
+5.65726000E-03
+5.72035000E-03
+5.65785000E-03
+5.79556000E-03
+5.74594000E-03
+5.79772000E-03
+5.87701000E-03
+5.79037000E-03
+5.64962000E-03
+5.77072000E-03
+5.65201000E-03
+5.66897000E-03
+5.73935000E-03
+5.54753000E-03
+5.73965000E-03
+5.64607000E-03
+5.64397000E-03
+5.68315000E-03
+5.89940000E-03
+5.89937000E-03
+5.65137000E-03
+5.87584000E-03
+5.81194000E-03
+5.64583000E-03
+5.64747000E-03
+5.64473000E-03
+5.96301000E-03
+5.90867000E-03
+5.64537000E-03
+5.64400000E-03
+5.75066000E-03
+5.64665000E-03
+5.79870000E-03
+5.79527000E-03
+5.53232000E-03
+5.76203000E-03
+5.84144000E-03
+5.64956000E-03
+5.89660000E-03
+5.64866000E-03
+5.70515000E-03
+5.59598000E-03
+5.88850000E-03
+5.86768000E-03
+5.92786000E-03
+5.68997000E-03
+5.78193000E-03
+5.96327000E-03
+5.64636000E-03
+5.94493000E-03
+5.70921000E-03
+5.63895000E-03
+5.63897000E-03
+5.60228000E-03
+5.60281000E-03
+5.76157000E-03
+5.65260000E-03
+5.92768000E-03
+5.99467000E-03
+5.78524000E-03
+5.88780000E-03
+5.60077000E-03
+5.69265000E-03
+5.53791000E-03
+5.85550000E-03
+5.64776000E-03
+5.71627000E-03
+5.64677000E-03
+5.94447000E-03
+5.64881000E-03
+5.85864000E-03
+5.88412000E-03
+5.90249000E-03
+5.90251000E-03
+5.57616000E-03
+5.70020000E-03
+5.58945000E-03
+5.96966000E-03
+5.55809000E-03
+5.91528000E-03
+5.57739000E-03
+5.79731000E-03
+5.92301000E-03
+5.62782000E-03
+5.87549000E-03
+5.64234000E-03
+5.79922000E-03
+5.91141000E-03
+5.63184000E-03
+5.93683000E-03
+5.64315000E-03
+5.94021000E-03
+5.60304000E-03
+5.89380000E-03
+5.72699000E-03
+5.93450000E-03
+5.99309000E-03
+5.64508000E-03
+5.90476000E-03
+5.64834000E-03
+5.94127000E-03
+5.98616000E-03
+5.64210000E-03
+5.99309000E-03
+5.61050000E-03
+5.67050000E-03
+5.59202000E-03
+5.99642000E-03
+5.64123000E-03
+5.62974000E-03
+5.64228000E-03
+5.99035000E-03
+5.77084000E-03
+5.69022000E-03
+5.81818000E-03
+5.64420000E-03
+5.85608000E-03
+5.64869000E-03
+5.80792000E-03
+5.64729000E-03
+5.80011000E-03
+5.60823000E-03
+5.64963000E-03
+5.89975000E-03
+5.64169000E-03
+5.59972000E-03
+5.77370000E-03
+5.68612000E-03
+5.68105000E-03
+5.78710000E-03
+5.72548000E-03
+5.76454000E-03
+5.64992000E-03
+5.66519000E-03
+5.86617000E-03
+5.64263000E-03
+5.76064000E-03
+5.98534000E-03
+5.65726000E-03
+5.69463000E-03
+5.64222000E-03
+5.53937000E-03
+5.59097000E-03
+5.54130000E-03
+5.59550000E-03
+5.64169000E-03
+5.64399000E-03
+5.63761000E-03
+5.66951000E-03
+5.59382000E-03
+5.67860000E-03
+5.63674000E-03
+5.79941000E-03
+5.84104000E-03
+5.58986000E-03
+5.64356000E-03
+5.79183000E-03
+5.74693000E-03
+5.92249000E-03
+5.63814000E-03
+5.87345000E-03
+5.63198000E-03
+5.88395000E-03
+5.63721000E-03
+5.73521000E-03
+5.53739000E-03
+5.63351000E-03
+5.64502000E-03
+5.64111000E-03
+5.84623000E-03
+5.63825000E-03
+5.83311000E-03
+5.61855000E-03
+5.59996000E-03
+5.92246000E-03
+5.83468000E-03
+5.63901000E-03
+5.86558000E-03
+5.63837000E-03
+5.63044000E-03
+5.80687000E-03
+5.84210000E-03
+5.65487000E-03
+5.87479000E-03
+5.57476000E-03
+5.94552000E-03
+5.63773000E-03
+5.84424000E-03
+5.57768000E-03
+5.62904000E-03
+5.71078000E-03
+5.63860000E-03
+5.90074000E-03
+5.91986000E-03
+5.81072000E-03
+5.56398000E-03
+5.63808000E-03
+5.61681000E-03
+5.99210000E-03
+5.64177000E-03
+5.56812000E-03
+5.94913000E-03
+5.79410000E-03
+5.63732000E-03
+5.61931000E-03
+5.77125000E-03
+5.59657000E-03
+5.83200000E-03
+5.63983000E-03
+5.61697000E-03
+5.99286000E-03
+5.69956000E-03
+5.64362000E-03
+5.63756000E-03
+5.72495000E-03
+5.64443000E-03
+5.78588000E-03
+5.80792000E-03
+5.63983000E-03
+5.65633000E-03
+5.64204000E-03
+5.79684000E-03
+5.88080000E-03
+5.82290000E-03
+5.61919000E-03
+5.82681000E-03
+5.63905000E-03
+5.75714000E-03
+5.69184000E-03
+5.81602000E-03
+5.75941000E-03
+5.66309000E-03
+5.54048000E-03
+5.66000000E-03
+5.67735000E-03
+5.95065000E-03
+5.65761000E-03
+5.62613000E-03
+5.64158000E-03
+5.64578000E-03
+5.64480000E-03
+5.66433000E-03
+5.71813000E-03
+5.95549000E-03
+5.65712000E-03
+5.86352000E-03
+5.93835000E-03
+5.64251000E-03
+5.82080000E-03
+5.85993000E-03
+5.89164000E-03
+5.56205000E-03
+5.65901000E-03
+5.75924000E-03
+5.79556000E-03
+5.75513000E-03
+5.98994000E-03
+5.65819000E-03
+5.77626000E-03
+5.67277000E-03
+5.60677000E-03
+5.58805000E-03
+5.59091000E-03
+5.66527000E-03
+5.55179000E-03
+5.69015000E-03
+5.68157000E-03
+5.64548000E-03
+5.88832000E-03
+5.58205000E-03
+5.66846000E-03
+5.63686000E-03
+5.64409000E-03
+5.71545000E-03
+5.99257000E-03
+5.73801000E-03
+5.88920000E-03
+5.66187000E-03
+5.65306000E-03
+5.65617000E-03
+5.99618000E-03
+5.64385000E-03
+5.96966000E-03
+5.64374000E-03
+5.59553000E-03
+5.75632000E-03
+5.64817000E-03
+5.68513000E-03
+5.64630000E-03
+5.66420000E-03
+5.75836000E-03
+5.72285000E-03
+5.61878000E-03
+5.89403000E-03
+5.56403000E-03
+5.93671000E-03
+5.64840000E-03
+5.96578000E-03
+5.64840000E-03
+5.56094000E-03
+5.92214000E-03
+5.58347000E-03
+5.88844000E-03
+5.58800000E-03
+5.92569000E-03
+5.74892000E-03
+5.64187000E-03
+5.59756000E-03
+5.64887000E-03
+5.79451000E-03
+5.67895000E-03
+5.66385000E-03
+5.56398000E-03
+6.00091000E-03
+5.64846000E-03
+6.00254000E-03
+5.95444000E-03
+5.65429000E-03
+5.66801000E-03
+5.74606000E-03
+5.62793000E-03
+5.61478000E-03
+5.64875000E-03
+5.64923000E-03
+5.75789000E-03
+5.88162000E-03
+5.65322000E-03
+5.93770000E-03
+5.78320000E-03
+5.73937000E-03
+5.88453000E-03
+5.56094000E-03
+5.87987000E-03
+5.69348000E-03
+5.68560000E-03
+5.64642000E-03
+5.71673000E-03
+5.65079000E-03
+5.72443000E-03
+5.59536000E-03
+5.87182000E-03
+5.92418000E-03
+5.58689000E-03
+5.66799000E-03
+5.98820000E-03
+5.78880000E-03
+5.65411000E-03
+5.63907000E-03
+5.65575000E-03
+5.65639000E-03
+5.65219000E-03
+5.64945000E-03
+5.80809000E-03
+5.93951000E-03
+5.72565000E-03
+5.61651000E-03
+5.91712000E-03
+5.65213000E-03
+5.89112000E-03
+5.57610000E-03
+5.57085000E-03
+5.70531000E-03
+5.65038000E-03
+5.97129000E-03
+5.73236000E-03
+5.65825000E-03
+5.84261000E-03
+5.85841000E-03
+5.71551000E-03
+6.01636000E-03
+5.61861000E-03
+6.02883000E-03
+5.66688000E-03
+5.67120000E-03
+5.68875000E-03
+5.64490000E-03
+5.71440000E-03
+5.62852000E-03
+5.89479000E-03
+5.61114000E-03
+5.79393000E-03
+5.62689000E-03
+5.62286000E-03
+5.65703000E-03
+5.68216000E-03
+5.73387000E-03
+5.62012000E-03
+5.65341000E-03
+5.84908000E-03
+5.55138000E-03
+5.94091000E-03
+5.65394000E-03
+5.64065000E-03
+5.65936000E-03
+5.80407000E-03
+5.66024000E-03
+5.58368000E-03
+5.74191000E-03
+5.74196000E-03
+5.78827000E-03
+5.77393000E-03
+5.60595000E-03
+5.66968000E-03
+5.68082000E-03
+5.57482000E-03
+5.65674000E-03
+5.65767000E-03
+5.81346000E-03
+5.91924000E-03
+5.84279000E-03
+5.93421000E-03
+5.88272000E-03
+5.66059000E-03
+5.94161000E-03
+5.65388000E-03
+5.54899000E-03
+5.66362000E-03
+5.84477000E-03
+5.91701000E-03
+5.70280000E-03
+5.57727000E-03
+5.57948000E-03
+5.97779000E-03
+5.65866000E-03
+5.74973000E-03
+5.65866000E-03
+5.87363000E-03
+5.63411000E-03
+5.77760000E-03
+5.65866000E-03
+5.64502000E-03
+5.66951000E-03
+5.61396000E-03
+5.95467000E-03
+5.65400000E-03
+5.73685000E-03
+5.73685000E-03
+5.66855000E-03
+5.70962000E-03
+5.66665000E-03
+5.65499000E-03
+5.71662000E-03
+5.74623000E-03
+5.64525000E-03
+5.66288000E-03
+5.82477000E-03
+5.92295000E-03
+5.65924000E-03
+5.71457000E-03
+5.90879000E-03
+5.66235000E-03
+5.92348000E-03
+5.77439000E-03
+5.60671000E-03
+5.55255000E-03
+5.84395000E-03
+5.66496000E-03
+5.65814000E-03
+5.66463000E-03
+5.64787000E-03
+5.66140000E-03
+5.70210000E-03
+5.69842000E-03
+5.63472000E-03
+5.67557000E-03
+5.66006000E-03
+5.66009000E-03
+5.56592000E-03
+5.70729000E-03
+5.66041000E-03
+5.74594000E-03
+5.69539000E-03
+5.66682000E-03
+5.63231000E-03
+5.65592000E-03
+5.70017000E-03
+5.65703000E-03
+5.81282000E-03
+5.92808000E-03
+5.72329000E-03
+5.72994000E-03
+5.73486000E-03
+5.74623000E-03
+5.63785000E-03
+5.94995000E-03
+5.65854000E-03
+5.65038000E-03
+5.83066000E-03
+5.66158000E-03
+5.81375000E-03
+6.00137000E-03
+5.69813000E-03
+5.62263000E-03
+5.59691000E-03
+5.82627000E-03
+5.65871000E-03
+5.66875000E-03
+5.67586000E-03
+6.01052000E-03
+5.97519000E-03
+5.66916000E-03
+5.65825000E-03
+5.82891000E-03
+5.64718000E-03
+5.70571000E-03
+5.94558000E-03
+5.58537000E-03
+5.98196000E-03
+5.72810000E-03
+6.00761000E-03
+5.79568000E-03
+5.62863000E-03
+5.81414000E-03
+5.81672000E-03
+5.63901000E-03
+5.98031000E-03
+5.66280000E-03
+5.78256000E-03
+5.66402000E-03
+5.74419000E-03
+5.70695000E-03
+5.66041000E-03
+5.75912000E-03
+5.75351000E-03
+5.88634000E-03
+5.60030000E-03
+5.66070000E-03
+5.69809000E-03
+5.69504000E-03
+5.82132000E-03
+5.65213000E-03
+5.89660000E-03
+5.55045000E-03
+5.68787000E-03
+5.77498000E-03
+5.58858000E-03
+5.79824000E-03
+5.74722000E-03
+5.65919000E-03
+5.60625000E-03
+5.62992000E-03
+5.74979000E-03
+5.71837000E-03
+5.65336000E-03
+5.73312000E-03
+5.65685000E-03
+5.66525000E-03
+5.64508000E-03
+5.66467000E-03
+5.67021000E-03
+5.70291000E-03
+5.66216000E-03
+5.63721000E-03
+5.89573000E-03
+5.63581000E-03
+5.94674000E-03
+5.66455000E-03
+5.66245000E-03
+5.68338000E-03
+5.86716000E-03
+5.91760000E-03
+5.66245000E-03
+5.55517000E-03
+5.82063000E-03
+5.60082000E-03
+5.76829000E-03
+5.67359000E-03
+5.70262000E-03
+5.66714000E-03
+5.59126000E-03
+5.67236000E-03
+5.79853000E-03
+5.66542000E-03
+5.66490000E-03
+5.55820000E-03
+5.66402000E-03
+5.76284000E-03
+5.77585000E-03
+5.91567000E-03
+5.95047000E-03
+5.66472000E-03
+5.66373000E-03
+5.66830000E-03
+5.72542000E-03
+5.68188000E-03
+5.68787000E-03
+5.68794000E-03
+5.66647000E-03
+5.71137000E-03
+5.66049000E-03
+5.76361000E-03
+5.90430000E-03
+5.85660000E-03
+5.68309000E-03
+5.90005000E-03
+5.60742000E-03
+5.67254000E-03
+5.64298000E-03
+5.66659000E-03
+5.66717000E-03
+5.81299000E-03
+5.59499000E-03
+5.62146000E-03
+5.66251000E-03
+5.99578000E-03
+5.66968000E-03
+5.62123000E-03
+5.66533000E-03
+5.66661000E-03
+5.88453000E-03
+5.64384000E-03
+5.57039000E-03
+5.69912000E-03
+5.66490000E-03
+5.71119000E-03
+5.66601000E-03
+5.90237000E-03
+5.66583000E-03
+5.58596000E-03
+5.66612000E-03
+5.66484000E-03
+5.99304000E-03
+5.56975000E-03
+5.93287000E-03
+5.67456000E-03
+5.69189000E-03
+5.73790000E-03
+5.60520000E-03
+6.00388000E-03
+5.66904000E-03
+5.61863000E-03
+5.71545000E-03
+5.58899000E-03
+5.73008000E-03
+5.66700000E-03
+5.64723000E-03
+5.63120000E-03
+5.67697000E-03
+5.58508000E-03
+5.60858000E-03
+5.59039000E-03
+5.77743000E-03
+5.98755000E-03
+5.60351000E-03
+5.62082000E-03
+6.00213000E-03
+5.56998000E-03
+6.02073000E-03
+5.81113000E-03
+5.56112000E-03
+5.67516000E-03
+5.65598000E-03
+5.70997000E-03
+5.74017000E-03
+5.74653000E-03
+5.75206000E-03
+5.57808000E-03
+5.78821000E-03
+5.63522000E-03
+5.83206000E-03
+5.96948000E-03
+6.01395000E-03
+5.92097000E-03
+5.81690000E-03
+5.67248000E-03
+5.76737000E-03
+5.85006000E-03
+5.73951000E-03
+6.00986000E-03
+5.66472000E-03
+5.66980000E-03
+5.83958000E-03
+5.55849000E-03
+5.88111000E-03
+5.67353000E-03
+5.91730000E-03
+5.66997000E-03
+5.67580000E-03
+5.70781000E-03
+5.64269000E-03
+5.97741000E-03
+5.66951000E-03
+5.87660000E-03
+5.66991000E-03
+5.64583000E-03
+5.60391000E-03
+5.79853000E-03
+5.58141000E-03
+5.69871000E-03
+5.67341000E-03
+5.67105000E-03
+5.73201000E-03
+5.66952000E-03
+5.57272000E-03
+5.90430000E-03
+5.62306000E-03
+5.73504000E-03
+5.94511000E-03
+5.75999000E-03
+5.85759000E-03
+5.65452000E-03
+5.66875000E-03
+5.80045000E-03
+5.94493000E-03
+5.84797000E-03
+5.87783000E-03
+5.68723000E-03
+5.92342000E-03
+5.65172000E-03
+5.93765000E-03
+5.70519000E-03
+5.92645000E-03
+5.67242000E-03
+6.00610000E-03
+5.98108000E-03
+5.70589000E-03
+5.63546000E-03
+5.93211000E-03
+5.72670000E-03
+5.91829000E-03
+5.95008000E-03
+5.67236000E-03
+5.67842000E-03
+5.95059000E-03
+5.95058000E-03
+5.81965000E-03
+5.94144000E-03
+5.65382000E-03
+5.92371000E-03
+5.66886000E-03
+5.66927000E-03
+5.81474000E-03
+5.55931000E-03
+5.89042000E-03
+5.77852000E-03
+5.84086000E-03
+5.67534000E-03
+5.67335000E-03
+5.86471000E-03
+5.61441000E-03
+5.74892000E-03
+5.85561000E-03
+5.66851000E-03
+5.65464000E-03
+5.83929000E-03
+5.56433000E-03
+5.77626000E-03
+5.67493000E-03
+5.68840000E-03
+5.64957000E-03
+5.67289000E-03
+5.75463000E-03
+5.94732000E-03
+5.56677000E-03
+6.06207000E-03
+5.66461000E-03
+5.72309000E-03
+5.67563000E-03
+5.67446000E-03
+5.90226000E-03
+5.66198000E-03
+5.67813000E-03
+5.67458000E-03
+5.62479000E-03
+5.97554000E-03
+5.65359000E-03
+5.67079000E-03
+5.67662000E-03
+5.62694000E-03
+5.69084000E-03
+5.68688000E-03
+5.65079000E-03
+5.79719000E-03
+5.67813000E-03
+5.63167000E-03
+5.89129000E-03
+5.67983000E-03
+5.92343000E-03
+5.69545000E-03
+5.58071000E-03
+5.82407000E-03
+5.67283000E-03
+5.74670000E-03
+5.63598000E-03
+5.86063000E-03
+5.86065000E-03
+5.69761000E-03
+5.67289000E-03
+5.75335000E-03
+5.84634000E-03
+5.67236000E-03
+5.93047000E-03
+5.60496000E-03
+5.90214000E-03
+5.87654000E-03
+5.67096000E-03
+5.81626000E-03
+5.67283000E-03
+5.85917000E-03
+5.89106000E-03
+5.67907000E-03
+5.82115000E-03
+5.63569000E-03
+5.68863000E-03
+5.67464000E-03
+5.76956000E-03
+5.85491000E-03
+5.78180000E-03
+5.63919000E-03
+5.94569000E-03
+5.68163000E-03
+5.93080000E-03
+5.69324000E-03
+5.65295000E-03
+5.70512000E-03
+5.67277000E-03
+5.97276000E-03
+5.72623000E-03
+5.67784000E-03
+5.59488000E-03
+5.74548000E-03
+5.68851000E-03
+5.81672000E-03
+5.91112000E-03
+5.76786000E-03
+5.67254000E-03
+5.62315000E-03
+5.89299000E-03
+5.67957000E-03
+5.74338000E-03
+5.57552000E-03
+5.68379000E-03
+5.56316000E-03
+5.67813000E-03
+5.70723000E-03
+5.67539000E-03
+5.67708000E-03
+5.87141000E-03
+5.68367000E-03
+5.90911000E-03
+5.70041000E-03
+5.82710000E-03
+5.64403000E-03
+6.04032000E-03
+5.63925000E-03
+5.96557000E-03
+5.65341000E-03
+5.59937000E-03
+5.61575000E-03
+5.57418000E-03
+5.67592000E-03
+6.04417000E-03
+5.56642000E-03
+5.71108000E-03
+5.63114000E-03
+5.68088000E-03
+5.66859000E-03
+5.76110000E-03
+5.67517000E-03
+5.67201000E-03
+5.72612000E-03
+5.70099000E-03
+5.58234000E-03
+5.67866000E-03
+5.71663000E-03
+5.67545000E-03
+5.75461000E-03
+5.63779000E-03
+6.02697000E-03
+5.63114000E-03
+5.67932000E-03
+5.90995000E-03
+5.58916000E-03
+6.04084000E-03
+5.94703000E-03
+5.67207000E-03
+5.94336000E-03
+5.58333000E-03
+5.92839000E-03
+5.95796000E-03
+5.67510000E-03
+5.84314000E-03
+5.61376000E-03
+5.76291000E-03
+5.59505000E-03
+5.73801000E-03
+5.57033000E-03
+5.77667000E-03
+5.67573000E-03
+5.83147000E-03
+5.66315000E-03
+5.80337000E-03
+5.93537000E-03
+5.68280000E-03
+5.97607000E-03
+5.94732000E-03
+5.75416000E-03
+5.92791000E-03
+6.01018000E-03
+5.72728000E-03
+5.67819000E-03
+5.67668000E-03
+5.82489000E-03
+5.67726000E-03
+5.76973000E-03
+5.94640000E-03
+5.67691000E-03
+5.91368000E-03
+5.67639000E-03
+5.85566000E-03
+5.68834000E-03
+6.04038000E-03
+5.67843000E-03
+5.95496000E-03
+5.66362000E-03
+5.67878000E-03
+6.01612000E-03
+5.65977000E-03
+5.65114000E-03
+5.84413000E-03
+5.63674000E-03
+5.67831000E-03
+5.93537000E-03
+5.80915000E-03
+5.67598000E-03
+5.60782000E-03
+5.67685000E-03
+5.83690000E-03
+5.69026000E-03
+5.68687000E-03
+5.70618000E-03
+5.67965000E-03
+5.92756000E-03
+5.67790000E-03
+5.93549000E-03
+5.84634000E-03
+5.67892000E-03
+5.68047000E-03
+5.89689000E-03
+5.67749000E-03
+5.80780000E-03
+5.63674000E-03
+5.85328000E-03
+5.56928000E-03
+5.80011000E-03
+5.57395000E-03
+6.00668000E-03
+5.97234000E-03
+5.68274000E-03
+5.67738000E-03
+5.88984000E-03
+5.74303000E-03
+5.66671000E-03
+5.61021000E-03
+5.87526000E-03
+5.87380000E-03
+5.67889000E-03
+5.79317000E-03
+5.67644000E-03
+5.76315000E-03
+5.89712000E-03
+5.67889000E-03
+5.71632000E-03
+5.57278000E-03
+5.79801000E-03
+5.68060000E-03
+5.68519000E-03
+5.78897000E-03
+5.68221000E-03
+5.99642000E-03
+5.98908000E-03
+5.70974000E-03
+5.73804000E-03
+5.78133000E-03
+5.61009000E-03
+5.63569000E-03
+5.86833000E-03
+5.62240000E-03
+6.04294000E-03
+5.68321000E-03
+5.68146000E-03
+5.91864000E-03
+5.86797000E-03
+5.79270000E-03
+5.76431000E-03
+5.96831000E-03
+5.59435000E-03
+5.93666000E-03
+5.68245000E-03
+5.68023000E-03
+5.76238000E-03
+5.67790000E-03
+5.88920000E-03
+5.94546000E-03
+5.80848000E-03
+6.00231000E-03
+5.57085000E-03
+5.68175000E-03
+5.58048000E-03
+5.58042000E-03
+5.64782000E-03
+5.91094000E-03
+5.87074000E-03
+5.68303000E-03
+5.86582000E-03
+5.97860000E-03
+5.71848000E-03
+5.83212000E-03
+5.68851000E-03
+5.78176000E-03
+5.68248000E-03
+5.73434000E-03
+5.67848000E-03
+5.70157000E-03
+5.86617000E-03
+5.85940000E-03
+5.68741000E-03
+5.68968000E-03
+5.65015000E-03
+5.61814000E-03
+5.84483000E-03
+5.74311000E-03
+6.06078000E-03
+5.65802000E-03
+6.04988000E-03
+5.94190000E-03
+5.68262000E-03
+5.74851000E-03
+5.69119000E-03
+5.98067000E-03
+5.68741000E-03
+5.68930000E-03
+5.68665000E-03
+5.96697000E-03
+5.75177000E-03
+5.67674000E-03
+5.71732000E-03
+5.88482000E-03
+5.64152000E-03
+5.68542000E-03
+5.83083000E-03
+5.59837000E-03
+5.96056000E-03
+5.78606000E-03
+5.69685000E-03
+5.81305000E-03
2021/08/28,23:59:12
