2021/08/29,17:39:11
+0.00000000E+00
+0.00000000E+00
+5.70186000E-03
+5.70816000E-03
+5.70192000E-03
+5.70384000E-03
+5.70667000E-03
+5.72047000E-03
+5.66677000E-03
+5.69959000E-03
+5.70501000E-03
+5.88523000E-03
+5.72892000E-03
+5.89059000E-03
+5.89059000E-03
+5.70676000E-03
+5.70291000E-03
+5.92651000E-03
+5.57214000E-03
+5.63796000E-03
+5.70286000E-03
+5.71049000E-03
+5.93252000E-03
+5.69818000E-03
+5.69959000E-03
+5.70204000E-03
+5.86354000E-03
+5.70087000E-03
+5.69380000E-03
+5.69315000E-03
+5.76402000E-03
+5.57272000E-03
+5.64997000E-03
+5.70334000E-03
+5.82459000E-03
+5.69955000E-03
+5.77871000E-03
+5.70000000E-03
+5.69652000E-03
+5.80687000E-03
+5.69551000E-03
+5.69968000E-03
+5.69968000E-03
+5.69957000E-03
+5.85013000E-03
+5.69955000E-03
+5.70338000E-03
+5.56835000E-03
+5.79649000E-03
+5.58706000E-03
+5.71329000E-03
+5.69993000E-03
+5.69993000E-03
+5.69828000E-03
+5.66787000E-03
+5.57529000E-03
+5.57068000E-03
+5.75801000E-03
+5.87159000E-03
+5.59400000E-03
+5.70606000E-03
+5.70344000E-03
+5.58701000E-03
+5.98732000E-03
+5.84284000E-03
+5.71866000E-03
+5.98722000E-03
+5.70368000E-03
+5.61534000E-03
+5.70490000E-03
+5.72206000E-03
+5.88960000E-03
+5.70711000E-03
+5.92171000E-03
+5.87363000E-03
+5.68507000E-03
+5.70653000E-03
+5.70913000E-03
+5.71034000E-03
+5.85911000E-03
+5.60858000E-03
+5.70980000E-03
+5.70741000E-03
+5.78763000E-03
+5.78763000E-03
+5.68659000E-03
+5.70962000E-03
+5.70320000E-03
+5.77241000E-03
+5.85101000E-03
+5.77801000E-03
+5.71473000E-03
+5.85812000E-03
+5.63814000E-03
+5.71510000E-03
+5.70833000E-03
+5.89806000E-03
+5.68391000E-03
+5.70974000E-03
+5.70974000E-03
+5.72482000E-03
+5.77993000E-03
+5.84232000E-03
+5.71178000E-03
+5.70920000E-03
+5.71496000E-03
+5.69767000E-03
+5.87398000E-03
+5.70991000E-03
+5.72169000E-03
+5.96552000E-03
+5.80821000E-03
+5.80821000E-03
+5.72017000E-03
+5.72644000E-03
+5.91357000E-03
+5.91357000E-03
+5.75644000E-03
+5.76437000E-03
+5.76437000E-03
+5.72405000E-03
+5.72229000E-03
+5.84803000E-03
+5.72134000E-03
+5.71230000E-03
+5.84628000E-03
+5.89870000E-03
+5.71866000E-03
+5.71148000E-03
+5.71533000E-03
+5.77783000E-03
+5.77667000E-03
+5.57429000E-03
+5.71293000E-03
+5.89829000E-03
+5.80011000E-03
+5.71265000E-03
+5.70962000E-03
+5.70275000E-03
+5.59657000E-03
+5.69615000E-03
+5.70815000E-03
+5.77999000E-03
+5.81148000E-03
+5.67580000E-03
+5.71058000E-03
+5.84949000E-03
+5.73965000E-03
+5.57849000E-03
+5.71026000E-03
+5.71185000E-03
+5.83917000E-03
+5.88138000E-03
+5.70787000E-03
+5.71586000E-03
+5.97222000E-03
+5.71131000E-03
+5.65913000E-03
+5.65913000E-03
+5.71353000E-03
+5.71903000E-03
+5.92527000E-03
+5.76145000E-03
+5.72985000E-03
+5.71411000E-03
+5.73102000E-03
+5.69224000E-03
+5.71924000E-03
+5.71701000E-03
+5.78670000E-03
+5.81480000E-03
+5.68146000E-03
+5.68146000E-03
+5.67331000E-03
+5.72417000E-03
+5.73784000E-03
+5.68560000E-03
+5.73002000E-03
+5.73370000E-03
+5.88430000E-03
+5.72418000E-03
+5.72520000E-03
+5.73189000E-03
+5.78646000E-03
+5.72548000E-03
+5.72548000E-03
+5.73106000E-03
+5.72792000E-03
+5.73027000E-03
+5.73527000E-03
+5.67708000E-03
+5.72898000E-03
+5.88430000E-03
+5.79501000E-03
+5.73685000E-03
+5.73632000E-03
+5.73882000E-03
+5.77661000E-03
+5.75445000E-03
+5.74122000E-03
+5.80407000E-03
+5.90919000E-03
+5.61546000E-03
+5.74705000E-03
+5.74763000E-03
+5.80343000E-03
+5.66356000E-03
+5.77167000E-03
+5.84087000E-03
+5.98755000E-03
+5.89019000E-03
+5.79770000E-03
+5.82847000E-03
+5.82847000E-03
+5.82570000E-03
+5.73615000E-03
+5.83626000E-03
+5.87221000E-03
+5.87221000E-03
+5.87853000E-03
+6.13845000E-03
+5.85188000E-03
+5.85861000E-03
+5.80927000E-03
+6.05799000E-03
+5.71166000E-03
+5.80949000E-03
+5.81128000E-03
+5.81255000E-03
+5.73277000E-03
+5.67359000E-03
+5.81101000E-03
+6.02615000E-03
+5.81427000E-03
+5.81317000E-03
+5.81054000E-03
+6.11594000E-03
+5.71708000E-03
+6.11834000E-03
+5.81882000E-03
+5.83433000E-03
+5.85200000E-03
+5.85200000E-03
+5.94716000E-03
+5.85800000E-03
+5.81518000E-03
+5.82819000E-03
+5.85206000E-03
+5.73393000E-03
+5.81736000E-03
+6.11058000E-03
+6.11058000E-03
+5.92187000E-03
+5.69522000E-03
+5.82244000E-03
+5.88815000E-03
+5.95199000E-03
+5.82005000E-03
+5.82110000E-03
+5.82283000E-03
+5.83217000E-03
+6.13014000E-03
+5.82570000E-03
+5.82572000E-03
+6.06930000E-03
+5.82973000E-03
+5.71294000E-03
+5.82815000E-03
+5.86249000E-03
+6.10201000E-03
+5.75550000E-03
+5.82530000E-03
+6.06218000E-03
+5.85917000E-03
+5.85917000E-03
+5.82658000E-03
+6.11722000E-03
+5.98610000E-03
+5.80979000E-03
+5.82629000E-03
+5.82723000E-03
+5.71393000E-03
+6.06784000E-03
+5.79287000E-03
+5.83346000E-03
+5.82657000E-03
+6.09623000E-03
+5.75644000E-03
+5.75644000E-03
+5.82512000E-03
+5.82191000E-03
+5.82191000E-03
+5.82832000E-03
+5.93042000E-03
+6.00461000E-03
+5.82407000E-03
+5.92441000E-03
+5.82370000E-03
+5.84547000E-03
+5.80086000E-03
+5.82516000E-03
+5.75498000E-03
+6.06982000E-03
+5.83057000E-03
+6.04982000E-03
+5.82754000E-03
+5.80955000E-03
+5.91596000E-03
+5.83287000E-03
+5.83686000E-03
+6.05565000E-03
+5.72454000E-03
+5.83542000E-03
+5.83158000E-03
+5.79474000E-03
+5.83146000E-03
+5.83317000E-03
+5.83154000E-03
+5.83154000E-03
+5.96779000E-03
+5.79008000E-03
+5.83282000E-03
+5.83712000E-03
+5.83712000E-03
+6.06487000E-03
+5.95770000E-03
+5.72029000E-03
+5.84871000E-03
+6.10877000E-03
+5.89968000E-03
+6.00074000E-03
+5.70851000E-03
+5.84407000E-03
+5.85445000E-03
+6.16404000E-03
+5.84978000E-03
+5.84556000E-03
+5.92371000E-03
+6.10795000E-03
+5.84853000E-03
+6.04389000E-03
+5.85093000E-03
+5.98050000E-03
+5.72898000E-03
+5.83806000E-03
+5.85503000E-03
+5.86162000E-03
+6.06906000E-03
+5.80885000E-03
+5.86156000E-03
+5.91543000E-03
+5.91543000E-03
+6.06113000E-03
+5.88990000E-03
+5.88038000E-03
+5.86343000E-03
+5.88616000E-03
+6.05594000E-03
+5.87164000E-03
+5.88066000E-03
+6.19150000E-03
+6.08236000E-03
+5.88024000E-03
+5.86972000E-03
+5.87383000E-03
+5.97461000E-03
+5.87456000E-03
+5.87258000E-03
+6.00493000E-03
+5.89094000E-03
+6.10750000E-03
+5.87818000E-03
+5.87987000E-03
+6.16212000E-03
+5.87957000E-03
+5.87642000E-03
+5.87624000E-03
+5.88246000E-03
+6.11823000E-03
+5.88197000E-03
+5.87812000E-03
+6.05834000E-03
+6.12101000E-03
+6.12101000E-03
+5.87345000E-03
+5.88026000E-03
+5.88220000E-03
+5.88966000E-03
+5.79847000E-03
+5.89166000E-03
+5.96114000E-03
+6.01152000E-03
+5.88885000E-03
+5.88669000E-03
+5.88603000E-03
+5.85334000E-03
+5.88605000E-03
+5.94925000E-03
+5.89479000E-03
+6.21109000E-03
+5.85573000E-03
+5.88721000E-03
+5.88721000E-03
+5.88826000E-03
+5.91567000E-03
+6.10168000E-03
+5.89147000E-03
+5.89147000E-03
+6.09151000E-03
+6.05857000E-03
+5.89864000E-03
+5.89631000E-03
+5.89316000E-03
+5.85771000E-03
+5.90051000E-03
+5.89074000E-03
+5.89343000E-03
+6.11915000E-03
+6.11915000E-03
+5.85808000E-03
+5.85561000E-03
+5.89397000E-03
+5.89448000E-03
+6.14668000E-03
+5.89311000E-03
+5.89168000E-03
+6.09600000E-03
+6.04090000E-03
+6.04090000E-03
+5.89789000E-03
+5.89789000E-03
+5.90292000E-03
+5.89748000E-03
+6.02318000E-03
+5.88745000E-03
+5.90064000E-03
+5.96027000E-03
+6.05140000E-03
+5.90709000E-03
+5.90535000E-03
+5.89957000E-03
+5.89135000E-03
+5.87643000E-03
+5.89503000E-03
+5.90091000E-03
+6.05160000E-03
+6.10784000E-03
+6.10784000E-03
+5.89981000E-03
+5.89776000E-03
+6.13926000E-03
+5.98347000E-03
+5.98347000E-03
+5.91887000E-03
+5.89736000E-03
+5.89823000E-03
+5.96966000E-03
+5.89460000E-03
+5.90162000E-03
+6.05822000E-03
+6.03227000E-03
+5.88511000E-03
+5.79224000E-03
+5.89666000E-03
+5.99933000E-03
+5.82395000E-03
+5.82395000E-03
+5.89850000E-03
+5.96272000E-03
+5.96272000E-03
+6.19016000E-03
+5.81923000E-03
+5.90109000E-03
+5.89846000E-03
+5.90504000E-03
+6.06010000E-03
+5.91928000E-03
+5.90156000E-03
+5.90194000E-03
+6.17203000E-03
+5.90237000E-03
+5.90402000E-03
+5.90122000E-03
+5.90638000E-03
+5.90674000E-03
+5.90132000E-03
+5.90132000E-03
+5.90242000E-03
+6.08288000E-03
+5.94896000E-03
+6.12698000E-03
+5.90733000E-03
+5.90733000E-03
+5.90167000E-03
+6.18969000E-03
+5.83416000E-03
+5.89852000E-03
+5.90762000E-03
+5.90791000E-03
+6.10090000E-03
+5.76617000E-03
+5.79232000E-03
+5.91514000E-03
+6.15255000E-03
+5.85847000E-03
+5.92470000E-03
+5.90751000E-03
+5.90281000E-03
+6.16643000E-03
+5.88033000E-03
+5.90491000E-03
+6.10323000E-03
+5.95805000E-03
+5.82891000E-03
+5.85270000E-03
+5.91215000E-03
+6.10122000E-03
+5.87993000E-03
+5.81252000E-03
+6.04918000E-03
+6.04918000E-03
+5.95135000E-03
+5.90859000E-03
+5.90634000E-03
+5.90621000E-03
+5.96545000E-03
+5.78856000E-03
+5.77623000E-03
+5.90924000E-03
+6.08918000E-03
+5.87229000E-03
+5.91071000E-03
+5.91022000E-03
+5.91022000E-03
+5.90951000E-03
+6.16247000E-03
+5.91223000E-03
+5.91512000E-03
+6.21243000E-03
+5.91262000E-03
+5.82360000E-03
+5.91287000E-03
+5.91117000E-03
+5.95980000E-03
+6.21704000E-03
+6.21704000E-03
+5.91193000E-03
+5.98925000E-03
+6.13920000E-03
+5.92461000E-03
+5.91368000E-03
+5.91368000E-03
+6.01012000E-03
+5.92255000E-03
+5.91689000E-03
+5.93081000E-03
+5.96447000E-03
+6.22963000E-03
+5.92073000E-03
+5.91532000E-03
+5.91724000E-03
+5.89940000E-03
+5.78722000E-03
+5.91101000E-03
+5.91619000E-03
+6.01636000E-03
+5.93432000E-03
+5.91298000E-03
+5.91379000E-03
+6.12480000E-03
+5.91138000E-03
+5.91147000E-03
+5.99554000E-03
+6.06527000E-03
+6.03735000E-03
+5.91246000E-03
+5.91421000E-03
+6.04440000E-03
+5.99356000E-03
+5.91357000E-03
+5.91147000E-03
+5.96166000E-03
+5.91377000E-03
+5.91724000E-03
+5.91129000E-03
+5.91648000E-03
+5.91326000E-03
+5.93666000E-03
+5.91712000E-03
+5.90855000E-03
+5.99426000E-03
+6.15512000E-03
+5.82541000E-03
+5.89019000E-03
+5.90159000E-03
+5.93461000E-03
+6.15547000E-03
+6.02971000E-03
+5.89526000E-03
+6.21261000E-03
+5.92371000E-03
+5.91666000E-03
+5.92785000E-03
+0.00000000E+00
+5.48150000E-03
+5.60555000E-03
+5.73672000E-03
+5.97409000E-03
+5.69149000E-03
+5.73865000E-03
+5.74057000E-03
+5.73653000E-03
+5.69189000E-03
+5.97350000E-03
+5.75912000E-03
+5.75912000E-03
+5.73644000E-03
+5.94657000E-03
+5.94657000E-03
+5.72016000E-03
+5.71129000E-03
+5.73849000E-03
+5.73853000E-03
+5.63586000E-03
+5.97805000E-03
+5.73807000E-03
+5.93753000E-03
+5.75102000E-03
+5.60665000E-03
+5.73730000E-03
+5.73869000E-03
+5.75498000E-03
+5.64508000E-03
+5.73555000E-03
+5.73846000E-03
+5.80829000E-03
+5.90307000E-03
+5.74513000E-03
+5.75789000E-03
+5.74187000E-03
+5.86751000E-03
+5.64105000E-03
+5.74124000E-03
+5.91030000E-03
+5.84114000E-03
+5.74139000E-03
+5.73527000E-03
+5.79235000E-03
+5.98312000E-03
+5.95018000E-03
+5.95018000E-03
+5.74533000E-03
+5.73763000E-03
+5.86721000E-03
+5.86943000E-03
+5.74029000E-03
+5.73772000E-03
+5.76821000E-03
+6.00213000E-03
+5.61557000E-03
+5.73731000E-03
+5.98336000E-03
+5.72367000E-03
+5.73714000E-03
+5.75216000E-03
+5.73965000E-03
+5.93100000E-03
+5.73968000E-03
+5.74437000E-03
+5.73854000E-03
+5.90925000E-03
+5.74699000E-03
+5.73061000E-03
+5.74279000E-03
+5.78938000E-03
+6.13116000E-03
+5.74367000E-03
+5.74219000E-03
+6.02219000E-03
+6.02219000E-03
+5.67994000E-03
+5.68379000E-03
+5.74117000E-03
+5.74002000E-03
+5.93285000E-03
+5.75970000E-03
+5.73730000E-03
+5.73795000E-03
+5.77480000E-03
+5.73107000E-03
+5.73976000E-03
+5.75498000E-03
+5.99114000E-03
+5.74058000E-03
+5.73766000E-03
+5.74086000E-03
+5.76652000E-03
+5.75670000E-03
+5.74414000E-03
+5.74117000E-03
+5.74448000E-03
+6.17733000E-03
+5.73807000E-03
+5.74409000E-03
+5.99898000E-03
+5.75250000E-03
+5.72554000E-03
+5.74035000E-03
+5.74099000E-03
+5.89054000E-03
+5.74403000E-03
+5.74513000E-03
+5.74513000E-03
+5.74221000E-03
+5.89444000E-03
+5.74822000E-03
+5.74822000E-03
+5.74239000E-03
+5.74367000E-03
+5.75999000E-03
+5.81490000E-03
+5.74413000E-03
+5.74382000E-03
+5.74332000E-03
+5.71749000E-03
+5.74413000E-03
+5.75076000E-03
+5.72554000E-03
+6.16946000E-03
+5.74338000E-03
+5.74128000E-03
+5.74130000E-03
+6.03554000E-03
+5.69638000E-03
+5.74781000E-03
+5.74402000E-03
+5.74419000E-03
+6.00807000E-03
+5.65808000E-03
+5.68820000E-03
+5.93905000E-03
+5.82798000E-03
+5.66881000E-03
+5.68775000E-03
+5.74950000E-03
+5.87718000E-03
+5.84245000E-03
+5.74326000E-03
+5.74462000E-03
+5.74462000E-03
+5.73295000E-03
+5.66123000E-03
+5.74046000E-03
+5.73551000E-03
+5.74121000E-03
+5.91374000E-03
+5.60847000E-03
+5.87452000E-03
+5.74304000E-03
+5.73580000E-03
+5.70478000E-03
+5.74798000E-03
+5.74213000E-03
+5.86809000E-03
+5.74600000E-03
+5.74256000E-03
+5.74293000E-03
+5.92756000E-03
+5.83538000E-03
+5.74328000E-03
+5.74344000E-03
+5.87409000E-03
+5.74950000E-03
+5.67493000E-03
+5.74015000E-03
+5.87299000E-03
+5.82295000E-03
+5.74804000E-03
+5.74331000E-03
+5.74518000E-03
+5.85450000E-03
+5.85450000E-03
+5.74559000E-03
+5.70721000E-03
+5.74256000E-03
+5.91922000E-03
+5.68414000E-03
+5.74624000E-03
+5.74668000E-03
+5.73306000E-03
+5.63481000E-03
+5.74740000E-03
+5.74699000E-03
+5.74345000E-03
+5.94622000E-03
+5.74664000E-03
+5.74775000E-03
+5.74769000E-03
+6.03437000E-03
+5.63120000E-03
+5.68140000E-03
+5.80308000E-03
+5.74448000E-03
+5.98525000E-03
+5.65866000E-03
+5.71792000E-03
+5.80407000E-03
+5.95741000E-03
+5.74524000E-03
+5.75934000E-03
+6.03087000E-03
+5.76769000E-03
+5.98167000E-03
+5.74688000E-03
+5.74881000E-03
+6.04458000E-03
+5.71737000E-03
+5.75014000E-03
+5.74744000E-03
+6.00172000E-03
+5.70321000E-03
+5.68251000E-03
+5.74758000E-03
+5.77416000E-03
+5.93700000E-03
+5.73201000E-03
+5.75789000E-03
+5.75042000E-03
+5.75463000E-03
+5.74722000E-03
+5.74799000E-03
+5.75727000E-03
+5.92575000E-03
+5.74822000E-03
+5.74769000E-03
+5.75091000E-03
+5.83905000E-03
+5.97530000E-03
+5.75119000E-03
+5.75440000E-03
+5.92371000E-03
+5.74880000E-03
+5.76332000E-03
+5.74879000E-03
+5.88966000E-03
+5.88966000E-03
+5.67726000E-03
+5.74907000E-03
+5.72348000E-03
+5.80104000E-03
+5.80104000E-03
+5.86692000E-03
+5.65685000E-03
+5.75102000E-03
+5.74623000E-03
+5.78169000E-03
+5.75148000E-03
+5.74839000E-03
+5.80798000E-03
+6.04528000E-03
+5.75136000E-03
+5.74979000E-03
+5.75013000E-03
+5.73288000E-03
+5.70029000E-03
+5.75136000E-03
+5.75176000E-03
+5.98680000E-03
+5.78565000E-03
+5.74763000E-03
+5.75329000E-03
+5.75195000E-03
+5.74997000E-03
+5.75947000E-03
+5.74937000E-03
+5.74937000E-03
+5.85841000E-03
+5.88476000E-03
+5.75300000E-03
+5.75300000E-03
+5.74846000E-03
+5.87025000E-03
+5.87025000E-03
+5.75760000E-03
+5.75737000E-03
+5.75090000E-03
+5.87777000E-03
+5.90389000E-03
+5.81136000E-03
+5.75288000E-03
+5.75131000E-03
+5.90476000E-03
+5.86617000E-03
+5.66432000E-03
+5.75026000E-03
+5.84698000E-03
+5.87522000E-03
+5.74851000E-03
+5.75319000E-03
+5.75301000E-03
+5.77778000E-03
+5.61849000E-03
+5.75241000E-03
+5.75012000E-03
+5.89940000E-03
+5.91050000E-03
+5.91050000E-03
+5.73801000E-03
+5.75181000E-03
+5.95834000E-03
+5.95834000E-03
+5.75234000E-03
+5.75370000E-03
+5.88317000E-03
+5.88317000E-03
+5.78384000E-03
+5.62409000E-03
+5.69192000E-03
+5.75550000E-03
+5.75406000E-03
+5.62170000E-03
+5.62170000E-03
+5.75714000E-03
+5.75973000E-03
+5.77148000E-03
+6.03414000E-03
+5.76518000E-03
+5.75824000E-03
+5.75170000E-03
+5.72089000E-03
+5.74250000E-03
+5.75725000E-03
+5.75589000E-03
+6.07058000E-03
+5.74478000E-03
+5.75661000E-03
+5.75329000E-03
+5.79713000E-03
+5.74524000E-03
+5.75565000E-03
+5.92214000E-03
+5.84369000E-03
+5.81142000E-03
+5.75410000E-03
+5.75416000E-03
+6.00411000E-03
+6.00411000E-03
+5.66840000E-03
+5.62129000E-03
+5.75445000E-03
+5.77539000E-03
+6.05898000E-03
+5.68198000E-03
+5.76040000E-03
+5.75888000E-03
+6.03303000E-03
+5.86309000E-03
+5.62704000E-03
+5.76582000E-03
+5.78315000E-03
+5.84518000E-03
+5.76647000E-03
+5.76331000E-03
+5.76923000E-03
+5.76694000E-03
+5.89986000E-03
+5.83124000E-03
+5.85176000E-03
+5.87118000E-03
+5.85048000E-03
+5.85048000E-03
+5.77311000E-03
+5.77165000E-03
+5.77288000E-03
+5.68542000E-03
+5.70490000E-03
+5.76898000E-03
+5.91048000E-03
+5.81445000E-03
+5.67557000E-03
+5.76571000E-03
+5.76571000E-03
+5.76375000E-03
+5.75708000E-03
+5.76612000E-03
+5.76893000E-03
+5.76988000E-03
+5.96295000E-03
+5.82250000E-03
+5.76651000E-03
+5.76005000E-03
+5.93700000E-03
+5.63919000E-03
+5.97494000E-03
+5.76120000E-03
+5.80355000E-03
+6.00966000E-03
+5.71796000E-03
+5.76244000E-03
+5.96347000E-03
+5.89275000E-03
+5.75780000E-03
+5.75830000E-03
+5.76208000E-03
+5.86296000E-03
+5.90313000E-03
+5.75789000E-03
+5.75871000E-03
+5.95053000E-03
+5.66921000E-03
+5.76313000E-03
+5.75795000E-03
+5.80926000E-03
+5.80926000E-03
+5.69125000E-03
+5.75262000E-03
+5.76096000E-03
+5.70099000E-03
+5.75731000E-03
+5.91683000E-03
+5.77064000E-03
+5.76072000E-03
+5.87643000E-03
+5.79702000E-03
+5.75861000E-03
+5.76151000E-03
+5.76089000E-03
+5.75999000E-03
+5.76180000E-03
+5.75737000E-03
+5.65411000E-03
+6.00814000E-03
+5.76116000E-03
+5.76003000E-03
+6.07524000E-03
+5.78116000E-03
+5.76203000E-03
+5.75889000E-03
+5.75796000E-03
+5.76413000E-03
+5.76227000E-03
+5.76203000E-03
+5.75794000E-03
+6.00161000E-03
+5.89462000E-03
+5.89462000E-03
+5.75969000E-03
+5.76199000E-03
+5.75992000E-03
+5.76524000E-03
+5.75613000E-03
+5.76633000E-03
+6.02487000E-03
+5.67464000E-03
+5.76285000E-03
+5.76138000E-03
+6.04819000E-03
+5.68810000E-03
+6.05204000E-03
+5.76003000E-03
+5.77457000E-03
+5.98342000E-03
+5.67400000E-03
+5.95286000E-03
+5.75941000E-03
+5.80168000E-03
+5.72215000E-03
+5.77020000E-03
+5.77399000E-03
+5.95829000E-03
+5.90558000E-03
+5.69202000E-03
+5.76078000E-03
+5.76378000E-03
+5.80273000E-03
+5.73860000E-03
+5.76275000E-03
+5.89223000E-03
+5.85176000E-03
+5.76326000E-03
+5.76260000E-03
+5.98621000E-03
+5.84044000E-03
+5.64787000E-03
+5.76550000E-03
+5.80617000E-03
+6.03898000E-03
+5.76040000E-03
+5.76438000E-03
+5.76253000E-03
+5.78057000E-03
+5.73137000E-03
+5.76087000E-03
+5.76103000E-03
+5.83748000E-03
+5.90494000E-03
+5.77335000E-03
+5.76197000E-03
+6.05443000E-03
+5.80239000E-03
+5.76198000E-03
+5.77509000E-03
+5.78320000E-03
+6.06737000E-03
+5.73284000E-03
+5.76086000E-03
+5.75990000E-03
+5.97251000E-03
+5.64070000E-03
+5.64070000E-03
+5.76320000E-03
+5.76571000E-03
+5.81970000E-03
+5.63400000E-03
+5.76332000E-03
+5.76197000E-03
+5.76664000E-03
+5.78291000E-03
+5.72717000E-03
+5.76341000E-03
+5.76854000E-03
+5.80541000E-03
+5.66647000E-03
+5.75763000E-03
+5.76388000E-03
+6.00767000E-03
+5.67901000E-03
+5.76180000E-03
+5.76202000E-03
+5.64758000E-03
+5.78137000E-03
+5.76981000E-03
+5.76238000E-03
+6.07361000E-03
+5.67644000E-03
+5.77399000E-03
+5.76402000E-03
+5.73137000E-03
+5.76087000E-03
+5.76373000E-03
+5.76302000E-03
+5.76302000E-03
+5.78512000E-03
+5.96208000E-03
+5.96208000E-03
+5.76110000E-03
+5.76390000E-03
+5.76111000E-03
+5.81019000E-03
+5.76378000E-03
+5.76332000E-03
+5.76896000E-03
+6.10340000E-03
+5.72250000E-03
+5.76227000E-03
+5.76326000E-03
+5.74763000E-03
+5.76856000E-03
+5.76612000E-03
+5.76609000E-03
+5.94499000E-03
+5.82925000E-03
+5.76652000E-03
+5.76477000E-03
+5.76298000E-03
+5.90069000E-03
+5.76786000E-03
+5.76551000E-03
+5.82261000E-03
+6.01000000E-03
+5.77708000E-03
+5.76371000E-03
+5.76949000E-03
+5.83695000E-03
+5.83695000E-03
+5.95976000E-03
+5.76425000E-03
+5.76836000E-03
+6.00942000E-03
+5.67831000E-03
+5.77302000E-03
+5.76740000E-03
+5.76656000E-03
+5.85583000E-03
+5.98272000E-03
+5.77439000E-03
+5.81608000E-03
+5.96645000E-03
+5.77754000E-03
+5.76722000E-03
+6.08341000E-03
+5.73405000E-03
+5.77061000E-03
+5.76456000E-03
+5.76590000E-03
+6.06906000E-03
+5.72542000E-03
+5.76756000E-03
+5.77107000E-03
+5.79777000E-03
+5.76827000E-03
+5.76851000E-03
+5.76775000E-03
+5.97653000E-03
+5.82273000E-03
+5.77248000E-03
+5.76827000E-03
+5.93531000E-03
+5.88880000E-03
+5.76011000E-03
+5.77002000E-03
+5.85596000E-03
+6.01064000E-03
2021/08/29,18:10:29
