2021/08/29,11:12:11
-2.80000000E-08
-3.10000000E-08
-3.00000000E-08
-3.00000000E-08
-3.20000000E-08
-3.60000000E-08
-3.80000000E-08
-3.90000000E-08
-3.80000000E-08
-3.50000000E-08
-3.60000000E-08
+0.00000000E+00
+5.68041000E-03
+5.69348000E-03
+5.69247000E-03
+5.68241000E-03
+5.68244000E-03
+5.68001000E-03
+5.68146000E-03
+5.70134000E-03
+5.69020000E-03
+5.67872000E-03
+5.68829000E-03
+5.70653000E-03
+5.68208000E-03
+5.67974000E-03
+5.67650000E-03
+5.67283000E-03
+5.82559000E-03
+5.57443000E-03
+5.70358000E-03
+5.67510000E-03
+5.59837000E-03
+5.67586000E-03
+5.67475000E-03
+5.68671000E-03
+5.62110000E-03
+5.62449000E-03
+5.92021000E-03
+5.67995000E-03
+5.66338000E-03
+5.74583000E-03
+5.72478000E-03
+5.67918000E-03
+5.74396000E-03
+5.78955000E-03
+5.68239000E-03
+5.80314000E-03
+5.68693000E-03
+5.68356000E-03
+5.84005000E-03
+5.60129000E-03
+5.91576000E-03
+5.86092000E-03
+5.65347000E-03
+5.81282000E-03
+5.63200000E-03
+5.90237000E-03
+5.68216000E-03
+5.74320000E-03
+5.76075000E-03
+5.81212000E-03
+5.89129000E-03
+5.71189000E-03
+5.71863000E-03
+5.79288000E-03
+5.99618000E-03
+5.58187000E-03
+5.81270000E-03
+5.84681000E-03
+5.84757000E-03
+5.87485000E-03
+5.70507000E-03
+5.69446000E-03
+5.69539000E-03
+5.67866000E-03
+5.68892000E-03
+5.82381000E-03
+5.69353000E-03
+5.69528000E-03
+5.71024000E-03
+5.63274000E-03
+5.69306000E-03
+5.69776000E-03
+5.64863000E-03
+5.69574000E-03
+5.70226000E-03
+5.68598000E-03
+5.84238000E-03
+5.64939000E-03
+5.62788000E-03
+5.79632000E-03
+5.69912000E-03
+5.88459000E-03
+5.69551000E-03
+5.60496000E-03
+5.74023000E-03
+5.67977000E-03
+5.60129000E-03
+5.69009000E-03
+5.68834000E-03
+5.74571000E-03
+5.79399000E-03
+5.74763000E-03
+5.69020000E-03
+5.70087000E-03
+5.95759000E-03
+5.61225000E-03
+5.83975000E-03
+5.69207000E-03
+5.70828000E-03
+5.80116000E-03
+5.71241000E-03
+5.61610000E-03
+5.97945000E-03
+5.87130000E-03
+5.87299000E-03
+5.97356000E-03
+5.64140000E-03
+5.92785000E-03
+5.80285000E-03
+5.76816000E-03
+5.70096000E-03
+5.69924000E-03
+5.63446000E-03
+5.70076000E-03
+5.80611000E-03
+5.58642000E-03
+5.63347000E-03
+5.85561000E-03
+5.92179000E-03
+5.69528000E-03
+5.63919000E-03
+5.97846000E-03
+5.68845000E-03
+5.97589000E-03
+5.88850000E-03
+5.77830000E-03
+5.91088000E-03
+5.68834000E-03
+5.68836000E-03
+5.68869000E-03
+5.66024000E-03
+5.69890000E-03
+5.68557000E-03
+5.66029000E-03
+5.67056000E-03
+5.77929000E-03
+5.89812000E-03
+5.83923000E-03
+5.98062000E-03
+5.72928000E-03
+5.81777000E-03
+5.98575000E-03
+5.77553000E-03
+5.96977000E-03
+5.62316000E-03
+5.97248000E-03
+5.64752000E-03
+5.83451000E-03
+5.74705000E-03
+5.70927000E-03
+5.90191000E-03
+5.97543000E-03
+5.65301000E-03
+5.73446000E-03
+5.71877000E-03
+5.71619000E-03
+5.84150000E-03
+5.70338000E-03
+5.92706000E-03
+5.71014000E-03
+5.71726000E-03
+5.74868000E-03
+5.70974000E-03
+5.94021000E-03
+5.76332000E-03
+5.71096000E-03
+5.71253000E-03
+5.70204000E-03
+5.72046000E-03
+5.69737000E-03
+5.62648000E-03
+5.68939000E-03
+5.58835000E-03
+5.71454000E-03
+5.70280000E-03
+5.64228000E-03
+5.71691000E-03
+5.78372000E-03
+5.75492000E-03
+5.70064000E-03
+5.70228000E-03
+5.95974000E-03
+5.63557000E-03
+5.73930000E-03
+5.92319000E-03
+5.90129000E-03
+5.90331000E-03
+5.62519000E-03
+5.80944000E-03
+5.72431000E-03
+5.61528000E-03
+5.94021000E-03
+5.70711000E-03
+5.70587000E-03
+5.70478000E-03
+5.78530000E-03
+5.98960000E-03
+5.71772000E-03
+5.78087000E-03
+5.70635000E-03
+5.84832000E-03
+5.71090000E-03
+5.63213000E-03
+5.77714000E-03
+5.69417000E-03
+5.70332000E-03
+5.63103000E-03
+5.69173000E-03
+5.90645000E-03
+5.70169000E-03
+5.71108000E-03
+5.83234000E-03
+5.61866000E-03
+5.71158000E-03
+5.85869000E-03
+5.69149000E-03
+5.70216000E-03
+5.62164000E-03
+5.65588000E-03
+5.60047000E-03
+5.74227000E-03
+5.72781000E-03
+5.81340000E-03
+5.77393000E-03
+5.59869000E-03
+5.67913000E-03
+5.77883000E-03
+5.64942000E-03
+5.83037000E-03
+5.70740000E-03
+5.84267000E-03
+5.78722000E-03
+5.64443000E-03
+5.92861000E-03
+5.70525000E-03
+5.67517000E-03
+5.87532000E-03
+5.84115000E-03
+5.72285000E-03
+5.73347000E-03
+5.65236000E-03
+5.73516000E-03
+5.71071000E-03
+5.70944000E-03
+5.71038000E-03
+5.98261000E-03
+5.96243000E-03
+5.70939000E-03
+5.93042000E-03
+5.80126000E-03
+5.78378000E-03
+5.71270000E-03
+5.71259000E-03
+5.80960000E-03
+5.71043000E-03
+5.94365000E-03
+5.72641000E-03
+5.71720000E-03
+5.72460000E-03
+5.71469000E-03
+5.71283000E-03
+5.71737000E-03
+5.84098000E-03
+5.71370000E-03
+5.68682000E-03
+5.72449000E-03
+5.82028000E-03
+5.71871000E-03
+5.71265000E-03
+5.62589000E-03
+5.76827000E-03
+5.71141000E-03
+5.85277000E-03
+5.90873000E-03
+5.84967000E-03
+5.69423000E-03
+5.76238000E-03
+5.70373000E-03
+5.72180000E-03
+5.90144000E-03
+5.71504000E-03
+5.76419000E-03
+5.84092000E-03
+5.79157000E-03
+5.98983000E-03
+5.71807000E-03
+5.94604000E-03
+5.96044000E-03
+5.93725000E-03
+6.00814000E-03
+5.66706000E-03
+5.76681000E-03
+5.72309000E-03
+5.65621000E-03
+5.73848000E-03
+5.71300000E-03
+5.93642000E-03
+5.75160000E-03
+5.84185000E-03
+5.92908000E-03
+5.70565000E-03
+5.72035000E-03
+5.80716000E-03
+5.74227000E-03
+6.01537000E-03
+6.00656000E-03
+5.71679000E-03
+5.88307000E-03
+5.72128000E-03
+5.86879000E-03
+5.91473000E-03
+5.61977000E-03
+5.70758000E-03
+5.65470000E-03
+5.74466000E-03
+5.95145000E-03
+5.73924000E-03
+5.70828000E-03
+5.98260000E-03
+5.61503000E-03
+5.87520000E-03
+5.71168000E-03
+5.92459000E-03
+5.64904000E-03
+5.85229000E-03
+5.93333000E-03
+5.87678000E-03
+5.84727000E-03
+5.82325000E-03
+5.88966000E-03
+5.72571000E-03
+5.94875000E-03
+6.00510000E-03
+5.72338000E-03
+5.79043000E-03
+6.00301000E-03
+5.61272000E-03
+5.74734000E-03
+5.72274000E-03
+5.97613000E-03
+5.71901000E-03
+5.72192000E-03
+5.79480000E-03
+5.72472000E-03
+5.74792000E-03
+5.72909000E-03
+5.62245000E-03
+5.74600000E-03
+5.63052000E-03
+5.87987000E-03
+5.71880000E-03
+5.61581000E-03
+5.72554000E-03
+6.01257000E-03
+5.95537000E-03
+5.71178000E-03
+5.71784000E-03
+5.74414000E-03
+5.71996000E-03
+5.81614000E-03
+5.72355000E-03
+5.69347000E-03
+5.95415000E-03
+5.72210000E-03
+5.93053000E-03
+5.75282000E-03
+5.73650000E-03
+5.65983000E-03
+5.86949000E-03
+5.61487000E-03
+5.95753000E-03
+5.89223000E-03
+5.68781000E-03
+5.79743000E-03
+5.72239000E-03
+5.96896000E-03
+5.87433000E-03
+5.64922000E-03
+5.64922000E-03
+5.72659000E-03
+5.70426000E-03
+5.72522000E-03
+5.63814000E-03
+5.72753000E-03
+5.83719000E-03
+5.72245000E-03
+5.78166000E-03
+5.62047000E-03
+5.70717000E-03
+5.72169000E-03
+5.67983000E-03
+5.90161000E-03
+5.72968000E-03
+5.79468000E-03
+5.74443000E-03
+5.79498000E-03
+5.75329000E-03
+5.67866000E-03
+5.98540000E-03
+5.90307000E-03
+5.90306000E-03
+5.76814000E-03
+5.86220000E-03
+5.75195000E-03
+5.72892000E-03
+5.76722000E-03
+5.71854000E-03
+5.70790000E-03
+5.71481000E-03
+5.97409000E-03
+5.72035000E-03
+5.98983000E-03
+5.71848000E-03
+5.79707000E-03
+5.63656000E-03
+6.00994000E-03
+5.82471000E-03
+5.87252000E-03
+5.72997000E-03
+5.94767000E-03
+5.70857000E-03
+5.70367000E-03
+5.67213000E-03
+5.72909000E-03
+5.68222000E-03
+5.77509000E-03
+5.70820000E-03
+5.72944000E-03
+5.69988000E-03
+5.63024000E-03
+5.86628000E-03
+5.72728000E-03
+5.97315000E-03
+5.72594000E-03
+5.99162000E-03
+5.65761000E-03
+5.78069000E-03
+5.94202000E-03
+5.82250000E-03
+5.72425000E-03
+5.75731000E-03
+5.85975000E-03
+5.61412000E-03
+5.76064000E-03
+5.73026000E-03
+5.77725000E-03
+5.69073000E-03
+5.88431000E-03
+5.72565000E-03
+5.75292000E-03
+5.68216000E-03
+5.62788000E-03
+5.84022000E-03
+5.62391000E-03
+5.62245000E-03
+5.71201000E-03
+5.89514000E-03
+5.73038000E-03
+5.88022000E-03
+5.72874000E-03
+5.92103000E-03
+5.78046000E-03
+5.70029000E-03
+5.72513000E-03
+5.78565000E-03
+5.72414000E-03
+5.65120000E-03
+5.71395000E-03
+5.73343000E-03
+5.72670000E-03
+5.86529000E-03
+5.73405000E-03
+5.86430000E-03
+5.86687000E-03
+5.90873000E-03
+6.01018000E-03
+5.72808000E-03
+5.70297000E-03
+5.67867000E-03
+5.63785000E-03
+5.82611000E-03
+5.71854000E-03
+5.89508000E-03
+5.73416000E-03
+5.74699000E-03
+5.89992000E-03
+5.64939000E-03
+5.68875000E-03
+5.71813000E-03
+5.72997000E-03
+5.69224000E-03
+5.67340000E-03
+5.73125000E-03
+5.82470000E-03
+5.73294000E-03
+6.01252000E-03
+5.87363000E-03
+5.73218000E-03
+5.92587000E-03
+5.74466000E-03
+5.66735000E-03
+5.89188000E-03
+5.73626000E-03
+5.96948000E-03
+5.71877000E-03
+5.79474000E-03
+5.69662000E-03
+6.00388000E-03
+5.74882000E-03
+6.02201000E-03
+5.86028000E-03
+5.74946000E-03
+5.92033000E-03
+5.73702000E-03
+5.89304000E-03
+5.87194000E-03
+5.74798000E-03
+5.73562000E-03
+5.84518000E-03
+5.73562000E-03
+5.84838000E-03
+5.73032000E-03
+5.73621000E-03
+5.70816000E-03
+5.71038000E-03
+5.70950000E-03
+5.72414000E-03
+5.81888000E-03
+5.70332000E-03
+5.64700000E-03
+5.73440000E-03
+5.86723000E-03
+5.73762000E-03
+5.78745000E-03
+5.88296000E-03
+5.73418000E-03
+5.97846000E-03
+5.74758000E-03
+5.74046000E-03
+5.95922000E-03
+5.73784000E-03
+5.90132000E-03
+5.79486000E-03
+5.66059000E-03
+5.82751000E-03
+5.73691000E-03
+5.72245000E-03
+5.76886000E-03
+5.85532000E-03
+5.91835000E-03
+5.92832000E-03
+5.82611000E-03
+5.97997000E-03
+5.79020000E-03
+5.88593000E-03
+5.73621000E-03
+5.74139000E-03
+5.75515000E-03
+5.71244000E-03
+5.85608000E-03
+5.74451000E-03
+5.78664000E-03
+5.73679000E-03
+5.78775000E-03
+5.73621000E-03
+5.74268000E-03
+5.76740000E-03
+5.74151000E-03
+5.75356000E-03
+5.74862000E-03
+5.91860000E-03
+5.86652000E-03
+5.73574000E-03
+5.74979000E-03
+5.73965000E-03
+5.70186000E-03
+5.72548000E-03
+5.73868000E-03
+5.71117000E-03
+5.73959000E-03
+5.70536000E-03
+5.78267000E-03
+5.74402000E-03
+5.90733000E-03
+5.73830000E-03
+5.75154000E-03
+5.64117000E-03
+5.85217000E-03
+5.74081000E-03
+5.73679000E-03
+5.80296000E-03
+5.65102000E-03
+5.73895000E-03
+5.95549000E-03
+5.73778000E-03
+5.93800000E-03
+5.64764000E-03
+6.02895000E-03
+5.73860000E-03
+5.73570000E-03
+5.73803000E-03
+5.89852000E-03
+5.92873000E-03
+5.68309000E-03
+5.91596000E-03
+5.77002000E-03
+5.77003000E-03
+5.94015000E-03
+5.75597000E-03
+5.74052000E-03
+5.67458000E-03
+5.74384000E-03
+5.71487000E-03
+6.04102000E-03
+5.74449000E-03
+5.79072000E-03
+5.73944000E-03
+5.72746000E-03
+6.01356000E-03
+5.75685000E-03
+5.74137000E-03
+5.75976000E-03
+5.74437000E-03
+5.92383000E-03
+5.74017000E-03
+5.87100000E-03
+5.95164000E-03
+5.67073000E-03
+5.99901000E-03
+5.78722000E-03
+5.81660000E-03
+5.80763000E-03
+5.67825000E-03
+6.02418000E-03
+5.75836000E-03
+5.82077000E-03
+5.81124000E-03
+6.02491000E-03
+5.84203000E-03
+5.75545000E-03
+5.72723000E-03
+5.74425000E-03
+5.69982000E-03
+5.92744000E-03
+5.74087000E-03
+5.95187000E-03
+5.74396000E-03
+5.78011000E-03
+5.97385000E-03
+5.97384000E-03
+5.66962000E-03
+5.76786000E-03
+5.73714000E-03
+5.82261000E-03
+5.74460000E-03
+5.72787000E-03
+5.94103000E-03
+6.03286000E-03
+5.81906000E-03
+6.02988000E-03
+5.63073000E-03
+5.79042000E-03
+5.76507000E-03
+5.74396000E-03
+5.73813000E-03
+5.92400000E-03
+5.74588000E-03
+5.72822000E-03
+5.86255000E-03
+5.98207000E-03
+5.93794000E-03
+5.65674000E-03
+5.90366000E-03
+5.69479000E-03
+5.80879000E-03
+5.68758000E-03
+5.75002000E-03
+5.86243000E-03
+5.74524000E-03
+5.76163000E-03
+5.93012000E-03
+5.74816000E-03
+5.94797000E-03
+5.74740000E-03
+5.90820000E-03
+5.95420000E-03
+5.72787000E-03
+5.91182000E-03
+5.95817000E-03
+5.78617000E-03
+5.95753000E-03
+5.73804000E-03
+5.74910000E-03
+5.98400000E-03
+6.03092000E-03
+6.03268000E-03
+5.71662000E-03
+6.00277000E-03
+5.92791000E-03
+5.88109000E-03
+5.96120000E-03
+5.73755000E-03
+5.67446000E-03
+6.01513000E-03
+5.85210000E-03
+5.85841000E-03
+5.75154000E-03
+5.86791000E-03
+5.74740000E-03
+5.92944000E-03
+5.76262000E-03
+5.75475000E-03
+5.76926000E-03
+5.75393000E-03
+5.69691000E-03
+5.75230000E-03
+5.74752000E-03
+5.79667000E-03
+5.75008000E-03
+5.75093000E-03
+5.68781000E-03
+5.99443000E-03
+5.75231000E-03
+6.01076000E-03
+5.75288000E-03
+5.74250000E-03
+5.85410000E-03
+5.94079000E-03
+5.88115000E-03
+5.75906000E-03
+5.82856000E-03
+5.76081000E-03
+5.79049000E-03
+5.76151000E-03
+5.91866000E-03
+5.78705000E-03
+5.71422000E-03
+5.90791000E-03
+5.76600000E-03
+5.69504000E-03
+5.99018000E-03
+5.79947000E-03
+6.00749000E-03
+5.72787000E-03
+5.85171000E-03
+5.67924000E-03
+5.71487000E-03
+5.69423000E-03
+5.68513000E-03
+5.98306000E-03
+5.67819000E-03
+5.97613000E-03
+5.91001000E-03
+5.75265000E-03
+5.80850000E-03
+5.71347000E-03
+5.74256000E-03
+5.75816000E-03
+5.75287000E-03
+5.75533000E-03
+6.04130000E-03
+5.78751000E-03
+5.71533000E-03
+5.95460000E-03
+5.88476000E-03
+5.72408000E-03
+5.81888000E-03
+5.72000000E-03
+5.78169000E-03
+5.97671000E-03
+5.71522000E-03
+5.81661000E-03
+5.75737000E-03
+5.89549000E-03
+5.95170000E-03
+5.93846000E-03
+6.00137000E-03
+5.80022000E-03
+6.02708000E-03
+5.72728000E-03
+6.03367000E-03
+5.78091000E-03
+5.84162000E-03
+5.70878000E-03
+6.01991000E-03
+5.76568000E-03
+6.04003000E-03
+5.75855000E-03
+6.01437000E-03
+5.75851000E-03
+5.73291000E-03
+5.97257000E-03
+5.75428000E-03
+5.96866000E-03
+5.80932000E-03
+5.96966000E-03
+5.74157000E-03
+5.69668000E-03
+5.78780000E-03
+5.64729000E-03
+5.85759000E-03
+5.94371000E-03
+5.73912000E-03
+5.97292000E-03
+5.75725000E-03
+5.85491000E-03
+5.76188000E-03
+5.74827000E-03
+5.92878000E-03
+5.75603000E-03
+5.95141000E-03
+6.00714000E-03
+5.75679000E-03
+5.66840000E-03
+5.75520000E-03
+5.68321000E-03
+5.77148000E-03
+5.63825000E-03
+5.85019000E-03
+5.77254000E-03
+5.76273000E-03
+5.72221000E-03
+5.98330000E-03
+5.75434000E-03
+5.81882000E-03
+5.67195000E-03
+5.98516000E-03
+5.75626000E-03
+5.75749000E-03
+5.84558000E-03
+5.75836000E-03
+5.69061000E-03
+5.94989000E-03
+5.72524000E-03
+5.74501000E-03
+5.75760000E-03
+5.76122000E-03
+6.03950000E-03
+5.81719000E-03
+5.70828000E-03
+5.77340000E-03
+5.73240000E-03
+5.78862000E-03
+5.75550000E-03
+5.94243000E-03
+5.72968000E-03
+5.76075000E-03
+5.75463000E-03
+5.75466000E-03
+5.76722000E-03
+5.90115000E-03
+5.76303000E-03
+6.01023000E-03
+5.98732000E-03
+5.64467000E-03
+5.99029000E-03
+5.76979000E-03
+6.02552000E-03
+5.94348000E-03
+5.67487000E-03
+5.93186000E-03
+5.75620000E-03
+5.75632000E-03
+5.80436000E-03
+5.69189000E-03
+5.87251000E-03
+5.95199000E-03
+5.72064000E-03
+5.68522000E-03
+5.75469000E-03
+5.80961000E-03
+5.77142000E-03
+5.94103000E-03
+5.67108000E-03
+6.03688000E-03
+5.97648000E-03
+5.66035000E-03
+5.99712000E-03
+5.65207000E-03
+5.95525000E-03
+5.76087000E-03
+5.90517000E-03
+5.76547000E-03
+5.93467000E-03
+5.75362000E-03
+5.88678000E-03
+5.86768000E-03
+5.72722000E-03
+5.97257000E-03
+5.94814000E-03
+5.75964000E-03
+5.74379000E-03
+5.95630000E-03
+5.91692000E-03
+5.95677000E-03
+5.89129000E-03
+5.71597000E-03
+6.00895000E-03
+5.95181000E-03
+5.76442000E-03
+5.76435000E-03
+5.82512000E-03
+5.74408000E-03
+5.87104000E-03
+5.87252000E-03
+5.76234000E-03
+5.88698000E-03
+6.05210000E-03
+6.00516000E-03
+5.76355000E-03
+6.03665000E-03
+5.77474000E-03
+5.70414000E-03
+5.96359000E-03
+5.76157000E-03
+5.67318000E-03
+5.81169000E-03
+5.84005000E-03
+5.74833000E-03
+5.76308000E-03
+5.69446000E-03
+5.85754000E-03
+5.86074000E-03
+5.80267000E-03
+5.90610000E-03
+5.77515000E-03
+5.95566000E-03
+5.68513000E-03
+5.76652000E-03
+5.95007000E-03
+5.78763000E-03
+5.72110000E-03
+5.76256000E-03
+5.92260000E-03
+5.76622000E-03
+5.76291000E-03
+5.77574000E-03
+5.71568000E-03
+5.76862000E-03
+5.94114000E-03
+5.65959000E-03
+5.79789000E-03
+5.77451000E-03
+5.67761000E-03
+5.82576000E-03
+5.69382000E-03
+6.05181000E-03
+5.84214000E-03
+6.00389000E-03
+5.69691000E-03
+5.69335000E-03
+5.91392000E-03
+5.76594000E-03
+6.00831000E-03
+5.93170000E-03
+5.76174000E-03
+5.73994000E-03
+5.78547000E-03
+5.76431000E-03
+5.78757000E-03
+5.76722000E-03
+5.84409000E-03
+5.81171000E-03
+5.67668000E-03
+5.89794000E-03
+5.76658000E-03
+6.04428000E-03
+5.85048000E-03
+5.67184000E-03
+5.76961000E-03
+5.96540000E-03
+5.75941000E-03
+5.95146000E-03
+5.76635000E-03
+5.76921000E-03
+5.66496000E-03
+5.76448000E-03
+5.80718000E-03
+5.72810000E-03
+5.81947000E-03
+5.76589000E-03
+5.76589000E-03
+5.65819000E-03
+5.92062000E-03
+5.84051000E-03
+6.04481000E-03
+5.70268000E-03
+5.76332000E-03
+5.71918000E-03
+5.99105000E-03
+5.71627000E-03
+5.77287000E-03
+5.76442000E-03
+5.82541000E-03
+5.76431000E-03
+5.73673000E-03
+5.79865000E-03
+5.76676000E-03
+5.77259000E-03
+5.76734000E-03
+5.77801000E-03
+5.76581000E-03
+5.79063000E-03
+5.71358000E-03
+5.86247000E-03
+5.76839000E-03
+5.97718000E-03
+5.76501000E-03
+5.98954000E-03
+5.83620000E-03
+6.04848000E-03
+5.76640000E-03
+5.76641000E-03
+5.86844000E-03
+5.76699000E-03
+5.84658000E-03
+5.92662000E-03
+5.65702000E-03
+6.02615000E-03
+5.77463000E-03
+5.70793000E-03
+5.71920000E-03
+5.72280000E-03
+6.00983000E-03
+5.93077000E-03
+6.03152000E-03
+5.72303000E-03
+5.76194000E-03
+5.77853000E-03
+5.76966000E-03
+5.76780000E-03
+5.72746000E-03
+5.78740000E-03
+5.68478000E-03
+5.83800000E-03
+5.77253000E-03
+5.77206000E-03
+5.77305000E-03
+5.69895000E-03
+5.77033000E-03
+5.76991000E-03
+5.93526000E-03
+6.07210000E-03
+5.84475000E-03
+5.79142000E-03
+5.77392000E-03
+5.99520000E-03
+6.06825000E-03
+5.88803000E-03
+5.69609000E-03
+5.85008000E-03
+5.86214000E-03
+5.67330000E-03
+5.80336000E-03
+5.77350000E-03
+5.79142000E-03
+5.76397000E-03
+5.80011000E-03
+5.78355000E-03
+5.71259000E-03
+5.90167000E-03
+5.77209000E-03
+5.73726000E-03
+6.02475000E-03
+6.00438000E-03
+5.87176000E-03
+5.77142000E-03
+6.07210000E-03
+6.07279000E-03
+6.07284000E-03
+6.01991000E-03
+6.05478000E-03
+5.67423000E-03
+5.98219000E-03
+5.76909000E-03
+5.97828000E-03
+5.96487000E-03
+5.95317000E-03
+5.98627000E-03
+5.77206000E-03
+5.78897000E-03
+5.98954000E-03
+6.01601000E-03
+5.66834000E-03
+5.78885000E-03
+5.79148000E-03
+5.77270000E-03
+5.95578000E-03
+5.67569000E-03
+5.79987000E-03
+5.78052000E-03
+5.84891000E-03
+5.84623000E-03
+5.77035000E-03
+5.81725000E-03
+5.93596000E-03
+5.93598000E-03
+5.74647000E-03
+5.95689000E-03
+5.68443000E-03
+5.79632000E-03
+5.90313000E-03
+6.01935000E-03
+6.07571000E-03
+5.73504000E-03
+6.07565000E-03
+5.93001000E-03
+5.77399000E-03
+5.95642000E-03
+5.70513000E-03
+5.77842000E-03
+5.81238000E-03
+5.78052000E-03
+5.68612000E-03
+5.82800000E-03
+5.71271000E-03
+6.04329000E-03
+5.77550000E-03
+6.03216000E-03
+5.94861000E-03
+5.95157000E-03
+5.86039000E-03
+5.72355000E-03
+5.76577000E-03
+5.93094000E-03
+5.91193000E-03
+5.95986000E-03
+5.92081000E-03
+5.98965000E-03
+5.77275000E-03
+5.75743000E-03
+5.77871000E-03
+5.75585000E-03
+5.85206000E-03
+5.76023000E-03
+5.81019000E-03
+5.78046000E-03
+5.66163000E-03
+5.79107000E-03
+5.77679000E-03
+5.79509000E-03
+5.78273000E-03
+5.78367000E-03
+5.78367000E-03
+6.00522000E-03
+5.93660000E-03
+5.76979000E-03
+5.77759000E-03
+5.77755000E-03
+5.86826000E-03
+5.86825000E-03
+5.70799000E-03
+5.67977000E-03
+5.77649000E-03
+5.78302000E-03
+5.91841000E-03
+5.98989000E-03
+5.66426000E-03
+6.07682000E-03
+5.73393000E-03
+5.96237000E-03
+5.77375000E-03
+5.94884000E-03
+5.96651000E-03
+5.95111000E-03
+5.86185000E-03
+5.76795000E-03
+6.05137000E-03
+5.72295000E-03
+5.72070000E-03
+5.87596000E-03
+5.69533000E-03
+5.79777000E-03
+5.77982000E-03
+5.79538000E-03
+5.96731000E-03
+6.05093000E-03
+5.71498000E-03
+5.77522000E-03
+5.77387000E-03
+5.90791000E-03
+5.84022000E-03
+5.84020000E-03
+5.99502000E-03
+5.85293000E-03
+5.77544000E-03
+6.04767000E-03
+6.07489000E-03
+6.03210000E-03
+5.80384000E-03
+5.66770000E-03
+5.78110000E-03
+5.79468000E-03
+5.79842000E-03
+5.80454000E-03
+5.77824000E-03
+6.04632000E-03
+5.77840000E-03
+5.76256000E-03
+5.81229000E-03
+5.78223000E-03
+5.78757000E-03
+5.77766000E-03
+5.73568000E-03
+5.77760000E-03
+5.77883000E-03
+5.92534000E-03
+6.08277000E-03
+5.66758000E-03
+5.91397000E-03
+5.81270000E-03
+5.77999000E-03
+5.89153000E-03
+5.78005000E-03
+5.91013000E-03
+5.95246000E-03
+5.95228000E-03
+5.66484000E-03
+5.98056000E-03
+5.66519000E-03
+5.80285000E-03
+5.78314000E-03
+5.81707000E-03
+6.06699000E-03
+5.75959000E-03
+5.78244000E-03
+5.79463000E-03
+5.82267000E-03
+5.76889000E-03
+5.78232000E-03
+5.78092000E-03
+5.96441000E-03
+5.77981000E-03
+5.87071000E-03
+6.08420000E-03
+6.00227000E-03
+6.02720000E-03
+5.91631000E-03
+5.84718000E-03
+5.78302000E-03
+5.93817000E-03
+5.71778000E-03
+5.79445000E-03
+5.77531000E-03
+5.68268000E-03
+5.78046000E-03
+5.93147000E-03
+5.84224000E-03
+5.84233000E-03
+6.07728000E-03
+5.68274000E-03
+5.99446000E-03
+5.93974000E-03
+5.83503000E-03
+5.78470000E-03
+6.09501000E-03
+5.85153000E-03
+5.97432000E-03
+5.81340000E-03
+5.71778000E-03
+5.93415000E-03
+5.77871000E-03
+5.81987000E-03
+5.92371000E-03
+5.78638000E-03
+6.07826000E-03
+5.75703000E-03
+6.03023000E-03
+5.98703000E-03
+5.77819000E-03
+5.74932000E-03
+6.02312000E-03
+5.75183000E-03
+5.89404000E-03
+5.71988000E-03
+5.76402000E-03
+5.95362000E-03
+5.78767000E-03
+5.71248000E-03
+5.71627000E-03
+5.92931000E-03
+5.81521000E-03
+5.96138000E-03
+5.72402000E-03
+5.98452000E-03
+5.96161000E-03
+5.93986000E-03
+5.76240000E-03
+5.78746000E-03
+5.78055000E-03
+5.81369000E-03
+5.78804000E-03
+5.78232000E-03
+5.77842000E-03
+5.80092000E-03
+0.00000000E+00
+0.00000000E+00
2021/08/29,11:45:21
