2021/08/28,22:43:08
-1.10000000E-08
-1.60000000E-08
-1.60000000E-08
-1.40000000E-08
+5.72010000E-03
+5.51660000E-03
+5.48190000E-03
+5.48010000E-03
+5.43800000E-03
+5.61130000E-03
+5.54970000E-03
+5.63070000E-03
+5.51990000E-03
+5.50380000E-03
+5.57370000E-03
+5.51420000E-03
+5.60430000E-03
+5.46960000E-03
+5.60910000E-03
+5.61440000E-03
+0.00000000E+00
+5.91357000E-03
+5.88409000E-03
+5.89788000E-03
+5.94161000E-03
+5.83060000E-03
+5.86424000E-03
+6.00435000E-03
+5.85369000E-03
+5.98499000E-03
+5.85462000E-03
+5.88372000E-03
+5.91619000E-03
+5.77509000E-03
+6.01811000E-03
+5.81457000E-03
+5.98499000E-03
+5.96960000E-03
+5.96966000E-03
+6.00166000E-03
+5.79952000E-03
+5.99292000E-03
+5.82914000E-03
+5.94027000E-03
+5.89264000E-03
+5.99210000E-03
+5.99933000E-03
+5.84838000E-03
+6.06551000E-03
+5.79224000E-03
+5.92424000E-03
+5.75801000E-03
+5.83037000E-03
+5.95770000E-03
+5.90220000E-03
+5.93403000E-03
+6.00281000E-03
+5.92645000E-03
+5.95799000E-03
+5.95106000E-03
+5.79521000E-03
+5.98429000E-03
+5.78687000E-03
+5.84809000E-03
+5.99543000E-03
+5.86080000E-03
+5.91392000E-03
+6.01397000E-03
+6.00738000E-03
+5.85381000E-03
+5.80034000E-03
+5.94114000E-03
+5.90430000E-03
+5.85631000E-03
+5.83290000E-03
+5.90150000E-03
+5.81037000E-03
+5.96977000E-03
+5.81445000E-03
+5.97327000E-03
+5.85124000E-03
+5.95012000E-03
+5.97916000E-03
+5.92062000E-03
+5.96482000E-03
+6.01828000E-03
+5.86687000E-03
+5.97175000E-03
+5.90756000E-03
+5.89252000E-03
+5.92377000E-03
+5.86343000E-03
+5.99922000E-03
+5.83282000E-03
+5.92342000E-03
+5.83777000E-03
+6.00411000E-03
+5.87316000E-03
+5.90459000E-03
+5.97047000E-03
+5.86401000E-03
+5.84401000E-03
+5.97129000E-03
+5.82926000E-03
+5.97689000E-03
+5.78442000E-03
+6.00994000E-03
+5.89969000E-03
+5.97105000E-03
+5.85509000E-03
+5.93683000E-03
+5.97531000E-03
+5.91036000E-03
+5.91858000E-03
+5.95251000E-03
+5.91304000E-03
+5.99327000E-03
+5.88418000E-03
+5.86156000E-03
+5.85526000E-03
+5.95776000E-03
+5.99939000E-03
+6.02878000E-03
+5.89374000E-03
+5.84564000E-03
+6.01764000E-03
+5.82932000E-03
+6.04055000E-03
+5.87555000E-03
+5.97105000E-03
+5.91689000E-03
+5.88027000E-03
+5.94680000E-03
+5.87398000E-03
+5.91497000E-03
+5.85462000E-03
+5.95135000E-03
+5.97240000E-03
+5.84348000E-03
+5.97997000E-03
+5.91462000E-03
+5.84663000E-03
+5.78431000E-03
+5.94925000E-03
+5.89508000E-03
+5.96621000E-03
+5.85066000E-03
+5.99018000E-03
+5.93368000E-03
+5.86261000E-03
+5.86051000E-03
+5.87409000E-03
+5.98855000E-03
+5.75819000E-03
+5.98470000E-03
+5.87305000E-03
+5.80681000E-03
+6.01566000E-03
+5.95951000E-03
+5.90045000E-03
+5.98458000E-03
+5.87689000E-03
+5.97963000E-03
+6.01233000E-03
+5.91776000E-03
+5.81748000E-03
+6.01006000E-03
+5.89234000E-03
+5.99455000E-03
+5.94657000E-03
+5.77142000E-03
+5.97374000E-03
+5.80693000E-03
+5.75358000E-03
+6.00360000E-03
+5.87538000E-03
+5.94289000E-03
+5.86360000E-03
+5.85007000E-03
+5.97735000E-03
+6.01542000E-03
+5.96482000E-03
+5.86786000E-03
+5.87701000E-03
+5.86343000E-03
+5.88908000E-03
+5.94464000E-03
+5.94371000E-03
+5.86587000E-03
+6.00161000E-03
+5.82743000E-03
+6.02061000E-03
+5.96872000E-03
+5.88039000E-03
+5.98720000E-03
+5.85923000E-03
+5.94167000E-03
+5.86739000E-03
+6.02009000E-03
+5.87777000E-03
+5.98551000E-03
+5.90523000E-03
+5.87532000E-03
+5.78098000E-03
+6.02703000E-03
+5.88844000E-03
+5.98895000E-03
+5.98067000E-03
+5.88319000E-03
+5.99782000E-03
+5.88068000E-03
+5.89118000E-03
+6.01974000E-03
+5.87229000E-03
+6.02475000E-03
+5.84267000E-03
+5.84296000E-03
+5.88132000E-03
+5.88135000E-03
+5.97747000E-03
+5.94593000E-03
+5.93485000E-03
+5.79433000E-03
+5.92902000E-03
+5.96143000E-03
+5.87958000E-03
+6.04393000E-03
+6.02848000E-03
+5.86879000E-03
+5.95881000E-03
+6.05758000E-03
+5.93992000E-03
+5.91100000E-03
+5.94476000E-03
+5.94231000E-03
+5.98056000E-03
+5.76792000E-03
+5.93222000E-03
+5.84045000E-03
+6.01776000E-03
+5.85311000E-03
+5.99916000E-03
+6.00044000E-03
+6.04137000E-03
+5.94517000E-03
+5.87042000E-03
+6.01805000E-03
+5.99129000E-03
+5.80273000E-03
+6.05542000E-03
+5.93905000E-03
+5.92750000E-03
+5.98846000E-03
+5.96936000E-03
+5.92406000E-03
+5.86039000E-03
+5.87273000E-03
+5.85998000E-03
+5.92721000E-03
+6.04848000E-03
+6.01857000E-03
+5.91223000E-03
+5.95193000E-03
+5.97811000E-03
+5.86687000E-03
+6.01956000E-03
+5.90727000E-03
+5.86780000E-03
+5.99589000E-03
+5.85025000E-03
+5.88412000E-03
+5.95829000E-03
+5.96798000E-03
+5.87666000E-03
+6.00918000E-03
+5.88570000E-03
+6.04358000E-03
+5.89777000E-03
+5.93409000E-03
+5.95181000E-03
+5.94552000E-03
+5.86494000E-03
+5.97094000E-03
+5.80710000E-03
+5.86599000E-03
+6.03577000E-03
+6.01467000E-03
+5.99636000E-03
+5.92943000E-03
+6.01018000E-03
+5.92529000E-03
+5.86811000E-03
+6.03064000E-03
+5.93088000E-03
+5.97601000E-03
+5.93339000E-03
+5.98184000E-03
+5.87835000E-03
+6.01910000E-03
+5.89147000E-03
+5.89952000E-03
+5.96540000E-03
+5.85794000E-03
+5.85381000E-03
+6.03531000E-03
+5.94272000E-03
+6.00872000E-03
+5.92593000E-03
+6.00114000E-03
+6.05474000E-03
+5.80011000E-03
+5.95071000E-03
+5.99904000E-03
+6.01350000E-03
+5.95496000E-03
+5.97350000E-03
+5.86687000E-03
+5.90010000E-03
+6.01088000E-03
+5.89602000E-03
+6.00714000E-03
+6.03915000E-03
+6.04440000E-03
+5.90255000E-03
+5.88949000E-03
+6.04609000E-03
+5.94651000E-03
+5.97001000E-03
+5.88220000E-03
+5.96715000E-03
+5.88197000E-03
+5.83841000E-03
+6.03166000E-03
+6.06248000E-03
+5.86109000E-03
+6.00942000E-03
+5.91642000E-03
+5.82693000E-03
+6.03163000E-03
+5.90727000E-03
+5.82582000E-03
+6.05122000E-03
+5.89573000E-03
+5.87235000E-03
+6.00254000E-03
+5.90750000E-03
+5.91911000E-03
+5.85439000E-03
+5.85197000E-03
+6.06819000E-03
+5.86494000E-03
+5.98493000E-03
+5.89339000E-03
+6.05787000E-03
+5.96540000E-03
+5.84564000E-03
+5.95642000E-03
+5.87853000E-03
+5.96132000E-03
+6.00242000E-03
+5.95677000E-03
+5.88698000E-03
+5.93998000E-03
+5.90978000E-03
+5.81334000E-03
+6.01659000E-03
+5.86144000E-03
+6.01980000E-03
+5.99700000E-03
+5.89129000E-03
+5.90243000E-03
+5.97519000E-03
+5.94388000E-03
+5.96767000E-03
+6.03198000E-03
+6.02633000E-03
+5.91123000E-03
+5.83439000E-03
+5.85147000E-03
+6.00592000E-03
+5.91765000E-03
+6.03566000E-03
+5.94925000E-03
+5.91188000E-03
+5.93112000E-03
+5.97187000E-03
+5.94272000E-03
+6.07396000E-03
+5.82687000E-03
+5.90103000E-03
+5.86220000E-03
+5.90709000E-03
+5.94144000E-03
+5.91001000E-03
+5.85701000E-03
+5.84832000E-03
+5.92429000E-03
+5.91736000E-03
+5.93605000E-03
+5.91718000E-03
+5.96015000E-03
+5.93794000E-03
+5.82465000E-03
+5.86832000E-03
+5.99508000E-03
+6.04551000E-03
+5.96942000E-03
+5.87211000E-03
+6.05816000E-03
+5.96761000E-03
+5.86442000E-03
+5.93706000E-03
+5.82168000E-03
+5.97006000E-03
+5.86517000E-03
+6.03601000E-03
+5.87911000E-03
+5.93520000E-03
+6.01193000E-03
+6.01834000E-03
+5.84331000E-03
+5.94668000E-03
+5.87678000E-03
+6.01350000E-03
+5.92668000E-03
+5.89526000E-03
+5.98365000E-03
+5.84092000E-03
+5.97053000E-03
+5.95082000E-03
+5.88774000E-03
+5.95455000E-03
+5.98458000E-03
+5.91188000E-03
+6.01939000E-03
+6.01117000E-03
+5.87707000E-03
+6.02953000E-03
+6.03391000E-03
+5.85031000E-03
+6.03041000E-03
+5.93141000E-03
+5.91112000E-03
+5.95146000E-03
+5.93514000E-03
+5.92896000E-03
+6.06889000E-03
+5.87353000E-03
+6.01554000E-03
+6.00236000E-03
+5.91642000E-03
+5.96435000E-03
+5.97228000E-03
+5.86663000E-03
+6.01362000E-03
+5.84576000E-03
+6.00849000E-03
+5.87905000E-03
+5.88319000E-03
+6.02341000E-03
+5.89759000E-03
+5.89415000E-03
+5.87981000E-03
+5.99647000E-03
+5.97391000E-03
+5.83620000E-03
+5.92290000E-03
+6.02085000E-03
+5.93607000E-03
+5.98143000E-03
+5.87030000E-03
+5.88214000E-03
+6.03531000E-03
+6.00464000E-03
+5.87398000E-03
+5.97933000E-03
+5.95211000E-03
+5.92132000E-03
+6.04504000E-03
+5.88401000E-03
+5.88640000E-03
+5.90068000E-03
+6.01332000E-03
+6.01309000E-03
+5.99601000E-03
+5.92552000E-03
+5.82295000E-03
+5.99776000E-03
+5.96138000E-03
+5.86261000E-03
+5.88482000E-03
+6.03309000E-03
+5.93374000E-03
+5.92097000E-03
+5.93467000E-03
+6.03577000E-03
+6.00481000E-03
+5.89800000E-03
+5.91083000E-03
+5.88307000E-03
+5.86168000E-03
+5.86780000E-03
+5.91067000E-03
+6.02003000E-03
+5.98586000E-03
+5.87450000E-03
+5.98647000E-03
+6.06819000E-03
+5.98365000E-03
+5.91916000E-03
+5.93712000E-03
+5.93339000E-03
+5.86447000E-03
+5.88412000E-03
+6.06102000E-03
+5.92377000E-03
+5.88226000E-03
+6.01711000E-03
+6.00271000E-03
+6.06737000E-03
+5.91555000E-03
+5.89660000E-03
+6.05898000E-03
+5.96855000E-03
+5.93321000E-03
+6.03577000E-03
+6.01927000E-03
+5.98458000E-03
+5.86832000E-03
+5.92260000E-03
+6.01560000E-03
+5.87952000E-03
+6.00650000E-03
+5.87649000E-03
+5.98015000E-03
+6.00534000E-03
+6.00102000E-03
+5.92709000E-03
+6.06539000E-03
+6.06662000E-03
+5.84337000E-03
+5.97957000E-03
+5.98085000E-03
+5.87654000E-03
+6.03974000E-03
+5.85334000E-03
+5.90919000E-03
+5.97502000E-03
+5.93450000E-03
+5.89106000E-03
+5.94954000E-03
+6.03426000E-03
+5.99869000E-03
+5.88412000E-03
+5.90692000E-03
+5.86302000E-03
+5.86395000E-03
+5.89403000E-03
+5.89059000E-03
+6.00050000E-03
+5.88068000E-03
+5.86675000E-03
+5.89199000E-03
+6.03735000E-03
+6.02942000E-03
+5.87911000E-03
+6.03402000E-03
+6.05286000E-03
+5.90535000E-03
+5.98114000E-03
+5.98625000E-03
+6.02155000E-03
+5.83655000E-03
+6.04458000E-03
+5.90605000E-03
+6.06160000E-03
+5.82640000E-03
+6.03210000E-03
+5.89823000E-03
+5.90884000E-03
+5.98353000E-03
+5.96517000E-03
+5.87905000E-03
+6.04615000E-03
+5.86943000E-03
+6.01391000E-03
+6.03344000E-03
+5.91048000E-03
+5.88803000E-03
+6.05017000E-03
+5.93077000E-03
+5.97231000E-03
+5.88867000E-03
+6.04528000E-03
+5.90465000E-03
+5.97403000E-03
+5.96138000E-03
+5.86611000E-03
+6.00370000E-03
+5.89561000E-03
+5.97100000E-03
+6.01286000E-03
+5.86675000E-03
+5.92722000E-03
+6.01694000E-03
+6.06417000E-03
+5.97922000E-03
+6.01665000E-03
+5.89153000E-03
+5.92482000E-03
+6.05350000E-03
+5.88360000E-03
+5.85322000E-03
+6.01128000E-03
+5.92633000E-03
+5.88914000E-03
+5.90739000E-03
+6.02388000E-03
+5.90849000E-03
+6.02178000E-03
+5.86459000E-03
+5.94517000E-03
+6.01746000E-03
+5.88214000E-03
+6.06691000E-03
+5.95560000E-03
+5.99887000E-03
+5.99274000E-03
+5.91887000E-03
+6.02347000E-03
+5.98872000E-03
+5.89893000E-03
+5.97578000E-03
+6.02790000E-03
+5.87643000E-03
+6.02207000E-03
+6.08428000E-03
+5.84518000E-03
+5.94872000E-03
+5.96143000E-03
+5.98499000E-03
+5.99956000E-03
+5.88960000E-03
+5.92150000E-03
+6.01816000E-03
+5.79095000E-03
+5.80944000E-03
+5.91199000E-03
+6.06440000E-03
+5.87217000E-03
+6.05146000E-03
+5.86383000E-03
+5.95525000E-03
+5.91269000E-03
+6.00843000E-03
+5.92983000E-03
+6.05425000E-03
+5.86687000E-03
+5.91368000E-03
+5.92919000E-03
+5.99373000E-03
+5.98878000E-03
+5.87270000E-03
+5.93770000E-03
+6.04405000E-03
+5.99677000E-03
+5.82941000E-03
+5.84113000E-03
+5.92966000E-03
+5.97653000E-03
+6.06463000E-03
+5.84273000E-03
+6.04119000E-03
+5.90704000E-03
+6.05536000E-03
+5.96394000E-03
+6.03840000E-03
+6.02551000E-03
+6.06825000E-03
+5.92371000E-03
+6.03321000E-03
+5.86885000E-03
+5.86243000E-03
+6.02300000E-03
+5.89001000E-03
+6.05023000E-03
+6.07857000E-03
+5.91817000E-03
+6.05221000E-03
+6.06440000E-03
+5.92698000E-03
+6.01828000E-03
+6.05874000E-03
+5.96382000E-03
+6.07536000E-03
+5.86762000E-03
+5.86115000E-03
+6.05909000E-03
+5.85054000E-03
+6.08032000E-03
+5.90179000E-03
+6.06312000E-03
+5.80197000E-03
+6.07134000E-03
+5.90056000E-03
+6.06481000E-03
+5.96750000E-03
+5.85404000E-03
+6.06201000E-03
+5.89643000E-03
+6.00510000E-03
+5.90290000E-03
+5.99315000E-03
+6.01495000E-03
+5.91234000E-03
+6.05326000E-03
+5.90470000E-03
+5.88611000E-03
+6.01187000E-03
+5.95525000E-03
+5.90652000E-03
+6.01735000E-03
+6.00236000E-03
+6.04003000E-03
+5.98907000E-03
+6.01962000E-03
+6.05682000E-03
+5.82407000E-03
+5.93339000E-03
+5.89188000E-03
+6.03076000E-03
+5.89363000E-03
+6.04044000E-03
+5.98353000E-03
+6.01233000E-03
+5.95380000E-03
+5.86034000E-03
+6.06271000E-03
+5.88109000E-03
+5.85550000E-03
+5.92814000E-03
+6.08504000E-03
+5.88296000E-03
+5.80256000E-03
+6.03886000E-03
+5.98079000E-03
+6.02125000E-03
+5.91147000E-03
+5.99997000E-03
+6.07880000E-03
+5.98610000E-03
+6.07256000E-03
+5.89269000E-03
+6.06382000E-03
+5.86238000E-03
+5.94318000E-03
+5.82395000E-03
+5.87160000E-03
+6.03822000E-03
+5.86786000E-03
+5.96085000E-03
+5.89952000E-03
+6.04772000E-03
+5.92196000E-03
+6.09279000E-03
+6.01029000E-03
+5.83083000E-03
+6.03187000E-03
+5.92016000E-03
+5.94569000E-03
+6.01222000E-03
+5.91141000E-03
+6.02026000E-03
+5.93047000E-03
+5.93636000E-03
+6.03332000E-03
+6.03058000E-03
+5.95193000E-03
+6.03822000E-03
+6.05618000E-03
+5.91409000E-03
+5.98592000E-03
+6.04446000E-03
+5.90061000E-03
+6.01123000E-03
+5.95304000E-03
+6.04837000E-03
+5.88750000E-03
+6.02242000E-03
+5.99199000E-03
+6.06201000E-03
+6.04323000E-03
+5.89893000E-03
+6.04609000E-03
+5.99607000E-03
+5.91555000E-03
+5.99613000E-03
+5.99624000E-03
+6.07845000E-03
+5.92733000E-03
+6.01239000E-03
+5.89234000E-03
+6.02673000E-03
+5.85742000E-03
+6.04382000E-03
+5.92878000E-03
+5.88535000E-03
+5.96062000E-03
+5.85853000E-03
+5.94441000E-03
+5.99799000E-03
+6.06871000E-03
+5.97473000E-03
+5.97898000E-03
+5.85695000E-03
+6.05624000E-03
+5.94202000E-03
+5.86634000E-03
+6.02289000E-03
+5.95298000E-03
+5.99263000E-03
+6.09011000E-03
+5.99368000E-03
+5.87899000E-03
+6.05682000E-03
+5.90721000E-03
+6.05740000E-03
+5.97986000E-03
+5.92217000E-03
+5.93858000E-03
+5.95036000E-03
+5.88325000E-03
+5.90879000E-03
+6.08247000E-03
+5.90587000E-03
+5.95461000E-03
+6.07705000E-03
+5.91800000E-03
+6.07618000E-03
+5.92505000E-03
+6.05076000E-03
+6.10731000E-03
+5.95869000E-03
+6.03385000E-03
+5.89392000E-03
+5.93549000E-03
+6.05869000E-03
+5.88698000E-03
+6.06650000E-03
+6.05402000E-03
+5.88306000E-03
+6.07997000E-03
+5.88768000E-03
+6.06434000E-03
+5.89054000E-03
+6.05361000E-03
+5.94808000E-03
+5.84780000E-03
+5.97770000E-03
+5.93053000E-03
+5.87450000E-03
+5.91508000E-03
+5.98167000E-03
+5.88570000E-03
+6.09699000E-03
+6.03630000E-03
+5.88587000E-03
+6.04574000E-03
+5.84978000E-03
+5.98773000E-03
+5.94750000E-03
+5.90331000E-03
+5.92359000E-03
+6.07064000E-03
+5.92464000E-03
+5.87794000E-03
+6.04977000E-03
+5.94458000E-03
+6.10504000E-03
+6.02633000E-03
+6.03222000E-03
+6.07624000E-03
+5.99053000E-03
+5.91940000E-03
+6.04300000E-03
+6.05810000E-03
+5.93491000E-03
+5.98616000E-03
+6.01631000E-03
+5.93852000E-03
+6.03595000E-03
+5.91269000E-03
+6.12667000E-03
+6.07186000E-03
+6.07973000E-03
+5.97805000E-03
+6.00534000E-03
+5.93287000E-03
+6.01659000E-03
+5.89918000E-03
+6.10743000E-03
+5.95444000E-03
+6.07035000E-03
+5.96307000E-03
+5.82926000E-03
+6.07653000E-03
+6.00231000E-03
+5.88506000E-03
+6.01548000E-03
+6.07285000E-03
+6.01519000E-03
+5.90838000E-03
+6.03210000E-03
+6.04079000E-03
+5.81299000E-03
+6.08626000E-03
+5.87042000E-03
+6.09798000E-03
+5.99945000E-03
+5.90587000E-03
+6.08516000E-03
+6.02108000E-03
+5.87917000E-03
+6.04982000E-03
+5.93601000E-03
+6.11291000E-03
+6.11139000E-03
+5.89893000E-03
+5.92377000E-03
+5.86955000E-03
+6.00755000E-03
+5.96616000E-03
+6.04772000E-03
+6.00610000E-03
+6.01507000E-03
+6.07886000E-03
+5.94633000E-03
+5.90546000E-03
+5.96155000E-03
+5.95794000E-03
+5.90715000E-03
+6.10848000E-03
+5.89782000E-03
+5.90879000E-03
+5.94464000E-03
+5.94473000E-03
+5.93770000E-03
+5.92948000E-03
+6.08766000E-03
+5.90931000E-03
+6.08615000E-03
+6.01292000E-03
+5.88803000E-03
+6.06638000E-03
+5.90453000E-03
+6.04265000E-03
+6.06213000E-03
+5.98464000E-03
+6.01799000E-03
+5.96155000E-03
+6.03542000E-03
+5.98627000E-03
+6.07035000E-03
+5.87684000E-03
+6.06778000E-03
+5.95899000E-03
+5.90879000E-03
+6.07052000E-03
+5.95490000E-03
+5.94680000E-03
+6.09711000E-03
+5.89619000E-03
+5.99636000E-03
+5.90389000E-03
+6.01368000E-03
+6.08852000E-03
+5.90074000E-03
+5.87777000E-03
+6.01630000E-03
+5.94837000E-03
+6.07454000E-03
+6.03531000E-03
+5.93584000E-03
+6.00522000E-03
+6.09396000E-03
+6.06574000E-03
+6.12148000E-03
+5.92552000E-03
+6.10784000E-03
+5.92919000E-03
+5.95100000E-03
+6.07898000E-03
+5.96808000E-03
+6.05813000E-03
+5.91223000E-03
+5.99677000E-03
+6.02808000E-03
+5.89666000E-03
+5.97677000E-03
+5.99636000E-03
+6.02942000E-03
+6.11676000E-03
+5.94779000E-03
+6.11437000E-03
+5.95665000E-03
+6.05291000E-03
+6.00679000E-03
+6.02609000E-03
+6.02615000E-03
+5.94021000E-03
+6.12276000E-03
+6.10579000E-03
+5.93846000E-03
+5.95625000E-03
+6.08294000E-03
+6.13442000E-03
+5.91887000E-03
+6.00516000E-03
+6.07868000E-03
+5.96079000E-03
+5.77935000E-03
+5.94668000E-03
+6.05431000E-03
+5.90156000E-03
+5.92721000E-03
+5.91316000E-03
+6.08236000E-03
+5.94056000E-03
+6.02942000E-03
+6.06446000E-03
+6.00073000E-03
+6.09454000E-03
+5.96289000E-03
+6.13530000E-03
+6.08825000E-03
+6.06720000E-03
+6.01770000E-03
+6.05111000E-03
+6.07822000E-03
+6.11536000E-03
+6.11532000E-03
+5.91473000E-03
+5.96318000E-03
+6.11588000E-03
+6.00394000E-03
+6.05192000E-03
+6.04411000E-03
+5.96190000E-03
+5.91683000E-03
+6.00528000E-03
+6.13600000E-03
+5.94622000E-03
+6.10737000E-03
+6.10684000E-03
+6.08609000E-03
+5.97764000E-03
+6.09384000E-03
+5.90774000E-03
+5.94942000E-03
+6.13337000E-03
+6.09000000E-03
+6.07600000E-03
+5.96015000E-03
+5.96050000E-03
+6.07967000E-03
+5.93001000E-03
+6.11827000E-03
+5.96394000E-03
+6.11063000E-03
+6.00557000E-03
+5.95082000E-03
+5.99362000E-03
+5.99974000E-03
+5.91030000E-03
+5.96651000E-03
+6.09617000E-03
+6.12504000E-03
+6.08725000E-03
+6.07653000E-03
+6.12393000E-03
+6.12393000E-03
+5.95817000E-03
+6.04807000E-03
+5.95490000E-03
+6.02790000E-03
+6.11565000E-03
+5.96103000E-03
+6.12748000E-03
+6.00260000E-03
+5.84827000E-03
+5.93840000E-03
+6.06924000E-03
+5.93607000E-03
+6.10142000E-03
+6.08107000E-03
+5.92412000E-03
+6.11028000E-03
+5.99403000E-03
+5.91392000E-03
+6.05350000E-03
+5.92849000E-03
+6.04108000E-03
+6.12888000E-03
+5.94715000E-03
+5.92109000E-03
+6.11681000E-03
+6.00668000E-03
+5.98336000E-03
+6.13419000E-03
+6.05087000E-03
+5.95047000E-03
+5.96318000E-03
+5.86780000E-03
+6.11104000E-03
+6.02534000E-03
+5.94429000E-03
+6.04918000E-03
+5.88943000E-03
+6.10591000E-03
+5.95450000E-03
+6.02574000E-03
+5.97012000E-03
+5.96627000E-03
+6.09903000E-03
+6.12113000E-03
+6.01198000E-03
+6.07618000E-03
+5.90196000E-03
+6.13343000E-03
+6.13215000E-03
+5.91969000E-03
+6.01193000E-03
+6.03962000E-03
+6.11880000E-03
+6.01356000E-03
+5.92820000E-03
+6.13489000E-03
+6.08871000E-03
+5.97152000E-03
+6.07956000E-03
+6.02534000E-03
+5.97490000E-03
+6.02516000E-03
+5.95566000E-03
+6.10014000E-03
+5.95106000E-03
+6.01163000E-03
+6.13506000E-03
+5.93047000E-03
+5.91383000E-03
+6.14445000E-03
+6.01392000E-03
+6.13914000E-03
+5.90261000E-03
+6.12871000E-03
+5.98610000E-03
+5.89759000E-03
+6.12125000E-03
+5.97741000E-03
+6.13594000E-03
+5.98575000E-03
+5.89887000E-03
+5.93619000E-03
+6.06889000E-03
+5.99951000E-03
+6.12783000E-03
+5.93485000E-03
+6.04259000E-03
+5.95327000E-03
+5.96701000E-03
+6.05291000E-03
+5.95455000E-03
+5.94663000E-03
+6.09326000E-03
+5.90231000E-03
+6.00670000E-03
+6.10072000E-03
+5.96289000E-03
+5.84139000E-03
+6.17279000E-03
+6.09886000E-03
+5.97887000E-03
+6.04201000E-03
+5.97041000E-03
+5.96248000E-03
+5.91602000E-03
+5.99817000E-03
+5.92564000E-03
+6.15454000E-03
+5.96178000E-03
+6.14428000E-03
+5.99414000E-03
+6.09285000E-03
+6.15092000E-03
+5.96202000E-03
+6.06568000E-03
+6.00283000E-03
+6.14002000E-03
+6.09909000E-03
+5.89141000E-03
+6.06533000E-03
+6.04644000E-03
+6.01717000E-03
+6.08562000E-03
+6.01583000E-03
+5.90715000E-03
+5.96802000E-03
+6.01263000E-03
+6.11023000E-03
+5.99362000E-03
+6.10889000E-03
+5.93759000E-03
+6.05122000E-03
+5.95374000E-03
+6.00668000E-03
+6.02767000E-03
+6.07938000E-03
+5.95730000E-03
+5.95846000E-03
+6.00516000E-03
+6.01006000E-03
+6.13856000E-03
+6.10667000E-03
+5.99006000E-03
+5.97525000E-03
+6.03484000E-03
+6.08784000E-03
+5.93671000E-03
+6.13343000E-03
+6.01111000E-03
+6.10638000E-03
+5.99088000E-03
+6.08883000E-03
+6.03344000E-03
+6.08172000E-03
+5.97129000E-03
+6.12072000E-03
+6.06737000E-03
+5.96936000E-03
+5.99770000E-03
+5.92785000E-03
+6.09204000E-03
+6.15186000E-03
+6.00499000E-03
+5.98009000E-03
+6.07967000E-03
+5.90505000E-03
+6.00341000E-03
+5.96435000E-03
+6.11897000E-03
+5.96417000E-03
+5.96930000E-03
+6.04323000E-03
+6.01892000E-03
+6.00586000E-03
+6.09996000E-03
+5.98913000E-03
+6.09991000E-03
+5.97449000E-03
2021/08/28,23:14:33
