2021/08/28,17:44:24
-1.30000000E-08
-1.20000000E-08
-8.00000000E-09
-9.00000000E-09
-9.00000000E-09
-4.00000000E-09
-6.00000000E-09
-7.00000000E-09
-8.00000000E-09
-6.00000000E-09
-9.00000000E-09
-7.00000000E-09
-6.00000000E-09
-5.00000000E-09
-4.00000000E-09
-2.00000000E-09
+5.65084000E-03
+5.68405000E-03
+5.67735000E-03
+5.67403000E-03
+5.67134000E-03
+5.67456000E-03
+5.67085000E-03
+5.67650000E-03
+5.67669000E-03
+5.67249000E-03
+5.68030000E-03
+5.67523000E-03
+5.67942000E-03
+5.67387000E-03
+5.68501000E-03
+5.67396000E-03
+5.68694000E-03
+5.67235000E-03
+5.68116000E-03
+5.69370000E-03
+6.02878000E-03
+9.90000000E+37
+0.00000000E+00
+5.68816000E-03
+5.68549000E-03
+5.68055000E-03
+5.69281000E-03
+5.68576000E-03
+5.69091000E-03
+5.56118000E-03
+5.68350000E-03
+5.79609000E-03
+5.69053000E-03
+5.82325000E-03
+5.83083000E-03
+5.71842000E-03
+5.77760000E-03
+5.81422000E-03
+5.81987000E-03
+6.10999000E-03
+5.73475000E-03
+5.67784000E-03
+6.11775000E-03
+6.06143000E-03
+5.96674000E-03
+5.66630000E-03
+5.92931000E-03
+5.99181000E-03
+5.89654000E-03
+6.17593000E-03
+5.86558000E-03
+6.09174000E-03
+6.06790000E-03
+6.05338000E-03
+6.12859000E-03
+6.03985000E-03
+5.81468000E-03
+6.00843000E-03
+5.91199000E-03
+5.99956000E-03
+6.10714000E-03
+5.95537000E-03
+5.85229000E-03
+5.69778000E-03
+6.18783000E-03
+5.85678000E-03
+5.98551000E-03
+6.08562000E-03
+6.02918000E-03
+6.05565000E-03
+6.07746000E-03
+5.89304000E-03
+5.97315000E-03
+5.88377000E-03
+5.75929000E-03
+6.06673000E-03
+6.09874000E-03
+5.79119000E-03
+5.71096000E-03
+5.90406000E-03
+5.89613000E-03
+5.56728000E-03
+5.77037000E-03
+5.82570000E-03
+6.01781000E-03
+5.86243000E-03
+5.92045000E-03
+5.73935000E-03
+5.84599000E-03
+5.79970000E-03
+5.83264000E-03
+5.94558000E-03
+5.94558000E-03
+6.06941000E-03
+5.59884000E-03
+5.89264000E-03
+5.71562000E-03
+5.97980000E-03
+5.80279000E-03
+6.06959000E-03
+6.07355000E-03
+5.82984000E-03
+5.92400000E-03
+5.99158000E-03
+6.03087000E-03
+6.19751000E-03
+5.90418000E-03
+5.85853000E-03
+5.63691000E-03
+5.71259000E-03
+5.95420000E-03
+6.09215000E-03
+5.83229000E-03
+5.91059000E-03
+5.97694000E-03
+5.83445000E-03
+6.11705000E-03
+5.91001000E-03
+6.00091000E-03
+5.80786000E-03
+5.88424000E-03
+5.83987000E-03
+6.02347000E-03
+5.92581000E-03
+5.99840000E-03
+5.95059000E-03
+5.81369000E-03
+6.17559000E-03
+6.09950000E-03
+5.86383000E-03
+6.08300000E-03
+5.75183000E-03
+6.02096000E-03
+6.11093000E-03
+6.11944000E-03
+5.89269000E-03
+6.08574000E-03
+5.86786000E-03
+6.00283000E-03
+6.19961000E-03
+6.04049000E-03
+5.86652000E-03
+5.89351000E-03
+5.83258000E-03
+6.15063000E-03
+6.07845000E-03
+5.93071000E-03
+5.87637000E-03
+6.02213000E-03
+5.60566000E-03
+5.60939000E-03
+5.86786000E-03
+5.83695000E-03
+6.08889000E-03
+6.18765000E-03
+6.07542000E-03
+5.74472000E-03
+6.24584000E-03
+6.00965000E-03
+5.81538000E-03
+5.87182000E-03
+5.95584000E-03
+5.85095000E-03
+6.15296000E-03
+6.13874000E-03
+5.87742000E-03
+5.94622000E-03
+6.05659000E-03
+5.84010000E-03
+5.87019000E-03
+5.92569000E-03
+6.02493000E-03
+5.80547000E-03
+5.88955000E-03
+5.68717000E-03
+5.90558000E-03
+5.64193000E-03
+5.85089000E-03
+6.17850000E-03
+5.86914000E-03
+6.09868000E-03
+5.74909000E-03
+6.22112000E-03
+6.14871000E-03
+5.85013000E-03
+6.17104000E-03
+5.89199000E-03
+5.62333000E-03
+6.07443000E-03
+5.85561000E-03
+6.04458000E-03
+6.10253000E-03
+5.94593000E-03
+5.99805000E-03
+6.29132000E-03
+6.18468000E-03
+6.12888000E-03
+5.87882000E-03
+5.86920000E-03
+6.03740000E-03
+5.99298000E-03
+5.67948000E-03
+6.15448000E-03
+5.82903000E-03
+6.16777000E-03
+6.10463000E-03
+6.13693000E-03
+5.95123000E-03
+6.18066000E-03
+6.06626000E-03
+6.20299000E-03
+5.70933000E-03
+6.05886000E-03
+6.03490000E-03
+6.15326000E-03
+6.16445000E-03
+6.18346000E-03
+6.17110000E-03
+5.99578000E-03
+6.16946000E-03
+6.15069000E-03
+6.17261000E-03
+5.83865000E-03
+6.22794000E-03
+6.06912000E-03
+6.13244000E-03
+6.09827000E-03
+5.94900000E-03
+5.66566000E-03
+6.14690000E-03
+6.14987000E-03
+5.86844000E-03
+6.09472000E-03
+6.14404000E-03
+5.71527000E-03
+5.71829000E-03
+5.70810000E-03
+6.13215000E-03
+6.10084000E-03
+6.20334000E-03
+6.23482000E-03
+6.21436000E-03
+5.91654000E-03
+6.15669000E-03
+5.81462000E-03
+6.12813000E-03
+6.08317000E-03
+5.70023000E-03
+6.17465000E-03
+5.88855000E-03
+6.09069000E-03
+6.17372000E-03
+5.93152000E-03
+5.98575000E-03
+5.98738000E-03
+6.09343000E-03
+5.94826000E-03
+5.94342000E-03
+5.77025000E-03
+5.74618000E-03
+6.17838000E-03
+5.97344000E-03
+6.14614000E-03
+6.12643000E-03
+6.13122000E-03
+6.16439000E-03
+6.15500000E-03
+5.87923000E-03
+6.00866000E-03
+5.75580000E-03
+6.13815000E-03
+5.81632000E-03
+6.01111000E-03
+6.06061000E-03
+6.05286000E-03
+6.19827000E-03
+5.85765000E-03
+6.03939000E-03
+6.16929000E-03
+6.18217000E-03
+5.88092000E-03
+5.73352000E-03
+6.13460000E-03
+6.13973000E-03
+6.23500000E-03
+6.15945000E-03
+5.75597000E-03
+5.84640000E-03
+5.94511000E-03
+6.09839000E-03
+6.00639000E-03
+6.00382000E-03
+6.11781000E-03
+6.03449000E-03
+6.23581000E-03
+5.99729000E-03
+5.87374000E-03
+6.06358000E-03
+6.15203000E-03
+5.87707000E-03
+5.96009000E-03
+6.04189000E-03
+5.98540000E-03
+5.86389000E-03
+5.63266000E-03
+5.99420000E-03
+6.05962000E-03
+5.66610000E-03
+6.20370000E-03
+5.84331000E-03
+5.63960000E-03
+5.80745000E-03
+5.95129000E-03
+6.07268000E-03
+5.78285000E-03
+5.81381000E-03
+6.20025000E-03
+6.05023000E-03
+5.62286000E-03
+6.17547000E-03
+5.94103000E-03
+5.86780000E-03
+6.17669000E-03
+6.16812000E-03
+5.89992000E-03
+5.87019000E-03
+5.78512000E-03
+6.07833000E-03
+5.91205000E-03
+6.07886000E-03
+5.90500000E-03
+6.07571000E-03
+6.08848000E-03
+6.08411000E-03
+6.18416000E-03
+5.88494000E-03
+6.06335000E-03
+5.85841000E-03
+6.00079000E-03
+6.15769000E-03
+5.83672000E-03
+6.15664000E-03
+5.87025000E-03
+6.14865000E-03
+6.03688000E-03
+6.14212000E-03
+5.95304000E-03
+5.80174000E-03
+5.96831000E-03
+6.19885000E-03
+5.72155000E-03
+5.98371000E-03
+6.12375000E-03
+6.12713000E-03
+6.07221000E-03
+5.85182000E-03
+5.97863000E-03
+6.14159000E-03
+5.78267000E-03
+5.83299000E-03
+6.04807000E-03
+6.12410000E-03
+6.07186000E-03
+5.98102000E-03
+5.83212000E-03
+6.16142000E-03
+6.02895000E-03
+5.77964000E-03
+5.96487000E-03
+6.22240000E-03
+6.21739000E-03
+5.73399000E-03
+5.98470000E-03
+6.10807000E-03
+5.72140000E-03
+6.24188000E-03
+6.20789000E-03
+6.05857000E-03
+6.21634000E-03
+6.05303000E-03
+5.88943000E-03
+6.06930000E-03
+5.92109000E-03
+6.01671000E-03
+6.46349000E-03
+6.05216000E-03
+5.95397000E-03
+5.87200000E-03
+6.12095000E-03
+5.80320000E-03
+5.90634000E-03
+5.67569000E-03
+5.89229000E-03
+6.13763000E-03
+6.23721000E-03
+5.88337000E-03
+6.15681000E-03
+6.03962000E-03
+5.84005000E-03
+5.87538000E-03
+5.86203000E-03
+5.93893000E-03
+5.91771000E-03
+5.83999000E-03
+5.87701000E-03
+6.20525000E-03
+5.71825000E-03
+6.09460000E-03
+5.98808000E-03
+6.05396000E-03
+5.78318000E-03
+6.19931000E-03
+6.13477000E-03
+6.00137000E-03
+6.14136000E-03
+6.20363000E-03
+6.01531000E-03
+5.89345000E-03
+5.81241000E-03
+5.68105000E-03
+6.01507000E-03
+6.24800000E-03
+6.16492000E-03
+5.81142000E-03
+6.18165000E-03
+6.03834000E-03
+5.82477000E-03
+6.17553000E-03
+6.08947000E-03
+6.13133000E-03
+6.17127000E-03
+5.90056000E-03
+6.18270000E-03
+6.02872000E-03
+6.01717000E-03
+5.90861000E-03
+5.98132000E-03
+6.34315000E-03
+5.97572000E-03
+5.97700000E-03
+6.00009000E-03
+6.11955000E-03
+6.13874000E-03
+5.86582000E-03
+6.17302000E-03
+6.05227000E-03
+6.06475000E-03
+6.16847000E-03
+6.01660000E-03
+6.11950000E-03
+5.99956000E-03
+5.90540000E-03
+6.12200000E-03
+5.91432000E-03
+5.79107000E-03
+5.77020000E-03
+5.88261000E-03
+6.19448000E-03
+6.08562000E-03
+5.87940000E-03
+6.16118000E-03
+5.83095000E-03
+5.90645000E-03
+6.24625000E-03
+6.06784000E-03
+5.87678000E-03
+6.29633000E-03
+5.72046000E-03
+6.18077000E-03
+6.09810000E-03
+5.70105000E-03
+6.09174000E-03
+5.99560000E-03
+6.24882000E-03
+6.09297000E-03
+6.06411000E-03
+6.19821000E-03
+6.09134000E-03
+6.10778000E-03
+6.03700000E-03
+5.94646000E-03
+5.99123000E-03
+6.19232000E-03
+6.23051000E-03
+5.87905000E-03
+6.14259000E-03
+5.83130000E-03
+6.02948000E-03
+6.04283000E-03
+6.30146000E-03
+6.10183000E-03
+5.89771000E-03
+5.82751000E-03
+5.88232000E-03
+5.89608000E-03
+5.79987000E-03
+6.02464000E-03
+5.74845000E-03
+6.14014000E-03
+6.14119000E-03
+5.92704000E-03
+6.05530000E-03
+5.92908000E-03
+5.91007000E-03
+6.00592000E-03
+6.01437000E-03
+5.98773000E-03
+6.12696000E-03
+6.39819000E-03
+5.93071000E-03
+5.69837000E-03
+6.17873000E-03
+6.06393000E-03
+5.95176000E-03
+5.87380000E-03
+6.25855000E-03
+6.23208000E-03
+5.90418000E-03
+5.94546000E-03
+5.92453000E-03
+6.01362000E-03
+5.97391000E-03
+5.92843000E-03
+6.16579000E-03
+6.00755000E-03
+6.15290000E-03
+5.83859000E-03
+5.85905000E-03
+5.65336000E-03
+6.00446000E-03
+6.21780000E-03
+5.87374000E-03
+6.08854000E-03
+5.93129000E-03
+6.09058000E-03
+6.16095000E-03
+5.95502000E-03
+5.91893000E-03
+6.04930000E-03
+6.05610000E-03
+6.34228000E-03
+5.87981000E-03
+6.17640000E-03
+5.85701000E-03
+6.15547000E-03
+6.05169000E-03
+6.24333000E-03
+5.99525000E-03
+6.03781000E-03
+6.20759000E-03
+6.08615000E-03
+5.99251000E-03
+6.10282000E-03
+6.16958000E-03
+5.71912000E-03
+5.73236000E-03
+5.55972000E-03
+5.99467000E-03
+6.00738000E-03
+5.79702000E-03
+5.93666000E-03
+6.14346000E-03
+5.89415000E-03
+6.21127000E-03
+6.15588000E-03
+6.10276000E-03
+6.16806000E-03
+5.86768000E-03
+6.25680000E-03
+6.01076000E-03
+5.87649000E-03
+6.10101000E-03
+6.19745000E-03
+6.20964000E-03
+5.96726000E-03
+6.14579000E-03
+6.22258000E-03
+6.24135000E-03
+6.27091000E-03
+6.18340000E-03
+6.03752000E-03
+5.99414000E-03
+6.01589000E-03
+5.87444000E-03
+5.82518000E-03
+5.86564000E-03
+5.94505000E-03
+6.22200000E-03
+6.27336000E-03
+5.86587000E-03
+5.90389000E-03
+5.86377000E-03
+5.90307000E-03
+6.21424000E-03
+6.18311000E-03
+6.06213000E-03
+6.22934000E-03
+5.83392000E-03
+5.77865000E-03
+5.97001000E-03
+5.87806000E-03
+5.93287000E-03
+5.74921000E-03
+6.17564000E-03
+5.94103000E-03
+5.94138000E-03
+6.13866000E-03
+6.10841000E-03
+6.25949000E-03
+6.37621000E-03
+6.02166000E-03
+6.17821000E-03
+6.14474000E-03
+6.19966000E-03
+5.87398000E-03
+5.91975000E-03
+6.16136000E-03
+6.12264000E-03
+6.21395000E-03
+5.87998000E-03
+6.20783000E-03
+6.22701000E-03
+6.05181000E-03
+5.64257000E-03
+6.23978000E-03
+6.05303000E-03
+6.15553000E-03
+6.21232000E-03
+5.85136000E-03
+6.03974000E-03
+6.08941000E-03
+6.20480000E-03
+6.00021000E-03
+6.21681000E-03
+6.21412000E-03
+6.21657000E-03
+5.86867000E-03
+6.24642000E-03
+5.80017000E-03
+5.98202000E-03
+5.97696000E-03
+6.09314000E-03
+5.79544000E-03
+6.12451000E-03
+6.19436000E-03
+5.93566000E-03
+6.01309000E-03
+5.99187000E-03
+5.92569000E-03
+5.99733000E-03
+6.06906000E-03
+6.13559000E-03
+6.08131000E-03
+5.72571000E-03
+6.00878000E-03
+5.86115000E-03
+6.09128000E-03
+5.78069000E-03
+6.22304000E-03
+5.91362000E-03
+6.18882000E-03
+6.13547000E-03
+5.96382000E-03
+5.99677000E-03
+6.25240000E-03
+6.00056000E-03
+6.33581000E-03
+6.21477000E-03
+5.92633000E-03
+6.06411000E-03
+6.07728000E-03
+6.08516000E-03
+5.94534000E-03
+6.07536000E-03
+6.01298000E-03
+5.78547000E-03
+5.98820000E-03
+6.09629000E-03
+5.98814000E-03
+6.15611000E-03
+6.24194000E-03
+6.08288000E-03
+5.70874000E-03
+6.22963000E-03
+6.25494000E-03
+5.92062000E-03
+6.21430000E-03
+5.94219000E-03
+6.16504000E-03
+5.87374000E-03
+6.02942000E-03
+6.13186000E-03
+6.18812000E-03
+6.39283000E-03
+6.20031000E-03
+6.00534000E-03
+5.98732000E-03
+6.24823000E-03
+6.07559000E-03
+5.67708000E-03
+6.20870000E-03
+5.90336000E-03
+6.20800000E-03
+6.01000000E-03
+6.24946000E-03
+6.06947000E-03
+6.06411000E-03
+6.06662000E-03
+5.92919000E-03
+6.00650000E-03
+6.07612000E-03
+6.15290000E-03
+5.91263000E-03
+6.20299000E-03
+6.22905000E-03
+6.23698000E-03
+6.21327000E-03
+6.03950000E-03
+5.91217000E-03
+6.02086000E-03
+6.13092000E-03
+6.00475000E-03
+5.83631000E-03
+5.69428000E-03
+5.80856000E-03
+5.97056000E-03
+6.07210000E-03
+6.04102000E-03
+6.10574000E-03
+5.89345000E-03
+6.09967000E-03
+6.05612000E-03
+5.86902000E-03
+6.16871000E-03
+6.06440000E-03
+6.08277000E-03
+5.97228000E-03
+6.17471000E-03
+6.10364000E-03
+6.18474000E-03
+6.17051000E-03
+5.97665000E-03
+5.91736000E-03
+5.84996000E-03
+5.80331000E-03
+5.85509000E-03
+6.01991000E-03
+6.23132000E-03
+6.19494000E-03
+5.81188000E-03
+6.17319000E-03
+6.05163000E-03
+5.94954000E-03
+6.20171000E-03
+5.95211000E-03
+6.00580000E-03
+6.18969000E-03
+6.09507000E-03
+5.92569000E-03
+6.12515000E-03
+5.82372000E-03
+6.19337000E-03
+6.19045000E-03
+5.92260000E-03
+6.06970000E-03
+5.96103000E-03
+6.26555000E-03
+6.10702000E-03
+6.14906000E-03
+6.17844000E-03
+6.01332000E-03
+6.03682000E-03
+6.27196000E-03
+6.23581000E-03
+5.95654000E-03
+5.97910000E-03
+6.00108000E-03
+5.80722000E-03
+5.76367000E-03
+5.78915000E-03
+6.18247000E-03
+6.26858000E-03
+6.00400000E-03
+5.90278000E-03
+5.91497000E-03
+6.27354000E-03
+5.98237000E-03
+6.08446000E-03
+5.56899000E-03
+5.84972000E-03
+6.15331000E-03
+5.82938000E-03
+6.07565000E-03
+6.11268000E-03
+5.73737000E-03
+6.10166000E-03
+5.92849000E-03
+6.26858000E-03
+5.86751000E-03
+5.95146000E-03
+6.11751000E-03
+5.95764000E-03
+6.09833000E-03
+5.89013000E-03
+5.88622000E-03
+6.20293000E-03
+5.96097000E-03
+5.87065000E-03
+5.88401000E-03
+6.15862000E-03
+6.25610000E-03
+6.17220000E-03
+6.16731000E-03
+6.24275000E-03
+6.27015000E-03
+5.96038000E-03
+6.18042000E-03
+5.90756000E-03
+5.82827000E-03
+5.91153000E-03
+6.31756000E-03
+5.94365000E-03
+6.26549000E-03
+6.32065000E-03
+6.14101000E-03
+5.88611000E-03
+5.91706000E-03
+5.86704000E-03
+6.08195000E-03
+6.16620000E-03
+6.19920000E-03
+5.93321000E-03
+5.68035000E-03
+5.89036000E-03
+6.11577000E-03
+6.09104000E-03
+5.70087000E-03
+5.82803000E-03
+6.01432000E-03
+6.10591000E-03
+6.01257000E-03
+5.87853000E-03
+6.02219000E-03
+5.86821000E-03
+6.17605000E-03
+6.07833000E-03
+5.76373000E-03
+6.23576000E-03
+6.28042000E-03
+6.06358000E-03
+6.22479000E-03
+5.94907000E-03
+6.23412000E-03
+5.89625000E-03
+6.09011000E-03
+5.87398000E-03
+5.84943000E-03
+5.98242000E-03
+6.39557000E-03
+6.22322000E-03
+6.00341000E-03
+5.76578000E-03
+5.76944000E-03
+5.76576000E-03
+5.76244000E-03
+5.76337000E-03
+5.76326000E-03
+5.76786000E-03
+5.76674000E-03
+5.76565000E-03
+5.76170000E-03
+5.76343000E-03
+5.77187000E-03
+5.77346000E-03
+5.77802000E-03
+5.77166000E-03
+5.77219000E-03
+5.76543000E-03
+5.77339000E-03
+5.75553000E-03
+5.77582000E-03
+5.77350000E-03
+5.77346000E-03
+5.77673000E-03
+5.76600000E-03
+5.77049000E-03
+5.77057000E-03
+5.77574000E-03
+5.77661000E-03
+5.76696000E-03
+5.76538000E-03
+5.77363000E-03
+5.76978000E-03
+5.77014000E-03
+5.77169000E-03
+5.76738000E-03
+5.77405000E-03
+5.76554000E-03
+5.77972000E-03
+5.77388000E-03
+5.77244000E-03
+5.78227000E-03
+5.77842000E-03
+5.76680000E-03
+5.76832000E-03
+5.77638000E-03
+5.76831000E-03
+5.77277000E-03
+5.77262000E-03
+5.76868000E-03
+5.77154000E-03
+5.77190000E-03
+5.77658000E-03
+5.76964000E-03
+5.76801000E-03
+5.77737000E-03
+5.77245000E-03
+5.76898000E-03
+5.77528000E-03
+5.76698000E-03
+5.77607000E-03
+5.76950000E-03
+5.77877000E-03
+5.76681000E-03
+5.76661000E-03
+5.76746000E-03
+5.77041000E-03
+5.77638000E-03
+5.77195000E-03
+5.78273000E-03
+5.78265000E-03
+5.77542000E-03
+5.77618000E-03
+5.77740000E-03
+5.76641000E-03
+5.78098000E-03
+5.76840000E-03
+5.77924000E-03
+5.76926000E-03
+5.77113000E-03
+5.77658000E-03
+5.78005000E-03
+5.77885000E-03
+5.77051000E-03
+5.78693000E-03
+5.77079000E-03
+5.77152000E-03
+5.77394000E-03
+5.78308000E-03
+5.77672000E-03
+5.76937000E-03
+5.77565000E-03
+5.76939000E-03
+5.77234000E-03
+5.77236000E-03
+5.77609000E-03
+5.76903000E-03
+5.78081000E-03
+5.78525000E-03
+5.78036000E-03
+5.77292000E-03
+5.77134000E-03
+5.77904000E-03
+5.77926000E-03
+5.78244000E-03
+5.77340000E-03
+5.77312000E-03
+5.78521000E-03
+5.78083000E-03
+5.77909000E-03
+5.77988000E-03
+5.78382000E-03
+5.77299000E-03
+5.77751000E-03
+5.77768000E-03
+5.77230000E-03
+5.77462000E-03
+5.77457000E-03
+5.77204000E-03
+5.78227000E-03
+5.77364000E-03
+5.77445000E-03
+5.78297000E-03
+5.78469000E-03
+5.78463000E-03
+5.77265000E-03
+5.78105000E-03
+5.77842000E-03
+5.78218000E-03
+5.79224000E-03
+5.77958000E-03
+5.78036000E-03
+5.79038000E-03
+5.78777000E-03
+5.79109000E-03
+5.78142000E-03
+5.77754000E-03
+5.79075000E-03
+5.79501000E-03
+5.78866000E-03
+5.79035000E-03
+5.80064000E-03
+5.79268000E-03
+5.79480000E-03
+5.79651000E-03
+5.79640000E-03
+5.78930000E-03
+5.78975000E-03
+5.79223000E-03
+5.79158000E-03
+5.78536000E-03
+5.78288000E-03
+5.78652000E-03
+5.78967000E-03
+5.78478000E-03
+5.78236000E-03
+5.78603000E-03
+5.78604000E-03
+5.78579000E-03
+5.77655000E-03
+5.77694000E-03
+5.78838000E-03
+5.78331000E-03
+5.78058000E-03
+5.78107000E-03
+5.78102000E-03
+5.78134000E-03
+5.78115000E-03
+5.78025000E-03
+5.77802000E-03
+5.77877000E-03
+5.78565000E-03
+5.77781000E-03
+5.77695000E-03
+5.77753000E-03
+5.78004000E-03
+5.78512000E-03
+5.78291000E-03
+5.78292000E-03
+5.77921000E-03
+5.78440000E-03
+5.77605000E-03
+5.77661000E-03
+5.78483000E-03
+5.77562000E-03
+5.78110000E-03
+5.77550000E-03
+5.78536000E-03
+5.78695000E-03
+5.78350000E-03
+5.78353000E-03
+5.78334000E-03
+5.78764000E-03
+5.77760000E-03
+5.78409000E-03
+5.77634000E-03
+5.78671000E-03
+5.78308000E-03
+5.78302000E-03
+5.78310000E-03
+5.78792000E-03
+5.77621000E-03
+5.77950000E-03
+5.77632000E-03
+5.77697000E-03
+5.78785000E-03
+5.78461000E-03
+5.78404000E-03
+5.78512000E-03
+5.79410000E-03
+5.78616000E-03
+5.79182000E-03
+5.79759000E-03
+5.78406000E-03
+5.78483000E-03
+5.78809000E-03
+5.78747000E-03
+5.78892000E-03
+5.78664000E-03
+5.77585000E-03
+5.78059000E-03
+5.78428000E-03
+5.78054000E-03
+5.79025000E-03
+5.77909000E-03
+5.78449000E-03
+5.78528000E-03
+5.78413000E-03
+5.77949000E-03
+5.77851000E-03
+5.78705000E-03
+5.78454000E-03
+5.77868000E-03
+5.78632000E-03
+5.78394000E-03
+5.78552000E-03
+5.78535000E-03
+5.78399000E-03
+5.77786000E-03
+5.77628000E-03
+5.77603000E-03
+5.78562000E-03
+5.80057000E-03
+5.77754000E-03
+5.79066000E-03
+5.77629000E-03
+5.77601000E-03
+5.78394000E-03
+5.77480000E-03
+5.78631000E-03
+5.78468000E-03
+5.78496000E-03
+5.77984000E-03
+5.78827000E-03
+5.78822000E-03
+5.77814000E-03
+5.79853000E-03
+5.78814000E-03
+5.78937000E-03
+5.79415000E-03
+5.79066000E-03
+5.78040000E-03
+5.78285000E-03
+5.77983000E-03
+5.77974000E-03
+5.77550000E-03
+5.77816000E-03
+5.79332000E-03
+5.78579000E-03
+5.79066000E-03
+5.78484000E-03
+5.78541000E-03
+5.78496000E-03
+5.78450000E-03
+5.77794000E-03
+5.78459000E-03
+5.78494000E-03
+5.78379000E-03
+5.78581000E-03
+5.78444000E-03
+5.78200000E-03
+5.78128000E-03
+5.78606000E-03
+5.78644000E-03
+5.78036000E-03
+5.78683000E-03
+5.77871000E-03
+5.78532000E-03
+5.78463000E-03
+5.77705000E-03
+5.78219000E-03
+5.77655000E-03
+5.77684000E-03
+5.78984000E-03
+5.78258000E-03
+5.78996000E-03
+5.78532000E-03
+5.78682000E-03
+5.77912000E-03
+5.78104000E-03
+5.77763000E-03
+5.78647000E-03
+5.80459000E-03
+5.78904000E-03
+5.79884000E-03
+5.79812000E-03
+5.79987000E-03
+5.79754000E-03
+5.78237000E-03
+5.78836000E-03
+5.78839000E-03
+5.77859000E-03
+5.77989000E-03
+5.78755000E-03
+5.78850000E-03
+5.79243000E-03
+5.78316000E-03
+5.78904000E-03
+5.78516000E-03
+5.78521000E-03
+5.78522000E-03
+5.77638000E-03
+5.78444000E-03
+5.80126000E-03
+5.78840000E-03
+5.79276000E-03
+5.78046000E-03
+5.78956000E-03
+5.78740000E-03
+5.77912000E-03
+5.77820000E-03
+5.79103000E-03
+5.78710000E-03
+5.78985000E-03
+5.78328000E-03
+5.78926000E-03
+5.78999000E-03
+5.78534000E-03
+5.79070000E-03
+5.78729000E-03
+5.78726000E-03
+5.78973000E-03
+5.78069000E-03
+5.78834000E-03
+5.78290000E-03
+5.78242000E-03
+5.78319000E-03
+5.78849000E-03
+5.78506000E-03
+5.78506000E-03
+5.78929000E-03
+5.78637000E-03
+5.79154000E-03
+5.79282000E-03
+5.79065000E-03
+5.78153000E-03
+5.79381000E-03
+5.78601000E-03
+5.79190000E-03
+5.78772000E-03
+5.79538000E-03
+5.79218000E-03
+5.78510000E-03
+5.78753000E-03
+5.78797000E-03
+5.79276000E-03
+5.78436000E-03
+5.79439000E-03
+5.78148000E-03
+5.78672000E-03
+5.78486000E-03
+5.79110000E-03
+5.79731000E-03
+5.78600000E-03
+5.79138000E-03
+5.79135000E-03
+5.79113000E-03
+5.79289000E-03
+5.78973000E-03
+5.79040000E-03
+5.80022000E-03
+5.79036000E-03
+5.78924000E-03
+5.78788000E-03
+5.78796000E-03
+5.79113000E-03
+5.79538000E-03
+5.78483000E-03
+5.80420000E-03
+5.79206000E-03
+5.79343000E-03
+5.78367000E-03
2021/08/28,18:16:24
