2021/08/28,14:24:15
-9.00000000E-09
-1.00000000E-08
-8.00000000E-09
-9.00000000E-09
-9.00000000E-09
-1.00000000E-08
-1.00000000E-08
-8.00000000E-09
-6.00000000E-09
-3.00000000E-09
+0.00000000E+00
+6.06135000E-03
+6.07495000E-03
+6.09622000E-03
+6.11664000E-03
+6.10679000E-03
+6.09023000E-03
+6.05759000E-03
+6.05829000E-03
+6.05829000E-03
+6.07122000E-03
+6.05746000E-03
+6.06490000E-03
+6.06025000E-03
+6.06200000E-03
+6.06915000E-03
+6.07419000E-03
+6.11400000E-03
+6.07466000E-03
+6.09005000E-03
+6.08188000E-03
+6.08865000E-03
+6.17891000E-03
+6.08720000E-03
+6.14865000E-03
+6.10509000E-03
+6.39784000E-03
+6.27109000E-03
+6.11792000E-03
+6.21051000E-03
+6.17792000E-03
+6.12527000E-03
+6.11874000E-03
+6.14515000E-03
+6.38373000E-03
+6.35570000E-03
+6.12622000E-03
+6.38738000E-03
+6.19430000E-03
+6.10171000E-03
+6.09693000E-03
+6.17833000E-03
+6.13419000E-03
+6.03740000E-03
+6.16299000E-03
+6.15062000E-03
+6.16836000E-03
+6.16923000E-03
+6.09740000E-03
+0.00000000E+00
+5.67520000E-03
+5.69380000E-03
+5.62530000E-03
+5.80310000E-03
+5.75040000E-03
+5.68600000E-03
+5.86220000E-03
+5.70680000E-03
+5.70480000E-03
+5.70520000E-03
+5.68910000E-03
+5.65300000E-03
+5.59030000E-03
+5.72280000E-03
+5.88760000E-03
+5.63950000E-03
+5.70220000E-03
+5.86330000E-03
+5.88490000E-03
+5.68040000E-03
+5.64080000E-03
+5.64160000E-03
+5.64910000E-03
+5.69100000E-03
+5.70930000E-03
+5.89380000E-03
+5.70900000E-03
+5.86070000E-03
+5.87410000E-03
+5.97560000E-03
+5.97460000E-03
+5.82390000E-03
+5.69690000E-03
+5.71150000E-03
+5.68820000E-03
+5.71520000E-03
+5.66540000E-03
+5.82440000E-03
+5.69300000E-03
+5.71330000E-03
+5.89070000E-03
+5.68900000E-03
+5.87310000E-03
+5.71990000E-03
+5.71510000E-03
+5.71930000E-03
+5.94300000E-03
+5.63640000E-03
+5.87520000E-03
+5.70570000E-03
+5.71500000E-03
+5.84940000E-03
+5.71200000E-03
+5.75600000E-03
+5.76430000E-03
+5.70740000E-03
+5.88240000E-03
+5.80320000E-03
+5.91450000E-03
+5.72090000E-03
+5.80520000E-03
+5.69130000E-03
+5.67530000E-03
+5.66740000E-03
+5.72340000E-03
+5.71660000E-03
+5.94200000E-03
+5.72420000E-03
+5.81300000E-03
+5.71940000E-03
+5.80160000E-03
+5.98810000E-03
+5.84720000E-03
+5.72550000E-03
+5.72540000E-03
+5.71550000E-03
+5.67840000E-03
+5.99900000E-03
+5.66440000E-03
+5.98240000E-03
+5.73010000E-03
+5.88140000E-03
+5.73900000E-03
+5.94150000E-03
+5.77310000E-03
+5.96840000E-03
+5.84050000E-03
+5.73790000E-03
+5.74290000E-03
+5.73170000E-03
+5.76280000E-03
+5.71230000E-03
+5.69800000E-03
+5.74050000E-03
+5.68820000E-03
+5.62550000E-03
+5.78450000E-03
+5.62860000E-03
+5.95770000E-03
+5.90830000E-03
+5.74240000E-03
+5.90420000E-03
+5.75220000E-03
+5.90050000E-03
+5.67630000E-03
+5.74680000E-03
+5.76810000E-03
+5.94770000E-03
+5.75430000E-03
+5.67810000E-03
+5.92700000E-03
+5.99170000E-03
+5.92490000E-03
+5.73460000E-03
+5.75800000E-03
+5.74620000E-03
+5.75210000E-03
+5.69050000E-03
+5.75400000E-03
+5.98030000E-03
+5.65190000E-03
+5.96230000E-03
+5.75190000E-03
+5.73070000E-03
+5.75800000E-03
+5.66700000E-03
+5.90620000E-03
+5.75350000E-03
+5.68660000E-03
+5.76330000E-03
+5.76480000E-03
+5.75070000E-03
+5.74980000E-03
+5.75100000E-03
+5.77110000E-03
+5.85290000E-03
+5.74180000E-03
+5.79640000E-03
+5.94660000E-03
+5.84770000E-03
+5.98500000E-03
+5.75970000E-03
+5.75030000E-03
+5.95490000E-03
+5.75660000E-03
+5.69390000E-03
+5.74670000E-03
+5.95230000E-03
+5.69030000E-03
+5.74970000E-03
+5.80160000E-03
+6.02740000E-03
+5.92490000E-03
+5.75350000E-03
+5.75290000E-03
+5.75400000E-03
+5.89120000E-03
+5.70680000E-03
+5.75810000E-03
+5.91040000E-03
+5.77710000E-03
+5.79540000E-03
+5.79450000E-03
+5.76070000E-03
+5.97410000E-03
+5.76060000E-03
+5.74680000E-03
+5.76260000E-03
+5.76520000E-03
+5.76740000E-03
+5.96680000E-03
+5.76480000E-03
+5.91300000E-03
+5.77300000E-03
+6.04570000E-03
+5.77830000E-03
+5.77210000E-03
+5.76850000E-03
+5.77150000E-03
+5.77250000E-03
+5.94560000E-03
+5.78300000E-03
+5.77830000E-03
+6.06010000E-03
+5.79130000E-03
+5.90160000E-03
+5.77660000E-03
+5.77780000E-03
+5.79690000E-03
+5.78520000E-03
+5.94090000E-03
+5.68980000E-03
+5.69540000E-03
+5.78870000E-03
+5.79540000E-03
+5.80730000E-03
+5.68610000E-03
+6.01190000E-03
+5.85480000E-03
+5.80480000E-03
+5.81650000E-03
+5.81370000E-03
+5.81250000E-03
+5.81660000E-03
+6.00830000E-03
+5.76120000E-03
+5.72240000E-03
+5.86950000E-03
+5.99270000E-03
+5.73180000E-03
+6.10240000E-03
+5.82620000E-03
+5.81460000E-03
+5.97460000E-03
+5.82780000E-03
+5.94090000E-03
+5.98650000E-03
+5.84290000E-03
+5.78400000E-03
+5.77000000E-03
+5.80320000E-03
+5.79450000E-03
+5.78870000E-03
+5.79530000E-03
+5.80800000E-03
+6.01240000E-03
+6.01150000E-03
+5.87310000E-03
+5.95080000E-03
+5.82900000E-03
+6.03410000E-03
+5.91690000E-03
+5.91300000E-03
+5.96780000E-03
+5.97620000E-03
+5.80320000E-03
+5.94720000E-03
+5.75710000E-03
+6.09060000E-03
+5.68770000E-03
+5.76640000E-03
+5.79030000E-03
+5.99110000E-03
+5.81740000E-03
+5.80940000E-03
+5.80520000E-03
+6.09890000E-03
+5.92180000E-03
+5.73190000E-03
+5.96530000E-03
+5.96630000E-03
+5.68820000E-03
+5.96270000E-03
+5.92480000E-03
+5.93110000E-03
+6.03000000E-03
+5.92640000E-03
+5.79800000E-03
+6.05280000E-03
+6.03770000E-03
+6.08700000E-03
+5.81290000E-03
+6.01700000E-03
+6.00520000E-03
+5.70840000E-03
+5.81910000E-03
+6.01860000E-03
+5.72600000E-03
+6.00210000E-03
+6.18700000E-03
+5.80680000E-03
+5.80820000E-03
+5.80110000E-03
+5.80150000E-03
+5.81120000E-03
+5.81580000E-03
+5.81510000E-03
+5.82470000E-03
+5.76020000E-03
+5.92040000E-03
+5.94870000E-03
+5.82650000E-03
+6.03310000E-03
+5.96220000E-03
+5.80950000E-03
+5.88320000E-03
+5.82770000E-03
+6.03730000E-03
+5.81380000E-03
+5.81720000E-03
+6.00880000E-03
+5.81890000E-03
+5.97580000E-03
+6.00570000E-03
+5.94560000E-03
+6.05320000E-03
+5.77370000E-03
+5.96520000E-03
+5.82200000E-03
+5.98130000E-03
+5.82440000E-03
+5.83010000E-03
+5.84870000E-03
+5.86170000E-03
+5.77880000E-03
+5.81740000E-03
+5.95440000E-03
+6.09370000E-03
+5.80180000E-03
+5.86010000E-03
+5.89930000E-03
+5.70790000E-03
+5.79040000E-03
+6.10140000E-03
+5.81550000E-03
+5.81770000E-03
+5.92890000E-03
+5.77430000E-03
+5.81920000E-03
+5.75780000E-03
+5.82490000E-03
+5.83000000E-03
+5.82330000E-03
+5.79330000E-03
+5.82400000E-03
+5.80460000E-03
+5.81350000E-03
+5.81830000E-03
+5.77780000E-03
+5.83510000E-03
+5.81250000E-03
+5.75090000E-03
+5.93280000E-03
+5.81300000E-03
+5.96310000E-03
+5.81360000E-03
+5.91600000E-03
+5.79200000E-03
+5.89740000E-03
+5.72380000E-03
+5.80830000E-03
+5.95540000E-03
+5.80680000E-03
+5.98810000E-03
+5.82340000E-03
+6.01400000E-03
+5.83110000E-03
+6.07300000E-03
+5.84930000E-03
+5.97330000E-03
+5.83270000E-03
+5.88450000E-03
+5.80940000E-03
+5.79180000E-03
+5.80890000E-03
+5.81160000E-03
+6.01710000E-03
+5.80270000E-03
+5.81790000E-03
+5.80500000E-03
+5.75240000E-03
+5.92850000E-03
+5.85450000E-03
+5.80780000E-03
+5.80470000E-03
+5.99010000E-03
+5.86530000E-03
+5.81700000E-03
+5.69440000E-03
+5.90780000E-03
+5.82080000E-03
+5.80770000E-03
+5.94420000E-03
+5.80940000E-03
+5.91550000E-03
+5.75630000E-03
+5.77000000E-03
+6.00880000E-03
+5.72070000E-03
+5.86070000E-03
+6.08290000E-03
+5.83010000E-03
+6.10050000E-03
+5.81040000E-03
+6.07660000E-03
+5.79190000E-03
+5.97350000E-03
+5.96790000E-03
+5.80540000E-03
+6.05640000E-03
+5.80430000E-03
+5.81040000E-03
+5.82930000E-03
+5.74210000E-03
+5.83370000E-03
+5.93710000E-03
+5.78870000E-03
+5.92390000E-03
+5.82130000E-03
+6.10250000E-03
+5.92700000E-03
+5.77780000E-03
+5.82600000E-03
+5.70790000E-03
+5.94350000E-03
+5.74360000E-03
+5.80560000E-03
+6.01790000E-03
+6.07080000E-03
+5.81610000E-03
+5.80730000E-03
+5.78020000E-03
+5.80470000E-03
+5.92390000E-03
+5.91660000E-03
+5.80630000E-03
+5.95600000E-03
+5.82160000E-03
+5.80890000E-03
+5.74700000E-03
+5.81920000E-03
+5.81980000E-03
+5.82540000E-03
+5.82600000E-03
+5.83570000E-03
+5.77310000E-03
+5.82990000E-03
+5.83720000E-03
+5.89470000E-03
+5.94560000E-03
+5.93890000E-03
+6.04870000E-03
+5.97310000E-03
+5.80840000E-03
+5.82280000E-03
+5.82250000E-03
+5.73430000E-03
+5.93780000E-03
+5.80340000E-03
+5.80460000E-03
+5.82340000E-03
+5.81560000E-03
+5.81510000E-03
+6.01860000E-03
+5.83940000E-03
+5.85650000E-03
+6.08680000E-03
+5.79490000E-03
+6.08130000E-03
+5.85760000E-03
+5.79410000E-03
+6.00360000E-03
+5.89900000E-03
+5.75500000E-03
+5.93010000E-03
+5.81460000E-03
+5.75810000E-03
+5.95850000E-03
+5.83270000E-03
+5.93580000E-03
+5.78390000E-03
+5.79560000E-03
+5.81460000E-03
+5.79070000E-03
+5.81900000E-03
+5.72550000E-03
+5.81540000E-03
+5.81450000E-03
+5.81080000E-03
+6.08440000E-03
+5.81560000E-03
+5.99530000E-03
+5.79590000E-03
+5.82030000E-03
+5.76690000E-03
+5.76740000E-03
+5.81200000E-03
+5.74830000E-03
+5.82210000E-03
+5.82210000E-03
+5.82230000E-03
+5.82210000E-03
+5.87150000E-03
+5.94300000E-03
+5.80750000E-03
+5.74260000E-03
+5.73300000E-03
+5.98810000E-03
+5.93520000E-03
+5.79900000E-03
+5.75580000E-03
+5.79940000E-03
+6.02900000E-03
+5.79540000E-03
+5.94560000E-03
+5.79790000E-03
+6.06770000E-03
+5.76690000E-03
+5.79640000E-03
+5.74720000E-03
+5.79690000E-03
+5.79070000E-03
+5.73990000E-03
+5.79400000E-03
+5.80630000E-03
+5.80790000E-03
+5.80320000E-03
+5.77470000E-03
+6.07460000E-03
+5.82480000E-03
+5.80780000E-03
+5.93210000E-03
+5.96430000E-03
+5.81440000E-03
+5.79020000E-03
+6.00150000E-03
+5.82130000E-03
+5.96940000E-03
+5.83180000E-03
+6.10090000E-03
+5.93060000E-03
+5.81300000E-03
+5.82540000E-03
+5.81410000E-03
+6.00100000E-03
+5.80910000E-03
+5.74310000E-03
+6.09060000E-03
+5.78530000E-03
+5.82480000E-03
+5.81460000E-03
+5.74720000E-03
+5.81110000E-03
+5.80840000E-03
+6.12950000E-03
+6.05750000E-03
+5.81000000E-03
+5.77300000E-03
+5.81350000E-03
+5.91140000E-03
+5.88610000E-03
+5.97200000E-03
+5.82180000E-03
+5.81740000E-03
+5.81030000E-03
+6.01550000E-03
+5.81760000E-03
+5.75190000E-03
+6.04320000E-03
+6.03370000E-03
+5.77730000E-03
+5.91870000E-03
+5.91860000E-03
+5.82960000E-03
+6.09060000E-03
+5.82820000E-03
+5.81840000E-03
+6.04760000E-03
+5.81610000E-03
+5.81950000E-03
+5.87980000E-03
+6.05870000E-03
+5.98650000E-03
+6.00310000E-03
+6.03310000E-03
+5.93160000E-03
+5.73740000E-03
+5.89480000E-03
+5.93410000E-03
+5.93680000E-03
+5.82390000E-03
+5.79850000E-03
+5.79850000E-03
+5.81820000E-03
+5.81370000E-03
+5.81610000E-03
+6.09520000E-03
+5.93060000E-03
+5.82130000E-03
+5.95600000E-03
+5.81300000E-03
+5.98500000E-03
+5.81390000E-03
+5.86970000E-03
+5.87160000E-03
+5.78140000E-03
+5.98240000E-03
+5.94430000E-03
+6.02240000E-03
+5.78580000E-03
+5.90040000E-03
+5.88140000E-03
+5.81310000E-03
+5.99890000E-03
+6.05330000E-03
+5.81430000E-03
+5.95230000E-03
+5.96060000E-03
+5.80670000E-03
+6.09680000E-03
+5.70880000E-03
+5.76120000E-03
+5.90680000E-03
+5.81300000E-03
+5.98390000E-03
+6.01660000E-03
+5.81300000E-03
+5.89800000E-03
+5.81350000E-03
+5.85590000E-03
+6.03260000E-03
+5.89230000E-03
+5.81430000E-03
+6.16210000E-03
+5.76480000E-03
+5.81950000E-03
+5.87420000E-03
+5.85840000E-03
+5.95800000E-03
+5.81300000E-03
+5.90470000E-03
+5.81900000E-03
+6.01010000E-03
+5.79840000E-03
+5.81610000E-03
+5.81490000E-03
+5.80780000E-03
+5.81580000E-03
+6.05070000E-03
+5.81050000E-03
+5.80630000E-03
+5.94800000E-03
+6.08390000E-03
+5.78400000E-03
+6.00310000E-03
+5.81320000E-03
+6.00650000E-03
+5.76530000E-03
+5.80800000E-03
+5.97660000E-03
+6.08030000E-03
+5.81910000E-03
+6.02330000E-03
+5.77420000E-03
+5.95440000E-03
+5.78140000E-03
+5.99620000E-03
+5.81040000E-03
+5.82650000E-03
+5.82290000E-03
+5.82440000E-03
+5.84650000E-03
+5.74650000E-03
+5.71000000E-03
+5.83520000E-03
+5.82600000E-03
+5.83170000E-03
+5.82980000E-03
+6.04300000E-03
+5.75360000E-03
+5.80730000E-03
+6.02330000E-03
+5.76010000E-03
+5.96790000E-03
+5.80530000E-03
+5.77680000E-03
+6.09270000E-03
+5.88960000E-03
+5.73610000E-03
+5.80780000E-03
+6.08180000E-03
+6.05710000E-03
+5.78250000E-03
+6.00360000E-03
+5.89380000E-03
+5.81140000E-03
+5.81320000E-03
+6.07720000E-03
+5.81570000E-03
+5.80840000E-03
+5.80180000E-03
+5.79640000E-03
+5.75750000E-03
+5.80990000E-03
+5.84090000E-03
+5.81260000E-03
+5.80630000E-03
+6.01080000E-03
+6.02020000E-03
+5.81150000E-03
+5.93270000E-03
+5.80930000E-03
+5.87800000E-03
+5.80900000E-03
+5.75860000E-03
+5.82900000E-03
+5.82270000E-03
+5.70270000E-03
+5.80600000E-03
+5.81000000E-03
+5.79150000E-03
+6.08650000E-03
+5.99010000E-03
+5.99010000E-03
+5.97980000E-03
+6.07090000E-03
+6.05960000E-03
+5.81250000E-03
+5.91090000E-03
+5.87420000E-03
+5.81460000E-03
+5.81470000E-03
+6.02690000E-03
+5.81390000E-03
+6.01090000E-03
+5.99570000E-03
+5.81850000E-03
+5.81460000E-03
+5.81380000E-03
+5.81050000E-03
+5.94870000E-03
+5.81730000E-03
+5.82590000E-03
+5.85650000E-03
+5.73330000E-03
+5.78910000E-03
+5.80990000E-03
+5.82290000E-03
+6.09740000E-03
+5.97880000E-03
+6.01400000E-03
+6.00310000E-03
+6.01450000E-03
+6.03730000E-03
+5.81850000E-03
+5.82450000E-03
+5.81140000E-03
+5.81130000E-03
+5.75550000E-03
+5.81300000E-03
+5.78740000E-03
+5.91450000E-03
+5.73330000E-03
+5.98150000E-03
+6.09010000E-03
+5.81200000E-03
+5.93580000E-03
+5.88670000E-03
+6.01600000E-03
+5.95860000E-03
+6.00720000E-03
+6.00720000E-03
+5.81530000E-03
+5.81510000E-03
+5.99570000E-03
+5.81350000E-03
+5.81250000E-03
+5.84870000E-03
+5.81300000E-03
+5.88920000E-03
+5.75980000E-03
+5.78930000E-03
+5.88920000E-03
+5.81690000E-03
+5.91400000E-03
+5.81320000E-03
+5.81100000E-03
+5.75010000E-03
+5.83040000E-03
+5.87670000E-03
+5.90910000E-03
+5.80520000E-03
+5.98720000E-03
+5.69600000E-03
+6.01800000E-03
+5.75030000E-03
+6.06450000E-03
+5.83010000E-03
+5.81350000E-03
+5.80410000E-03
+5.81840000E-03
+5.72190000E-03
+5.81460000E-03
+5.82580000E-03
+6.02950000E-03
+5.79100000E-03
+5.96580000E-03
+5.82540000E-03
+5.83900000E-03
+6.03470000E-03
+5.70370000E-03
+5.90760000E-03
+6.10350000E-03
+5.81060000E-03
+5.81520000E-03
+5.82540000E-03
+5.88600000E-03
+6.19160000E-03
+5.81290000E-03
+5.83060000E-03
+5.82970000E-03
+5.76070000E-03
+5.90520000E-03
+5.83640000E-03
+5.83990000E-03
+5.76070000E-03
+5.81720000E-03
+5.86850000E-03
+5.85030000E-03
+5.75490000E-03
+5.83610000E-03
+5.98550000E-03
+6.09220000E-03
+5.79440000E-03
+5.83520000E-03
+5.75400000E-03
+5.76280000E-03
+5.92690000E-03
+5.79950000E-03
+5.84560000E-03
+5.83740000E-03
+5.83930000E-03
+5.83790000E-03
+5.88090000E-03
+5.84560000E-03
+5.81020000E-03
+5.86030000E-03
+6.13520000E-03
+5.83990000E-03
+6.05590000E-03
+5.84580000E-03
+6.03950000E-03
+5.95180000E-03
+5.73270000E-03
+5.96630000E-03
+5.84150000E-03
+5.79650000E-03
+6.03060000E-03
+5.97460000E-03
+5.83840000E-03
+5.75290000E-03
+5.99580000E-03
+5.93370000E-03
+5.81610000E-03
+6.06010000E-03
+5.84220000E-03
+5.95230000E-03
+6.13100000E-03
+5.72960000E-03
+5.91190000E-03
+6.03470000E-03
+5.83010000E-03
+6.08440000E-03
+5.83840000E-03
+6.04820000E-03
+6.08750000E-03
+6.02140000E-03
+6.01810000E-03
+5.85350000E-03
+5.97000000E-03
+5.83100000E-03
+5.83520000E-03
+6.02540000E-03
+5.89280000E-03
+5.76950000E-03
+5.85150000E-03
+5.84320000E-03
+6.13490000E-03
+5.78500000E-03
+5.81070000E-03
+5.84050000E-03
+5.84770000E-03
+5.80820000E-03
+5.78450000E-03
+5.84030000E-03
+5.84000000E-03
+5.85600000E-03
+5.86470000E-03
+5.87000000E-03
+5.84620000E-03
+6.11950000E-03
+5.83990000E-03
+6.04450000E-03
+5.84740000E-03
+6.13670000E-03
+5.84360000E-03
+5.97170000E-03
+5.84490000E-03
+5.84300000E-03
+5.84280000E-03
+5.91120000E-03
+5.85940000E-03
+6.12890000E-03
+6.04970000E-03
+5.84230000E-03
+5.77830000E-03
+6.09060000E-03
+5.84720000E-03
+5.85230000E-03
+5.85610000E-03
+5.80210000E-03
+5.84800000E-03
+5.85070000E-03
+6.12640000E-03
+5.84250000E-03
+5.85290000E-03
+5.85280000E-03
+5.84380000E-03
+5.81820000E-03
+5.84410000E-03
+5.77090000E-03
+5.75240000E-03
+6.13670000E-03
+5.99380000E-03
+5.84270000E-03
+5.84720000E-03
+5.87570000E-03
+5.84500000E-03
+5.84100000E-03
+5.84690000E-03
+5.81330000E-03
+6.05700000E-03
+5.84360000E-03
+6.04750000E-03
+5.84950000E-03
+5.84960000E-03
+5.98430000E-03
+5.84820000E-03
+6.02590000E-03
+5.95230000E-03
+6.22540000E-03
+5.78450000E-03
+5.86460000E-03
+5.77830000E-03
+5.85600000E-03
+5.85640000E-03
+5.85880000E-03
+5.95910000E-03
+5.81590000E-03
+6.15430000E-03
+5.85130000E-03
+6.12950000E-03
+5.86880000E-03
+6.10510000E-03
+5.94660000E-03
+5.75810000E-03
+5.97560000E-03
+5.85950000E-03
+5.98190000E-03
+5.86010000E-03
+5.87320000E-03
+6.01030000E-03
+5.85960000E-03
+5.86180000E-03
+5.97560000E-03
+5.82490000E-03
+5.98240000E-03
+5.85860000E-03
+6.02590000E-03
+6.04300000E-03
+5.86790000E-03
+5.95610000E-03
+5.87570000E-03
+6.10460000E-03
+5.94560000E-03
+5.88490000E-03
+6.13150000E-03
+6.13140000E-03
+5.87330000E-03
+5.95650000E-03
+5.77110000E-03
+6.09680000E-03
+5.92800000E-03
+5.74980000E-03
+5.87210000E-03
+5.78850000E-03
+6.12070000E-03
+5.85710000E-03
+5.89380000E-03
+6.00010000E-03
+5.91680000E-03
+5.96220000E-03
+5.97310000E-03
+5.86010000E-03
+6.03930000E-03
+6.01280000E-03
+6.11240000E-03
+6.17200000E-03
+5.86230000E-03
+6.11390000E-03
+6.13930000E-03
+5.94650000E-03
+5.86390000E-03
+6.15430000E-03
+5.86540000E-03
+5.86500000E-03
+6.13780000E-03
+5.84200000E-03
+5.98030000E-03
+5.77880000E-03
+6.16360000E-03
+5.77620000E-03
+6.14910000E-03
+5.86010000E-03
+5.91580000E-03
+5.85910000E-03
+6.00080000E-03
+6.06370000E-03
+5.76720000E-03
+5.86270000E-03
+5.86010000E-03
+5.88820000E-03
+5.87100000E-03
+5.85180000E-03
+5.95950000E-03
+5.86790000E-03
+6.13410000E-03
+6.13930000E-03
+5.80930000E-03
+6.11760000E-03
+5.85890000E-03
+6.01810000E-03
+5.87040000E-03
+5.77260000E-03
+6.03110000E-03
+5.91690000E-03
+5.85240000E-03
+6.00410000E-03
+5.82960000E-03
+6.16150000E-03
+5.86490000E-03
+5.80830000E-03
+6.07610000E-03
+5.80580000E-03
+6.11810000E-03
+5.88920000E-03
+5.85080000E-03
+5.85090000E-03
+6.14760000E-03
+5.75240000E-03
+6.06630000E-03
+5.87140000E-03
+5.91500000E-03
+5.90940000E-03
+5.87290000E-03
+5.84360000E-03
+5.86630000E-03
+6.09270000E-03
+5.82960000E-03
+5.99270000E-03
+5.87660000E-03
+6.03230000E-03
+5.93780000E-03
+6.03420000E-03
+5.88680000E-03
+6.17340000E-03
+5.89830000E-03
+6.15320000E-03
+6.06210000E-03
+5.86410000E-03
+5.86030000E-03
+6.08130000E-03
+5.79130000E-03
+5.98130000E-03
+6.12950000E-03
+5.77260000E-03
+5.86120000E-03
+5.86890000E-03
+6.06990000E-03
+5.92590000E-03
+5.85790000E-03
+6.03000000E-03
+5.83180000E-03
+5.98190000E-03
+6.04090000E-03
+6.04090000E-03
+5.86480000E-03
+5.87620000E-03
+5.86850000E-03
+5.92390000E-03
+5.84820000E-03
+5.98390000E-03
+5.86480000E-03
+5.81510000E-03
+6.00310000E-03
+6.06320000E-03
+5.89020000E-03
+6.01550000E-03
+5.93080000E-03
+6.17300000E-03
+5.91930000E-03
+6.07300000E-03
+5.85960000E-03
+6.02690000E-03
+5.87700000E-03
+5.87400000E-03
+6.00260000E-03
+5.82380000E-03
+5.83980000E-03
+5.83930000E-03
+6.05280000E-03
+5.87530000E-03
+5.77110000E-03
+5.80700000E-03
+5.86960000E-03
+6.17350000E-03
+5.74720000E-03
+6.08650000E-03
+6.05130000E-03
+5.86180000E-03
+6.05850000E-03
+5.86640000E-03
+6.09060000E-03
+5.87140000E-03
+5.87050000E-03
+5.96010000E-03
+5.80540000E-03
+5.75240000E-03
+5.95750000E-03
+5.77110000E-03
+6.00520000E-03
+5.92680000E-03
+5.84760000E-03
+5.87010000E-03
+5.75960000E-03
+5.90360000E-03
+5.86640000E-03
+5.88030000E-03
+5.87180000E-03
+5.94090000E-03
+5.77660000E-03
+6.10050000E-03
+6.17140000E-03
+5.91040000E-03
+6.00050000E-03
+5.77000000E-03
+5.76430000E-03
+5.87620000E-03
+5.82320000E-03
+6.16050000E-03
+5.98030000E-03
+6.16210000E-03
+6.15230000E-03
+5.87620000E-03
+5.85590000E-03
+5.88190000E-03
+5.87900000E-03
+6.04760000E-03
+5.89900000E-03
+6.16000000E-03
+5.87880000E-03
+5.75970000E-03
+5.87780000E-03
+5.88530000E-03
+5.88240000E-03
+6.01500000E-03
+5.89970000E-03
+6.03930000E-03
+5.78140000E-03
+5.95790000E-03
+5.97410000E-03
+5.81300000E-03
+6.17640000E-03
+5.87220000E-03
+6.05020000E-03
+6.04090000E-03
+6.08720000E-03
+6.05590000E-03
+5.81720000E-03
+6.03780000E-03
+5.85450000E-03
+5.88600000E-03
+5.86710000E-03
+6.15950000E-03
+5.86480000E-03
+6.05640000E-03
+5.85080000E-03
+5.93270000E-03
+5.88640000E-03
+5.94820000E-03
+5.86840000E-03
+5.87830000E-03
+5.82840000E-03
+5.80580000E-03
+6.09320000E-03
+6.06840000E-03
+5.79640000E-03
+5.84360000E-03
+5.87570000E-03
+5.98600000E-03
+5.86170000E-03
+5.86170000E-03
+5.81970000E-03
+6.04660000E-03
+5.87580000E-03
+6.08030000E-03
+5.86920000E-03
+6.15950000E-03
+5.97150000E-03
+6.17450000E-03
+5.90330000E-03
+6.04090000E-03
+5.86270000E-03
+5.86080000E-03
+6.03930000E-03
+5.92530000E-03
+5.81390000E-03
+5.90570000E-03
+5.93750000E-03
+5.86210000E-03
+5.77110000E-03
+5.87000000E-03
+5.87030000E-03
+5.85910000E-03
+5.85910000E-03
+5.83630000E-03
+5.87350000E-03
+5.88820000E-03
+5.85590000E-03
+5.93240000E-03
+5.93150000E-03
+5.86930000E-03
+5.78400000E-03
+5.93890000E-03
+5.86270000E-03
+6.20770000E-03
+6.18490000E-03
+5.82700000E-03
+6.18230000E-03
+5.87730000E-03
+5.86640000E-03
+5.91520000E-03
+5.87520000E-03
+5.87530000E-03
+5.81720000E-03
+5.89850000E-03
+5.89820000E-03
+6.10050000E-03
+5.86690000E-03
+5.92940000E-03
+5.85810000E-03
+5.85690000E-03
+5.86690000E-03
+5.80630000E-03
+6.00410000E-03
+5.87370000E-03
+6.15230000E-03
+6.14350000E-03
+5.99010000E-03
+5.95540000E-03
+5.82540000E-03
+6.01290000E-03
+6.01300000E-03
+5.81510000E-03
+5.83110000E-03
+6.02640000E-03
+5.94660000E-03
+5.98550000E-03
+5.93550000E-03
+5.85160000E-03
+5.86260000E-03
+5.94460000E-03
+5.91340000E-03
+5.84720000E-03
+5.87150000E-03
+6.11500000E-03
+5.80850000E-03
+5.94970000E-03
+5.83330000E-03
+6.16680000E-03
+5.98780000E-03
+5.76900000E-03
+5.92680000E-03
+6.10920000E-03
+5.86780000E-03
+6.09170000E-03
+5.85860000E-03
+5.86220000E-03
+5.86230000E-03
+5.86700000E-03
+5.86790000E-03
+6.12790000E-03
+6.16620000E-03
+5.87520000E-03
+6.14450000E-03
+5.76070000E-03
+5.75600000E-03
+5.96580000E-03
+5.86460000E-03
+5.82480000E-03
+5.98030000E-03
+5.86300000E-03
+5.96520000E-03
+5.86740000E-03
+5.87140000E-03
+5.98290000E-03
+5.86780000E-03
+6.02850000E-03
2021/08/28,14:58:27
