2021/08/29,19:38:36
-3.60000000E-08
-3.80000000E-08
-3.60000000E-08
-3.60000000E-08
-3.40000000E-08
-3.60000000E-08
-3.70000000E-08
-3.90000000E-08
-4.20000000E-08
-4.20000000E-08
-4.00000000E-08
-4.30000000E-08
+5.64338000E-03
+5.66793000E-03
+5.65211000E-03
+5.66685000E-03
+5.65876000E-03
+5.66315000E-03
+5.82413000E-03
+5.66359000E-03
+5.66673000E-03
+5.61872000E-03
+5.69487000E-03
+5.64478000E-03
+5.60974000E-03
+5.64965000E-03
+5.70793000E-03
+5.64758000E-03
+5.65481000E-03
+5.65874000E-03
+5.62887000E-03
+5.65621000E-03
+5.59948000E-03
+5.65102000E-03
+5.66298000E-03
+5.67878000E-03
+5.56572000E-03
+5.65520000E-03
+5.65965000E-03
+5.77679000E-03
+5.62193000E-03
+5.65429000E-03
+5.65691000E-03
+5.65346000E-03
+5.96062000E-03
+5.67442000E-03
+5.65481000E-03
+5.65487000E-03
+5.65668000E-03
+5.59289000E-03
+5.59698000E-03
+5.65819000E-03
+5.66162000E-03
+5.76880000E-03
+5.64966000E-03
+5.64076000E-03
+5.66663000E-03
+5.65703000E-03
+5.66088000E-03
+5.66041000E-03
+5.66501000E-03
+5.65939000E-03
+5.73644000E-03
+5.72706000E-03
+5.66239000E-03
+5.65738000E-03
+5.74134000E-03
+5.67528000E-03
+5.70422000E-03
+5.66298000E-03
+5.65260000E-03
+5.66352000E-03
+5.94651000E-03
+5.90978000E-03
+5.65295000E-03
+5.74594000E-03
+5.65758000E-03
+5.58182000E-03
+5.78362000E-03
+5.65819000E-03
+5.65260000E-03
+5.79643000E-03
+5.58001000E-03
+5.65178000E-03
+5.64891000E-03
+5.65056000E-03
+5.75925000E-03
+5.64904000E-03
+5.65149000E-03
+5.73218000E-03
+5.65266000E-03
+5.65207000E-03
+5.65054000E-03
+5.65152000E-03
+5.73652000E-03
+5.65015000E-03
+5.58992000E-03
+5.69831000E-03
+5.86203000E-03
+5.65429000E-03
+5.65425000E-03
+5.65212000E-03
+5.65178000E-03
+5.63540000E-03
+5.61342000E-03
+5.70956000E-03
+5.65283000E-03
+5.66042000E-03
+5.73883000E-03
+5.59400000E-03
+5.65400000E-03
+5.65806000E-03
+5.65851000E-03
+5.59622000E-03
+5.65534000E-03
+5.58032000E-03
+5.68752000E-03
+5.75889000E-03
+5.65811000E-03
+5.65732000E-03
+5.66292000E-03
+5.63120000E-03
+5.66513000E-03
+5.65796000E-03
+5.65851000E-03
+5.84658000E-03
+5.61540000E-03
+5.66378000E-03
+5.66036000E-03
+5.65927000E-03
+5.58829000E-03
+5.65989000E-03
+5.65993000E-03
+5.66104000E-03
+5.60654000E-03
+5.77888000E-03
+5.64266000E-03
+5.66193000E-03
+5.66169000E-03
+5.65985000E-03
+5.62933000E-03
+5.65365000E-03
+5.60499000E-03
+5.66391000E-03
+5.73306000E-03
+5.68875000E-03
+5.59983000E-03
+5.66367000E-03
+5.66629000E-03
+5.71207000E-03
+5.64583000E-03
+5.67069000E-03
+5.68082000E-03
+5.77859000E-03
+5.66140000E-03
+5.66107000E-03
+5.66369000E-03
+5.66439000E-03
+5.65715000E-03
+5.66577000E-03
+5.66573000E-03
+5.80121000E-03
+5.66735000E-03
+5.67639000E-03
+5.66210000E-03
+5.66163000E-03
+5.63446000E-03
+5.62484000E-03
+5.66595000E-03
+5.62344000E-03
+5.76996000E-03
+5.65575000E-03
+5.66677000E-03
+5.66350000E-03
+5.66437000E-03
+5.70845000E-03
+5.66659000E-03
+5.67131000E-03
+5.71434000E-03
+5.79917000E-03
+5.61622000E-03
+5.66461000E-03
+5.66654000E-03
+5.60753000E-03
+5.76501000E-03
+5.67079000E-03
+5.66697000E-03
+5.78145000E-03
+5.66823000E-03
+5.66577000E-03
+5.67363000E-03
+5.67215000E-03
+5.66805000E-03
+5.66916000E-03
+5.67394000E-03
+5.79486000E-03
+5.63132000E-03
+5.66671000E-03
+5.66723000E-03
+5.67315000E-03
+5.64099000E-03
+5.74963000E-03
+5.64951000E-03
+5.66402000E-03
+5.74355000E-03
+5.66909000E-03
+5.68519000E-03
+5.66768000E-03
+5.66904000E-03
+5.72626000E-03
+5.69685000E-03
+5.64298000E-03
+5.69778000E-03
+5.66942000E-03
+5.67504000E-03
+5.67190000E-03
+5.66729000E-03
+5.67784000E-03
+5.65901000E-03
+5.61855000E-03
+5.66687000E-03
+5.82372000E-03
+5.62012000E-03
+5.67370000E-03
+5.67155000E-03
+5.67517000E-03
+5.79445000E-03
+5.69785000E-03
+5.67160000E-03
+5.67157000E-03
+5.67202000E-03
+5.68391000E-03
+5.67295000E-03
+5.67297000E-03
+5.67044000E-03
+5.67402000E-03
+5.74190000E-03
+5.73551000E-03
+5.67470000E-03
+5.67674000E-03
+5.67341000E-03
+5.71661000E-03
+5.67131000E-03
+5.67058000E-03
+5.70245000E-03
+5.79626000E-03
+5.68437000E-03
+5.67102000E-03
+5.81900000E-03
+5.68449000E-03
+5.65767000E-03
+5.67627000E-03
+5.67435000E-03
+5.67670000E-03
+5.83657000E-03
+5.61896000E-03
+5.66988000E-03
+5.66073000E-03
+5.73521000E-03
+5.63143000E-03
+5.67032000E-03
+5.67500000E-03
+5.67109000E-03
+5.64741000E-03
+5.67306000E-03
+5.67557000E-03
+5.67554000E-03
+5.74320000E-03
+5.75406000E-03
+5.67408000E-03
+5.67724000E-03
+5.67543000E-03
+5.75341000E-03
+5.72536000E-03
+5.67953000E-03
+5.81177000E-03
+5.59371000E-03
+5.67108000E-03
+5.68727000E-03
+5.68659000E-03
+5.72634000E-03
+5.68303000E-03
+5.67468000E-03
+5.67674000E-03
+5.67085000E-03
+5.68340000E-03
+5.67458000E-03
+5.67948000E-03
+5.79719000E-03
+5.64356000E-03
+5.64073000E-03
+5.67254000E-03
+5.72355000E-03
+5.74701000E-03
+5.67621000E-03
+5.67699000E-03
+5.75545000E-03
+5.69566000E-03
+5.60047000E-03
+5.67585000E-03
+5.68340000E-03
+5.61068000E-03
+5.75626000E-03
+5.64891000E-03
+5.70979000E-03
+5.70979000E-03
+5.73259000E-03
+5.67534000E-03
+5.67423000E-03
+5.81410000E-03
+5.71469000E-03
+5.67755000E-03
+5.67901000E-03
+5.68047000E-03
+5.79323000E-03
+5.68665000E-03
+5.67116000E-03
+5.67464000E-03
+5.63557000E-03
+5.67539000E-03
+5.68637000E-03
+5.67298000E-03
+5.67299000E-03
+5.78034000E-03
+5.67396000E-03
+5.67662000E-03
+5.69201000E-03
+5.73230000E-03
+5.73179000E-03
+5.67808000E-03
+5.68055000E-03
+5.73737000E-03
+5.67475000E-03
+5.69714000E-03
+5.65178000E-03
+5.66923000E-03
+5.72011000E-03
+5.67200000E-03
+5.84795000E-03
+5.81683000E-03
+5.67083000E-03
+5.67469000E-03
+5.79509000E-03
+5.65236000E-03
+5.59744000E-03
+5.67338000E-03
+5.67966000E-03
+5.82589000E-03
+5.61400000E-03
+5.68311000E-03
+5.79743000E-03
+5.66647000E-03
+5.64245000E-03
+5.68443000E-03
+5.67280000E-03
+5.67417000E-03
+5.63838000E-03
+5.67567000E-03
+5.67347000E-03
+5.68851000E-03
+5.67580000E-03
+5.67219000E-03
+5.67206000E-03
+5.67365000E-03
+5.67534000E-03
+5.67534000E-03
+5.67866000E-03
+5.68805000E-03
+5.69825000E-03
+5.59972000E-03
+5.67487000E-03
+5.69359000E-03
+5.67441000E-03
+5.68974000E-03
+5.77830000E-03
+5.67073000E-03
+5.67472000E-03
+5.67452000E-03
+5.75306000E-03
+5.67416000E-03
+5.67744000E-03
+5.67604000E-03
+5.66834000E-03
+5.82771000E-03
+5.67598000E-03
+5.67455000E-03
+5.79399000E-03
+5.70186000E-03
+5.68185000E-03
+5.67196000E-03
+5.67804000E-03
+5.67435000E-03
+5.67600000E-03
+5.66527000E-03
+5.75195000E-03
+5.75789000E-03
+5.74797000E-03
+5.67703000E-03
+5.67405000E-03
+5.70478000E-03
+5.72374000E-03
+5.67545000E-03
+5.69691000E-03
+5.67965000E-03
+5.74419000E-03
+5.65615000E-03
+5.67714000E-03
+5.67805000E-03
+5.64583000E-03
+5.78571000E-03
+5.61931000E-03
+5.68122000E-03
+5.79719000E-03
+5.67918000E-03
+5.64817000E-03
+5.67598000E-03
+5.68095000E-03
+5.90995000E-03
+5.67102000E-03
+5.68130000E-03
+5.78098000E-03
+5.72367000E-03
+5.65703000E-03
+5.67499000E-03
+5.67073000E-03
+5.68426000E-03
+5.69784000E-03
+5.65765000E-03
+5.67510000E-03
+5.68378000E-03
+5.70309000E-03
+5.72653000E-03
+5.68169000E-03
+5.68231000E-03
+5.70332000E-03
+5.75289000E-03
+5.68653000E-03
+5.67872000E-03
+5.67877000E-03
+5.74950000E-03
+5.65027000E-03
+5.68262000E-03
+5.68010000E-03
+5.67685000E-03
+5.94249000E-03
+5.68362000E-03
+5.67768000E-03
+5.67887000E-03
+5.72355000E-03
+5.74104000E-03
+5.67837000E-03
+5.68423000E-03
+5.77381000E-03
+5.69638000E-03
+5.78897000E-03
+5.67980000E-03
+5.66560000E-03
+5.61004000E-03
+5.67356000E-03
+5.68078000E-03
+5.72134000E-03
+5.70258000E-03
+5.67749000E-03
+5.68118000E-03
+5.80611000E-03
+5.68082000E-03
+5.68741000E-03
+5.68601000E-03
+5.68000000E-03
+5.68002000E-03
+5.68311000E-03
+5.90418000E-03
+5.69271000E-03
+5.68157000E-03
+5.68459000E-03
+5.68220000E-03
+5.65983000E-03
+5.67262000E-03
+5.67979000E-03
+5.81298000E-03
+5.66268000E-03
+5.68798000E-03
+5.68292000E-03
+5.68646000E-03
+5.78635000E-03
+5.68714000E-03
+5.68264000E-03
+5.75795000E-03
+5.69866000E-03
+5.67400000E-03
+5.68216000E-03
+5.68796000E-03
+5.72264000E-03
+5.63423000E-03
+5.68536000E-03
+5.71638000E-03
+5.77255000E-03
+5.68857000E-03
+5.68849000E-03
+5.68676000E-03
+5.82355000E-03
+5.69586000E-03
+5.79200000E-03
+5.68772000E-03
+5.68882000E-03
+5.84016000E-03
+5.62222000E-03
+5.63027000E-03
+5.84296000E-03
+5.68555000E-03
+5.68827000E-03
+5.64105000E-03
+5.68496000E-03
+5.68465000E-03
+5.80839000E-03
+5.72192000E-03
+5.68962000E-03
+5.68988000E-03
+5.68650000E-03
+5.74005000E-03
+5.63137000E-03
+5.69335000E-03
+5.68545000E-03
+5.74763000E-03
+5.68810000E-03
+5.68770000E-03
+5.80034000E-03
+5.66677000E-03
+5.69539000E-03
+5.69681000E-03
+5.70670000E-03
+5.70671000E-03
+5.84028000E-03
+5.62788000E-03
+5.79678000E-03
+5.70017000E-03
+5.69082000E-03
+5.67586000E-03
+5.78600000E-03
+5.69362000E-03
+5.69119000E-03
+5.83206000E-03
+5.61429000E-03
+5.69084000E-03
+5.68694000E-03
+5.68910000E-03
+5.72256000E-03
+5.79899000E-03
+5.68752000E-03
+5.69474000E-03
+5.78477000E-03
+5.73282000E-03
+5.69802000E-03
+5.69912000E-03
+5.69333000E-03
+5.74857000E-03
+5.74326000E-03
+5.71695000E-03
+5.73865000E-03
+5.81643000E-03
+5.70417000E-03
+5.71665000E-03
+5.70225000E-03
+5.69650000E-03
+5.71014000E-03
+5.63847000E-03
+5.71192000E-03
+5.70623000E-03
+5.64560000E-03
+5.70361000E-03
+5.70349000E-03
+5.70560000E-03
+5.83858000E-03
+5.68405000E-03
+5.70352000E-03
+5.80862000E-03
+5.75801000E-03
+5.70350000E-03
+5.69585000E-03
+5.69663000E-03
+5.76198000E-03
+5.76011000E-03
+5.69760000E-03
+5.69403000E-03
+5.78722000E-03
+5.69720000E-03
+5.69452000E-03
+5.70389000E-03
+5.73726000E-03
+5.61143000E-03
+5.69918000E-03
+5.69469000E-03
+5.85346000E-03
+5.70287000E-03
+5.70175000E-03
+5.70074000E-03
+5.69584000E-03
+5.69587000E-03
+5.79842000E-03
+5.69539000E-03
+5.69394000E-03
+5.83783000E-03
+5.64158000E-03
+5.69448000E-03
+5.69461000E-03
+5.69718000E-03
+5.79853000E-03
+5.73963000E-03
+5.65324000E-03
+5.70177000E-03
+5.77999000E-03
+5.69732000E-03
+5.63406000E-03
+5.69693000E-03
+5.72419000E-03
+5.63522000E-03
+5.69851000E-03
+5.69714000E-03
+5.72390000E-03
+5.73178000E-03
+5.69679000E-03
+5.69552000E-03
+5.72157000E-03
+5.70565000E-03
+5.70134000E-03
+5.69755000E-03
+5.69535000E-03
+5.78023000E-03
+5.84984000E-03
+5.70186000E-03
+5.69580000E-03
+5.69901000E-03
+5.74489000E-03
+5.68251000E-03
+5.78926000E-03
+5.82238000E-03
+5.66210000E-03
+5.66206000E-03
+5.81956000E-03
+5.70587000E-03
+5.69772000E-03
+5.69770000E-03
+5.80133000E-03
+5.66507000E-03
+5.69446000E-03
+5.69994000E-03
+5.77649000E-03
+5.71941000E-03
+5.75996000E-03
+5.69662000E-03
+5.70064000E-03
+5.74792000E-03
+5.74029000E-03
+5.66683000E-03
+5.69778000E-03
+5.70167000E-03
+5.87934000E-03
+5.69650000E-03
+5.70185000E-03
+5.69952000E-03
+5.84576000E-03
+5.71102000E-03
+5.68781000E-03
+5.70225000E-03
+5.78436000E-03
+5.69834000E-03
+5.70169000E-03
+5.70017000E-03
+5.70490000E-03
+5.77385000E-03
+5.61657000E-03
+5.71001000E-03
+5.70234000E-03
+5.74612000E-03
+5.71218000E-03
+5.62700000E-03
+5.72056000E-03
+5.77160000E-03
+5.72391000E-03
+5.70367000E-03
+5.70100000E-03
+5.81311000E-03
+5.61604000E-03
+5.70093000E-03
+5.70561000E-03
+5.71551000E-03
+5.76711000E-03
+5.70099000E-03
+5.70140000E-03
+5.70003000E-03
+5.62788000E-03
+5.62783000E-03
+5.85756000E-03
+5.65297000E-03
+5.70490000E-03
+5.79294000E-03
+5.69504000E-03
+5.71457000E-03
+5.69959000E-03
+5.69964000E-03
+5.70112000E-03
+5.70714000E-03
+5.67889000E-03
+5.72524000E-03
+5.70537000E-03
+5.81771000E-03
+5.70590000E-03
+5.61598000E-03
+5.70560000E-03
+5.70732000E-03
+5.70481000E-03
+5.99035000E-03
+5.76338000E-03
+5.62169000E-03
+5.75562000E-03
+5.77235000E-03
+5.64916000E-03
+5.71099000E-03
+5.70472000E-03
+5.72577000E-03
+5.62053000E-03
+5.70274000E-03
+5.71218000E-03
+5.85433000E-03
+5.71768000E-03
+5.70989000E-03
+5.70346000E-03
+5.64368000E-03
+5.79473000E-03
+5.70583000E-03
+5.70950000E-03
+5.83748000E-03
+5.76221000E-03
+5.70364000E-03
+5.65411000E-03
+5.70613000E-03
+5.66956000E-03
+5.72489000E-03
+5.70563000E-03
+5.70989000E-03
+5.79632000E-03
+5.72991000E-03
+5.70583000E-03
+5.70519000E-03
+5.70612000E-03
+5.77493000E-03
+5.63954000E-03
+5.71218000E-03
+5.70623000E-03
+5.82209000E-03
+5.63843000E-03
+5.70878000E-03
+5.70799000E-03
+5.76582000E-03
+5.71530000E-03
+5.77125000E-03
+5.70793000E-03
+5.71148000E-03
+5.86377000E-03
+5.63511000E-03
+5.71434000E-03
+5.70525000E-03
+5.70524000E-03
+5.72466000E-03
+5.97893000E-03
+5.70734000E-03
+5.70736000E-03
+5.67284000E-03
+5.82454000E-03
+5.71043000E-03
+5.72064000E-03
+5.70904000E-03
+5.70825000E-03
+5.79126000E-03
+5.72956000E-03
+5.70746000E-03
+5.71364000E-03
+5.77579000E-03
+5.65720000E-03
+5.70927000E-03
+5.70589000E-03
+5.70339000E-03
+5.70338000E-03
+5.69965000E-03
+5.63148000E-03
+5.70503000E-03
+5.70828000E-03
+5.67219000E-03
+5.70804000E-03
+5.71032000E-03
+5.67545000E-03
+5.91067000E-03
+5.69512000E-03
+5.68897000E-03
+5.70792000E-03
+5.67411000E-03
+5.85052000E-03
+5.70321000E-03
+5.71582000E-03
+5.74559000E-03
+5.82104000E-03
+5.71603000E-03
+5.71714000E-03
+5.79754000E-03
+5.68303000E-03
+5.80148000E-03
+5.72909000E-03
+5.70088000E-03
+5.77122000E-03
+5.73405000E-03
+5.70696000E-03
+5.71080000E-03
+5.70982000E-03
+5.74495000E-03
+5.71750000E-03
+5.71236000E-03
+5.71024000E-03
+5.92744000E-03
+5.71860000E-03
+5.71188000E-03
+5.87135000E-03
+5.67166000E-03
+5.71043000E-03
+5.71242000E-03
+5.70756000E-03
+5.83112000E-03
+5.70764000E-03
+5.62584000E-03
+5.70927000E-03
+5.71125000E-03
+5.71091000E-03
+5.68892000E-03
+5.68216000E-03
+5.71481000E-03
+5.76565000E-03
+5.69627000E-03
+5.70192000E-03
+5.71259000E-03
+5.76192000E-03
+5.78337000E-03
+5.71382000E-03
+5.64053000E-03
+5.70816000E-03
+5.69172000E-03
+5.82075000E-03
+5.71404000E-03
+5.71213000E-03
+5.83853000E-03
+5.71986000E-03
+5.72280000E-03
+5.71428000E-03
+5.71049000E-03
+5.78740000E-03
+5.72180000E-03
+5.71240000E-03
+5.71178000E-03
+5.71212000E-03
+5.71405000E-03
+5.62893000E-03
+5.70265000E-03
+5.83266000E-03
+5.71127000E-03
+5.71102000E-03
+5.71166000E-03
+5.72309000E-03
+5.68653000E-03
+5.71003000E-03
+5.72985000E-03
+5.71711000E-03
+5.76915000E-03
+5.71732000E-03
+5.79448000E-03
+5.71784000E-03
+5.71155000E-03
+5.71752000E-03
+5.69743000E-03
+5.66863000E-03
+5.71631000E-03
+5.72023000E-03
+5.84005000E-03
+5.63365000E-03
+5.71201000E-03
+5.71145000E-03
+5.72204000E-03
+5.84832000E-03
+5.65163000E-03
+5.71288000E-03
+5.86424000E-03
+5.63936000E-03
+5.71364000E-03
+5.71495000E-03
+5.71838000E-03
+5.75527000E-03
+5.68362000E-03
+5.72365000E-03
+5.72670000E-03
+5.87843000E-03
+5.73626000E-03
+5.71790000E-03
+5.71785000E-03
+5.70071000E-03
+5.71602000E-03
+5.71540000E-03
+5.71621000E-03
+5.71691000E-03
+5.71551000E-03
+5.84139000E-03
+5.71580000E-03
+5.71615000E-03
+5.71475000E-03
+5.72435000E-03
+5.76139000E-03
+5.68630000E-03
+5.67009000E-03
+5.71601000E-03
+5.79212000E-03
+5.79591000E-03
+5.64916000E-03
+5.72618000E-03
+5.80640000E-03
+5.70618000E-03
+5.71428000E-03
+5.71988000E-03
+5.71284000E-03
+5.83509000E-03
+5.68297000E-03
+5.71468000E-03
+5.71819000E-03
+5.72701000E-03
+5.68041000E-03
+5.71828000E-03
+5.71583000E-03
+5.72921000E-03
+5.71482000E-03
+5.71900000E-03
+5.71746000E-03
+5.71627000E-03
+5.74046000E-03
+5.67061000E-03
+5.72009000E-03
+5.71947000E-03
+5.81620000E-03
+5.72355000E-03
+5.66333000E-03
+5.71883000E-03
+5.71655000E-03
+5.71563000E-03
+5.64554000E-03
+5.71895000E-03
+5.71650000E-03
+5.78256000E-03
+5.71982000E-03
+5.80546000E-03
+5.69423000E-03
+5.71574000E-03
+5.72045000E-03
+5.75329000E-03
+5.68536000E-03
+5.79410000E-03
+5.64143000E-03
+5.73230000E-03
+5.87474000E-03
+5.72157000E-03
+5.71160000E-03
+5.72127000E-03
+5.70618000E-03
+5.71697000E-03
+5.72145000E-03
+5.72162000E-03
+5.86179000E-03
+5.67559000E-03
+5.68892000E-03
+5.71988000E-03
+5.72185000E-03
+5.67592000E-03
+5.72647000E-03
+5.72898000E-03
+5.79614000E-03
+5.73772000E-03
+5.70554000E-03
+5.72396000E-03
+5.71988000E-03
+5.71807000E-03
+5.79403000E-03
+5.72151000E-03
+5.72163000E-03
+5.72218000E-03
+5.75218000E-03
+5.76455000E-03
+5.72348000E-03
+5.72315000E-03
+5.64158000E-03
+5.68641000E-03
+5.72064000E-03
+5.69739000E-03
+5.88401000E-03
+5.71941000E-03
+5.72239000E-03
+5.72035000E-03
+5.72067000E-03
+5.67598000E-03
+5.84745000E-03
+5.72361000E-03
+5.68092000E-03
+5.72071000E-03
+5.70431000E-03
+5.65569000E-03
+5.72763000E-03
+5.72070000E-03
+5.72253000E-03
+5.77830000E-03
+5.67854000E-03
+5.72029000E-03
+5.72249000E-03
+5.74460000E-03
+5.75127000E-03
+5.72694000E-03
+5.72580000E-03
+5.70455000E-03
+5.82568000E-03
+5.73103000E-03
+5.72431000E-03
+5.72749000E-03
+5.68041000E-03
+5.72495000E-03
+5.72478000E-03
+5.72371000E-03
+5.73032000E-03
+5.72571000E-03
+5.72565000E-03
+5.88167000E-03
+5.94196000E-03
+5.72536000E-03
+5.72538000E-03
+5.72472000E-03
+5.72570000E-03
+5.74758000E-03
+5.71603000E-03
+5.72798000E-03
+5.72608000E-03
+5.79031000E-03
+5.72536000E-03
+5.67639000E-03
+5.72448000E-03
+5.72653000E-03
+5.74040000E-03
+5.64391000E-03
+5.75387000E-03
+5.78582000E-03
+5.74857000E-03
+5.72571000E-03
+5.72728000E-03
+5.72499000E-03
+5.83672000E-03
+5.73591000E-03
+5.72448000E-03
+5.72557000E-03
+5.93380000E-03
+5.66041000E-03
+5.66869000E-03
+5.72898000E-03
+5.88162000E-03
+5.71931000E-03
+5.72739000E-03
+5.85649000E-03
+5.85648000E-03
+5.66653000E-03
+5.72577000E-03
+5.72760000E-03
+5.72845000E-03
+5.83416000E-03
+5.74339000E-03
+5.73072000E-03
+5.72584000E-03
+5.81153000E-03
+5.68018000E-03
+5.72691000E-03
+5.73008000E-03
+5.77469000E-03
+5.79095000E-03
+5.73924000E-03
+5.72612000E-03
+5.72985000E-03
+5.72904000E-03
+5.68560000E-03
+5.65207000E-03
+5.72542000E-03
+5.73900000E-03
+5.81672000E-03
+5.67979000E-03
+5.72810000E-03
+5.88972000E-03
+5.72772000E-03
+5.71819000E-03
+5.70770000E-03
+5.72859000E-03
+5.80640000E-03
+5.69959000E-03
+5.64397000E-03
+5.83130000E-03
+5.77585000E-03
+5.80355000E-03
+5.73220000E-03
+5.73442000E-03
+5.79346000E-03
+5.80565000E-03
+5.71176000E-03
+5.73177000E-03
+5.85468000E-03
+5.65994000E-03
+5.64957000E-03
+5.72577000E-03
+5.75766000E-03
+5.78973000E-03
+5.73189000E-03
+5.72918000E-03
+5.82098000E-03
+5.82103000E-03
+5.73758000E-03
+5.67808000E-03
+5.66567000E-03
+5.73090000E-03
+5.89170000E-03
+5.65954000E-03
+5.70751000E-03
+5.73125000E-03
+5.73047000E-03
+5.87289000E-03
+5.73161000E-03
+5.73067000E-03
+5.73222000E-03
+5.84133000E-03
+5.76792000E-03
+5.70560000E-03
+5.73405000E-03
+5.80395000E-03
+5.74128000E-03
+5.73364000E-03
+5.73323000E-03
+5.73323000E-03
+5.78938000E-03
+5.76378000E-03
+5.66881000E-03
+5.73136000E-03
+5.73006000E-03
+5.76151000E-03
+5.64309000E-03
+5.73201000E-03
+5.73416000E-03
+5.87993000E-03
+5.70076000E-03
+5.73399000E-03
+5.73935000E-03
+5.73029000E-03
+5.73259000E-03
+5.73970000E-03
+5.72245000E-03
+5.74962000E-03
+5.85287000E-03
+5.66105000E-03
+5.73370000E-03
+5.73497000E-03
+5.69743000E-03
+5.80699000E-03
+5.67143000E-03
+5.73347000E-03
+5.73396000E-03
+5.73356000E-03
+5.80996000E-03
+5.74454000E-03
+5.73556000E-03
+5.81544000E-03
+5.79719000E-03
+5.73539000E-03
+5.70689000E-03
+5.73490000E-03
+5.76769000E-03
+5.68560000E-03
+5.73766000E-03
+5.73300000E-03
+5.74851000E-03
+5.73481000E-03
+5.68145000E-03
+5.73539000E-03
+5.73874000E-03
+5.90989000E-03
+5.66321000E-03
+5.73194000E-03
+5.73663000E-03
+5.76967000E-03
+5.86523000E-03
+5.69481000E-03
+5.73615000E-03
+5.85095000E-03
+5.69994000E-03
+5.65079000E-03
+5.73685000E-03
+5.73664000E-03
+5.80244000E-03
+5.82092000E-03
+5.74967000E-03
+5.74052000E-03
+5.80774000E-03
+5.75854000E-03
+5.68478000E-03
+5.75166000E-03
+5.73503000E-03
+5.70641000E-03
+5.77066000E-03
+5.73772000E-03
+5.73690000E-03
+5.83369000E-03
+5.79533000E-03
+5.73854000E-03
+5.73788000E-03
+5.79527000E-03
+5.81072000E-03
+5.67778000E-03
+5.74041000E-03
+5.76897000E-03
+5.85316000E-03
+5.72886000E-03
+5.74075000E-03
+5.73076000E-03
+5.71195000E-03
+5.82763000E-03
+5.66285000E-03
+5.73766000E-03
+5.90256000E-03
+5.74254000E-03
+5.74035000E-03
+5.73830000E-03
+5.73772000E-03
+5.73317000E-03
+5.65283000E-03
+5.74341000E-03
2021/08/29,20:09:49
