2021/08/29,11:53:58
-2.00000000E-09
-3.00000000E-09
-4.00000000E-09
-5.00000000E-09
-5.00000000E-09
-4.00000000E-09
-2.00000000E-09
-3.00000000E-09
-4.00000000E-09
+9.00000000E-09
+5.88558000E-03
+5.81253000E-03
+5.67376000E-03
+5.66099000E-03
+5.64978000E-03
+5.64857000E-03
+5.63814000E-03
+5.64939000E-03
+5.63581000E-03
+5.63499000E-03
+5.70717000E-03
+5.63761000E-03
+5.53844000E-03
+5.78407000E-03
+5.65779000E-03
+5.82856000E-03
+5.63721000E-03
+5.86587000E-03
+5.66257000E-03
+5.65196000E-03
+5.65198000E-03
+5.70981000E-03
+5.88634000E-03
+5.70338000E-03
+5.63592000E-03
+5.68647000E-03
+5.63190000E-03
+5.68023000E-03
+5.60747000E-03
+5.62339000E-03
+5.66717000E-03
+5.63143000E-03
+5.74769000E-03
+5.59509000E-03
+5.69871000E-03
+5.70105000E-03
+5.58619000E-03
+5.73218000E-03
+5.67635000E-03
+5.58613000E-03
+5.62170000E-03
+5.56584000E-03
+5.77136000E-03
+5.65212000E-03
+5.54689000E-03
+5.66892000E-03
+5.65814000E-03
+5.65271000E-03
+5.65510000E-03
+5.82928000E-03
+5.69469000E-03
+5.66274000E-03
+5.68144000E-03
+5.93030000E-03
+5.57056000E-03
+5.66326000E-03
+5.75282000E-03
+5.66618000E-03
+5.66537000E-03
+5.57109000E-03
+5.65755000E-03
+5.64898000E-03
+5.56660000E-03
+5.58967000E-03
+5.69423000E-03
+5.92482000E-03
+5.64475000E-03
+5.77752000E-03
+5.59995000E-03
+5.84494000E-03
+5.83095000E-03
+5.65347000E-03
+5.84290000E-03
+5.68367000E-03
+5.83791000E-03
+5.71183000E-03
+5.91322000E-03
+5.65747000E-03
+5.66991000E-03
+5.76477000E-03
+5.65889000E-03
+5.55599000E-03
+5.66764000E-03
+5.58199000E-03
+5.72956000E-03
+5.65645000E-03
+5.62939000E-03
+5.66659000E-03
+5.66327000E-03
+5.84284000E-03
+5.72454000E-03
+5.65973000E-03
+5.68868000E-03
+5.69633000E-03
+5.65615000E-03
+5.62078000E-03
+5.88966000E-03
+5.65242000E-03
+5.73259000E-03
+5.83870000E-03
+5.73947000E-03
+5.92225000E-03
+5.70253000E-03
+5.94738000E-03
+5.54789000E-03
+5.91637000E-03
+5.67386000E-03
+5.54672000E-03
+5.70828000E-03
+5.66053000E-03
+5.86704000E-03
+5.63207000E-03
+5.87384000E-03
+5.78722000E-03
+5.65661000E-03
+5.78302000E-03
+5.65726000E-03
+5.91837000E-03
+5.84354000E-03
+5.65423000E-03
+5.85993000E-03
+5.88097000E-03
+5.86622000E-03
+5.73864000E-03
+5.83159000E-03
+5.66980000E-03
+5.93026000E-03
+5.74524000E-03
+5.55791000E-03
+5.78131000E-03
+5.64868000E-03
+5.58304000E-03
+5.65121000E-03
+5.66688000E-03
+5.76728000E-03
+5.54637000E-03
+5.64210000E-03
+5.65003000E-03
+5.65470000E-03
+5.91975000E-03
+5.65172000E-03
+5.79933000E-03
+5.67417000E-03
+5.64653000E-03
+5.64887000E-03
+5.87730000E-03
+5.58141000E-03
+5.91380000E-03
+5.66129000E-03
+5.94063000E-03
+5.64909000E-03
+5.67530000E-03
+5.55984000E-03
+5.65306000E-03
+5.66282000E-03
+5.66502000E-03
+5.64782000E-03
+5.54847000E-03
+5.65170000E-03
+5.75766000E-03
+5.74431000E-03
+5.79598000E-03
+5.62222000E-03
+5.65201000E-03
+5.86028000E-03
+5.66801000E-03
+5.63242000E-03
+5.65831000E-03
+5.65884000E-03
+5.65877000E-03
+5.63411000E-03
+5.78606000E-03
+5.60759000E-03
+5.85579000E-03
+5.65096000E-03
+5.94166000E-03
+5.65854000E-03
+5.76448000E-03
+5.65835000E-03
+5.73539000E-03
+5.62875000E-03
+5.62868000E-03
+5.66059000E-03
+5.66061000E-03
+5.84564000E-03
+5.65621000E-03
+5.86891000E-03
+5.69673000E-03
+5.65779000E-03
+5.64572000E-03
+5.65720000E-03
+5.89981000E-03
+5.86943000E-03
+5.65639000E-03
+5.71364000E-03
+5.66059000E-03
+5.73795000E-03
+5.66006000E-03
+5.66391000E-03
+5.67621000E-03
+5.69434000E-03
+5.65983000E-03
+5.68618000E-03
+5.92173000E-03
+5.65924000E-03
+5.88808000E-03
+5.67930000E-03
+5.85189000E-03
+5.65260000E-03
+5.92365000E-03
+5.65895000E-03
+5.88424000E-03
+5.94249000E-03
+5.68192000E-03
+5.96038000E-03
+5.62170000E-03
+5.91019000E-03
+5.65977000E-03
+5.60432000E-03
+5.82938000E-03
+5.59785000E-03
+5.79159000E-03
+5.68227000E-03
+5.68228000E-03
+5.87502000E-03
+5.68723000E-03
+5.66437000E-03
+5.57838000E-03
+5.78687000E-03
+5.94645000E-03
+5.66041000E-03
+5.73965000E-03
+5.60630000E-03
+5.66216000E-03
+5.65971000E-03
+5.73661000E-03
+5.66268000E-03
+5.57441000E-03
+5.73790000E-03
+5.66706000E-03
+5.66531000E-03
+5.77142000E-03
+5.75906000E-03
+5.65989000E-03
+5.70216000E-03
+5.66787000E-03
+5.63312000E-03
+5.61820000E-03
+5.63814000E-03
+5.66723000E-03
+5.88202000E-03
+5.85841000E-03
+5.84786000E-03
+5.88904000E-03
+5.91590000E-03
+5.70390000E-03
+5.65808000E-03
+5.74919000E-03
+5.64718000E-03
+5.95805000E-03
+5.66723000E-03
+5.66723000E-03
+5.92424000E-03
+5.67120000E-03
+5.72927000E-03
+5.64834000E-03
+5.63231000E-03
+5.55884000E-03
+5.66857000E-03
+5.61359000E-03
+5.66214000E-03
+5.95135000E-03
+5.61727000E-03
+5.87304000E-03
+5.78448000E-03
+5.70406000E-03
+5.66333000E-03
+5.70132000E-03
+5.85654000E-03
+5.57750000E-03
+5.86949000E-03
+5.64344000E-03
+5.65161000E-03
+5.71836000E-03
+5.67930000E-03
+5.58998000E-03
+5.75300000E-03
+5.66945000E-03
+5.67148000E-03
+5.67073000E-03
+5.67552000E-03
+5.95275000E-03
+5.60782000E-03
+5.75171000E-03
+5.66616000E-03
+5.61872000E-03
+5.62484000E-03
+5.67394000E-03
+5.65440000E-03
+5.77702000E-03
+5.67015000E-03
+5.75032000E-03
+5.66916000E-03
+5.66682000E-03
+5.91881000E-03
+5.83305000E-03
+5.67050000E-03
+5.64204000E-03
+5.67400000E-03
+5.64630000E-03
+5.67160000E-03
+5.62187000E-03
+5.94505000E-03
+5.66682000E-03
+5.72717000E-03
+5.76081000E-03
+5.92978000E-03
+5.81200000E-03
+5.67260000E-03
+5.67260000E-03
+5.74017000E-03
+5.67206000E-03
+5.88640000E-03
+5.67644000E-03
+5.58234000E-03
+5.65534000E-03
+5.77259000E-03
+5.67452000E-03
+5.66542000E-03
+5.66969000E-03
+5.69609000E-03
+5.66035000E-03
+5.89118000E-03
+5.75982000E-03
+5.83800000E-03
+5.72659000E-03
+5.59674000E-03
+5.57365000E-03
+5.75941000E-03
+5.73871000E-03
+5.80395000E-03
+5.67359000E-03
+5.64782000E-03
+5.67160000E-03
+5.67044000E-03
+5.72239000E-03
+5.66980000E-03
+5.61557000E-03
+5.78751000E-03
+5.63767000E-03
+5.73180000E-03
+5.67021000E-03
+5.70408000E-03
+5.66472000E-03
+5.78127000E-03
+5.95654000E-03
+5.94528000E-03
+5.67648000E-03
+5.67376000E-03
+5.68659000E-03
+5.67837000E-03
+5.67837000E-03
+5.68280000E-03
+5.67061000E-03
+5.71353000E-03
+5.88979000E-03
+5.66491000E-03
+5.74600000E-03
+5.93619000E-03
+5.61738000E-03
+5.79288000E-03
+5.66359000E-03
+5.66289000E-03
+5.80949000E-03
+5.67475000E-03
+5.85711000E-03
+5.68449000E-03
+5.74451000E-03
+5.89899000E-03
+5.61942000E-03
+5.72775000E-03
+5.82926000E-03
+5.94190000E-03
+5.67405000E-03
+5.67522000E-03
+5.64648000E-03
+5.76604000E-03
+5.94622000E-03
+5.67061000E-03
+5.90156000E-03
+5.67831000E-03
+5.83421000E-03
+5.77463000E-03
+5.65213000E-03
+5.74746000E-03
+5.67242000E-03
+5.72256000E-03
+5.62700000E-03
+5.95712000E-03
+5.68210000E-03
+5.87362000E-03
+5.67219000E-03
+5.69382000E-03
+5.93934000E-03
+5.69592000E-03
+5.66298000E-03
+5.70848000E-03
+5.72384000E-03
+5.93585000E-03
+5.74780000E-03
+5.75364000E-03
+5.68775000E-03
+5.90943000E-03
+5.89054000E-03
+5.67440000E-03
+5.89730000E-03
+5.67359000E-03
+5.76629000E-03
+5.67272000E-03
+5.65085000E-03
+5.95998000E-03
+5.78232000E-03
+5.59960000E-03
+5.67267000E-03
+5.70431000E-03
+5.95368000E-03
+5.66414000E-03
+5.82646000E-03
+5.77404000E-03
+5.84178000E-03
+5.72886000E-03
+5.83048000E-03
+5.95071000E-03
+5.67061000E-03
+5.94132000E-03
+5.77795000E-03
+5.62619000E-03
+5.76227000E-03
+5.67992000E-03
+5.64292000E-03
+5.67627000E-03
+5.68939000E-03
+5.63820000E-03
+5.66706000E-03
+5.68029000E-03
+5.71201000E-03
+5.60969000E-03
+5.66029000E-03
+5.75929000E-03
+5.58613000E-03
+5.81093000E-03
+5.82378000E-03
+5.67784000E-03
+5.69982000E-03
+5.71580000E-03
+5.65627000E-03
+5.64094000E-03
+5.94243000E-03
+5.72294000E-03
+5.91706000E-03
+5.67504000E-03
+5.92686000E-03
+5.67604000E-03
+5.67691000E-03
+5.76157000E-03
+5.58829000E-03
+5.93905000E-03
+5.89071000E-03
+5.65971000E-03
+5.85934000E-03
+5.82022000E-03
+5.67773000E-03
+5.71230000E-03
+5.61948000E-03
+5.91607000E-03
+5.96884000E-03
+5.71096000E-03
+5.75422000E-03
+5.67592000E-03
+5.66741000E-03
+5.67609000E-03
+5.80856000E-03
+5.61703000E-03
+5.68892000E-03
+5.73294000E-03
+5.64309000E-03
+5.64741000E-03
+5.90453000E-03
+5.60205000E-03
+5.79970000E-03
+5.65773000E-03
+5.90062000E-03
+5.67913000E-03
+5.67784000E-03
+5.71009000E-03
+5.68350000E-03
+5.64065000E-03
+5.79789000E-03
+5.57704000E-03
+5.67388000E-03
+5.66956000E-03
+5.67913000E-03
+5.67848000E-03
+5.66344000E-03
+5.68058000E-03
+5.62840000E-03
+5.66379000E-03
+5.63551000E-03
+5.68887000E-03
+5.57639000E-03
+5.96458000E-03
+5.62030000E-03
+5.83684000E-03
+5.56902000E-03
+5.86057000E-03
+5.67163000E-03
+5.68216000E-03
+5.69860000E-03
+5.57179000E-03
+5.89240000E-03
+5.90669000E-03
+5.67720000E-03
+5.73883000E-03
+5.58899000E-03
+5.74857000E-03
+5.59745000E-03
+5.66863000E-03
+5.68391000E-03
+5.66927000E-03
+5.74536000E-03
+5.69166000E-03
+5.69171000E-03
+5.64939000E-03
+5.67242000E-03
+5.96620000E-03
+5.67598000E-03
+5.73049000E-03
+5.96802000E-03
+5.67592000E-03
+5.78990000E-03
+5.68075000E-03
+5.95502000E-03
+5.89777000E-03
+5.67872000E-03
+5.87359000E-03
+5.70845000E-03
+5.92999000E-03
+5.67901000E-03
+5.60922000E-03
+5.67493000E-03
+5.68134000E-03
+5.65854000E-03
+5.92424000E-03
+5.67953000E-03
+5.67959000E-03
+5.68128000E-03
+5.78932000E-03
+5.60321000E-03
+5.69889000E-03
+5.69364000E-03
+5.70437000E-03
+5.91973000E-03
+5.68052000E-03
+5.68070000E-03
+5.88383000E-03
+5.60216000E-03
+5.74472000E-03
+5.68338000E-03
+5.68490000E-03
+5.67691000E-03
+5.71516000E-03
+5.89421000E-03
+5.89420000E-03
+5.69775000E-03
+5.82774000E-03
+5.76874000E-03
+5.71772000E-03
+5.77573000E-03
+5.58013000E-03
+5.85585000E-03
+5.68315000E-03
+5.84480000E-03
+5.69265000E-03
+5.66956000E-03
+5.73102000E-03
+5.92196000E-03
+5.59283000E-03
+5.66962000E-03
+5.68420000E-03
+5.85042000E-03
+5.63439000E-03
+5.62928000E-03
+5.76338000E-03
+5.57037000E-03
+5.88097000E-03
+5.85421000E-03
+5.68187000E-03
+5.70723000E-03
+5.88710000E-03
+5.58671000E-03
+5.73038000E-03
+5.65091000E-03
+5.68647000E-03
+5.95694000E-03
+5.62866000E-03
+5.91852000E-03
+5.68261000E-03
+5.94598000E-03
+5.66313000E-03
+5.90439000E-03
+5.78920000E-03
+5.66507000E-03
+5.64496000E-03
+5.82325000E-03
+5.68991000E-03
+5.64274000E-03
+5.73405000E-03
+5.64333000E-03
+5.74495000E-03
+5.73533000E-03
+5.93566000E-03
+5.64607000E-03
+5.92050000E-03
+5.67761000E-03
+5.89637000E-03
+5.94639000E-03
+5.68245000E-03
+5.90062000E-03
+5.68309000E-03
+5.97939000E-03
+5.67388000E-03
+5.70227000E-03
+5.83187000E-03
+5.68701000E-03
+5.57546000E-03
+5.85848000E-03
+5.91421000E-03
+5.64117000E-03
+5.83182000E-03
+5.81130000E-03
+5.68945000E-03
+5.70221000E-03
+5.68117000E-03
+5.93257000E-03
+5.89613000E-03
+5.87852000E-03
+5.74460000E-03
+5.68472000E-03
+5.67843000E-03
+5.68962000E-03
+5.71673000E-03
+5.80333000E-03
+5.64601000E-03
+5.97321000E-03
+5.83975000E-03
+5.70022000E-03
+5.84902000E-03
+5.66257000E-03
+5.58893000E-03
+5.68746000E-03
+5.70682000E-03
+5.83468000E-03
+5.62560000E-03
+5.86751000E-03
+5.92075000E-03
+5.68498000E-03
+5.86698000E-03
+5.80314000E-03
+5.61305000E-03
+5.76011000E-03
+5.90027000E-03
+5.69259000E-03
+5.70513000E-03
+5.93590000E-03
+5.82203000E-03
+5.68945000E-03
+5.60700000E-03
+5.70740000E-03
+5.70733000E-03
+5.63581000E-03
+5.70157000E-03
+5.68618000E-03
+5.57564000E-03
+5.77597000E-03
+5.68501000E-03
+5.95164000E-03
+5.65289000E-03
+5.79994000E-03
+5.83853000E-03
+5.72915000E-03
+5.60945000E-03
+5.62781000E-03
+5.72355000E-03
+5.61925000E-03
+5.68781000E-03
+5.62245000E-03
+5.88511000E-03
+5.63336000E-03
+5.67067000E-03
+5.67376000E-03
+5.92249000E-03
+5.61837000E-03
+5.69125000E-03
+5.68746000E-03
+5.78990000E-03
+5.68991000E-03
+5.98470000E-03
+5.62589000E-03
+5.71831000E-03
+5.97811000E-03
+5.93187000E-03
+5.68927000E-03
+5.69411000E-03
+5.68770000E-03
+5.62922000E-03
+5.91380000E-03
+5.62006000E-03
+5.74215000E-03
+5.73038000E-03
+5.77979000E-03
+5.69580000E-03
+5.59995000E-03
+5.68362000E-03
+5.68746000E-03
+5.86634000E-03
+5.75976000E-03
+5.89211000E-03
+5.60415000E-03
+5.98190000E-03
+5.64059000E-03
+5.90051000E-03
+5.69283000E-03
+5.71516000E-03
+5.74372000E-03
+5.68857000E-03
+5.79661000E-03
+5.83917000E-03
+5.78023000E-03
+5.71801000E-03
+5.85894000E-03
+5.72227000E-03
+5.85690000E-03
+5.69219000E-03
+5.86692000E-03
+5.69318000E-03
+5.90602000E-03
+5.76058000E-03
+5.82098000E-03
+5.96470000E-03
+5.70175000E-03
+5.98802000E-03
+5.68262000E-03
+5.64910000E-03
+5.82757000E-03
+5.64333000E-03
+5.65551000E-03
+5.76454000E-03
+5.69755000E-03
+5.71562000E-03
+5.69254000E-03
+5.75008000E-03
+5.68918000E-03
+5.69266000E-03
+5.66315000E-03
+5.71452000E-03
+5.91188000E-03
+5.69324000E-03
+5.69492000E-03
+5.62753000E-03
+5.75913000E-03
+5.68863000E-03
+5.59365000E-03
+5.81387000E-03
+5.65761000E-03
+5.66140000E-03
+5.69137000E-03
+5.71328000E-03
+5.97723000E-03
+5.69236000E-03
+5.92196000E-03
+5.69265000E-03
+5.62240000E-03
+5.89462000E-03
+5.69277000E-03
+5.68793000E-03
+5.86389000E-03
+5.69743000E-03
+5.97187000E-03
+5.83876000E-03
+5.80011000E-03
+5.74991000E-03
+5.65318000E-03
+5.60671000E-03
+5.71172000E-03
+5.93698000E-03
+5.73970000E-03
+5.71370000E-03
+5.71195000E-03
+5.75789000E-03
+5.71679000E-03
+5.69936000E-03
+5.75696000E-03
+5.69666000E-03
+5.67341000E-03
+5.70974000E-03
+5.68309000E-03
+5.90249000E-03
+5.71040000E-03
+5.77649000E-03
+5.65073000E-03
+5.80467000E-03
+5.84279000E-03
+5.70472000E-03
+5.71877000E-03
+5.69927000E-03
+5.81976000E-03
+5.70140000E-03
+5.72713000E-03
+5.78250000E-03
+5.70421000E-03
+5.74268000E-03
+5.67870000E-03
+5.62957000E-03
+5.69650000E-03
+5.62554000E-03
+5.96791000E-03
+5.69965000E-03
+5.97030000E-03
+5.69510000E-03
+5.70233000E-03
+5.95998000E-03
+5.69090000E-03
+5.91986000E-03
+5.68140000E-03
+5.72256000E-03
+5.69662000E-03
+5.59429000E-03
+5.79107000E-03
+5.60951000E-03
+5.91957000E-03
+5.69726000E-03
+5.88920000E-03
+5.68799000E-03
+5.85194000E-03
+5.96552000E-03
+5.84279000E-03
+5.67265000E-03
+5.71207000E-03
+5.72342000E-03
+5.69749000E-03
+5.74285000E-03
+5.80582000E-03
+5.69982000E-03
+5.94149000E-03
+5.70163000E-03
+5.72320000E-03
+5.89205000E-03
+5.72221000E-03
+5.90196000E-03
+5.90195000E-03
+5.69563000E-03
+5.96599000E-03
+5.66426000E-03
+5.76880000E-03
+5.91753000E-03
+5.80506000E-03
+5.80512000E-03
+5.66484000E-03
+5.70449000E-03
+5.70134000E-03
+5.68332000E-03
+5.69685000E-03
+5.70927000E-03
+5.77148000E-03
+5.75026000E-03
+5.61872000E-03
+5.75976000E-03
+5.70414000E-03
+5.74064000E-03
+5.76751000E-03
+5.69848000E-03
+5.85060000E-03
+5.84780000E-03
+5.69848000E-03
+5.69400000E-03
+5.73772000E-03
+5.69920000E-03
+5.64758000E-03
+5.79358000E-03
+5.73994000E-03
+5.64974000E-03
+5.79556000E-03
+5.65930000E-03
+5.69982000E-03
+5.70329000E-03
+5.60333000E-03
+5.86663000E-03
+5.63534000E-03
+5.73656000E-03
+5.65318000E-03
+5.68192000E-03
+5.99152000E-03
+5.95158000E-03
+5.77241000E-03
+5.70519000E-03
+5.84430000E-03
+5.91421000E-03
+5.68641000E-03
+5.91712000E-03
+5.70286000E-03
+5.91497000E-03
+5.81935000E-03
+5.68134000E-03
+5.82133000E-03
+5.58963000E-03
+5.98580000E-03
+5.85165000E-03
+5.69512000E-03
+5.96785000E-03
+5.71947000E-03
+5.98062000E-03
+5.72291000E-03
+5.69866000E-03
+5.75055000E-03
+5.68828000E-03
+5.76320000E-03
+5.63487000E-03
+5.72035000E-03
+5.68356000E-03
+5.82191000E-03
+5.70361000E-03
+5.91158000E-03
+5.70123000E-03
+5.70717000E-03
+5.73113000E-03
+5.71283000E-03
+5.70764000E-03
+5.95012000E-03
+5.86162000E-03
+5.66006000E-03
+5.70396000E-03
+5.70210000E-03
+5.65248000E-03
+5.89817000E-03
+5.65184000E-03
+5.95152000E-03
+5.66688000E-03
+5.73574000E-03
+5.63148000E-03
+5.71739000E-03
+5.98272000E-03
+5.70239000E-03
+5.99064000E-03
+5.71265000E-03
+5.70700000E-03
+5.84372000E-03
+5.70307000E-03
+5.89841000E-03
+5.70356000E-03
+5.64776000E-03
+5.70799000E-03
+5.89771000E-03
+5.70670000E-03
+5.85392000E-03
+5.95834000E-03
+5.62724000E-03
+5.96278000E-03
+5.78635000E-03
+6.00685000E-03
+5.70583000E-03
+5.63756000E-03
+5.71055000E-03
+5.62619000E-03
+5.68711000E-03
+5.75084000E-03
+5.70408000E-03
+5.64572000E-03
+5.71492000E-03
+5.70335000E-03
+5.73504000E-03
+5.70443000E-03
+5.59424000E-03
+5.88564000E-03
+5.70694000E-03
+5.68851000E-03
+5.74900000E-03
+5.62356000E-03
+5.70758000E-03
+5.77230000E-03
+5.71095000E-03
+5.80626000E-03
+5.91864000E-03
+5.71003000E-03
+5.81795000E-03
+5.71224000E-03
+5.68222000E-03
+5.70035000E-03
+5.92383000E-03
+5.77550000E-03
+5.99840000E-03
+5.66723000E-03
+5.92849000E-03
+5.59423000E-03
+5.63586000E-03
+5.74671000E-03
+5.71055000E-03
+5.70635000E-03
+5.71096000E-03
+5.81632000E-03
+5.69557000E-03
+5.70816000E-03
+5.76833000E-03
+5.65003000E-03
+5.77008000E-03
+5.70495000E-03
+5.90698000E-03
+5.76308000E-03
+5.87330000E-03
+5.71077000E-03
+5.82261000E-03
+5.75929000E-03
+5.90761000E-03
+5.71640000E-03
+5.71207000E-03
+5.89262000E-03
+5.68933000E-03
+5.60525000E-03
+5.91328000E-03
+5.70834000E-03
+5.89584000E-03
+5.63895000E-03
+5.78705000E-03
+5.76536000E-03
+5.70589000E-03
+5.77953000E-03
+5.69364000E-03
+5.65271000E-03
+5.70700000E-03
+5.86240000E-03
+5.71836000E-03
+5.79795000E-03
+5.70700000E-03
+5.82185000E-03
+5.79783000E-03
+5.73536000E-03
+5.67462000E-03
+5.63598000E-03
+6.01851000E-03
+6.00009000E-03
+5.66333000E-03
+5.73708000E-03
+5.88733000E-03
+5.73154000E-03
+5.64134000E-03
+5.75754000E-03
+5.74973000E-03
+5.67563000E-03
+5.62923000E-03
+5.85246000E-03
+6.01887000E-03
+5.66262000E-03
+5.95373000E-03
+6.02475000E-03
+5.85690000E-03
+5.88675000E-03
+5.72635000E-03
+5.90022000E-03
+5.90051000E-03
+5.62047000E-03
+5.71178000E-03
+5.71011000E-03
+5.70012000E-03
+5.71172000E-03
+5.71073000E-03
+5.87275000E-03
+5.71340000E-03
+5.95712000E-03
+5.82675000E-03
+5.69889000E-03
+5.76886000E-03
+5.69498000E-03
+5.75469000E-03
+5.71527000E-03
+5.70490000E-03
+5.82739000E-03
+5.67190000E-03
+5.74309000E-03
+5.67749000E-03
+5.60595000E-03
+5.94027000E-03
+5.71248000E-03
+5.75707000E-03
+5.70957000E-03
+5.79771000E-03
+5.71131000E-03
+5.70035000E-03
+5.78279000E-03
+5.70498000E-03
+5.72927000E-03
+5.96796000E-03
+5.71224000E-03
+5.90529000E-03
+5.70921000E-03
+6.01397000E-03
+5.73603000E-03
+6.02213000E-03
+5.60875000E-03
+5.73090000E-03
+5.93374000E-03
+5.77877000E-03
+5.89538000E-03
+5.71726000E-03
+5.91976000E-03
+5.64175000E-03
+5.68531000E-03
+5.71201000E-03
+5.78413000E-03
+5.78454000E-03
+5.81801000E-03
+5.61167000E-03
+5.62630000E-03
+5.85707000E-03
+5.71516000E-03
+5.71831000E-03
+5.72898000E-03
+5.66158000E-03
+5.91928000E-03
+5.72536000E-03
+5.71778000E-03
+5.78664000E-03
+5.61861000E-03
+5.91368000E-03
+5.99974000E-03
+5.78127000E-03
+5.64986000E-03
+5.96905000E-03
+5.75145000E-03
+5.83859000E-03
+5.72052000E-03
+5.65586000E-03
+5.70484000E-03
+5.70485000E-03
+5.62135000E-03
+5.98015000E-03
+5.98011000E-03
+5.70361000E-03
+5.82343000E-03
+5.72105000E-03
+5.71936000E-03
+5.65429000E-03
+5.62342000E-03
+5.71714000E-03
+5.73434000E-03
+5.71854000E-03
+5.74670000E-03
+5.83742000E-03
+5.71796000E-03
+5.72804000E-03
+5.71259000E-03
+5.71936000E-03
+5.73271000E-03
+5.73691000E-03
+5.73644000E-03
+5.75556000E-03
+5.93374000E-03
+5.72110000E-03
+5.72239000E-03
+5.71638000E-03
+5.89089000E-03
+5.67936000E-03
+5.73720000E-03
+5.73026000E-03
+5.90409000E-03
+5.72116000E-03
+5.71976000E-03
+5.72110000E-03
+5.74437000E-03
+5.66589000E-03
+5.71883000E-03
+5.72122000E-03
+5.95811000E-03
+5.79958000E-03
+5.70082000E-03
+5.83101000E-03
+5.71871000E-03
+5.92913000E-03
+5.79002000E-03
+6.01210000E-03
+5.95957000E-03
+5.75457000E-03
+5.72029000E-03
+5.74583000E-03
+5.65102000E-03
+5.88030000E-03
+6.02650000E-03
+5.71757000E-03
+5.80357000E-03
+5.69574000E-03
+5.88966000E-03
+5.66012000E-03
+5.72093000E-03
+5.67586000E-03
+5.76909000E-03
+5.76932000E-03
+5.95118000E-03
2021/08/29,12:24:04
