2021/08/28,20:02:53
-4.40000000E-08
-4.60000000E-08
-4.70000000E-08
-4.50000000E-08
-4.40000000E-08
-4.80000000E-08
-5.20000000E-08
-5.20000000E-08
-5.60000000E-08
-5.80000000E-08
-6.30000000E-08
-5.90000000E-08
-5.90000000E-08
-5.90000000E-08
-5.30000000E-08
-5.20000000E-08
-4.70000000E-08
-5.30000000E-08
-5.60000000E-08
-5.30000000E-08
-5.10000000E-08
-4.70000000E-08
-4.80000000E-08
-4.80000000E-08
-4.80000000E-08
-5.10000000E-08
-5.10000000E-08
-5.50000000E-08
-5.20000000E-08
-4.90000000E-08
-4.80000000E-08
-4.70000000E-08
-4.90000000E-08
-5.20000000E-08
-5.60000000E-08
-5.50000000E-08
-5.70000000E-08
-5.80000000E-08
-6.00000000E-08
-6.00000000E-08
-5.40000000E-08
-5.60000000E-08
-5.70000000E-08
-5.80000000E-08
-5.90000000E-08
-5.40000000E-08
-5.50000000E-08
-5.00000000E-08
-4.90000000E-08
-5.20000000E-08
-5.60000000E-08
-5.60000000E-08
-5.90000000E-08
-5.50000000E-08
-5.20000000E-08
-4.80000000E-08
-4.80000000E-08
-5.10000000E-08
-2.10000000E-08
-2.80000000E-08
-3.70000000E-08
+0.00000000E+00
+5.98254000E-03
+6.00447000E-03
+6.01752000E-03
+6.00586000E-03
+5.99518000E-03
+5.99382000E-03
+5.97543000E-03
+5.96452000E-03
+5.93908000E-03
+5.92513000E-03
+5.92564000E-03
+5.93397000E-03
+5.93013000E-03
+5.93730000E-03
+5.93601000E-03
+5.93351000E-03
+5.92931000E-03
+5.92686000E-03
+6.00697000E-03
+5.92663000E-03
+5.93301000E-03
+5.89600000E-03
+5.89328000E-03
+5.89456000E-03
+5.90841000E-03
+5.93359000E-03
+5.97070000E-03
+6.01589000E-03
+5.97238000E-03
+5.95911000E-03
+5.95036000E-03
+5.95372000E-03
+5.95887000E-03
+5.96435000E-03
+5.98715000E-03
+5.98438000E-03
+5.98453000E-03
+5.99234000E-03
+5.98258000E-03
+5.98260000E-03
+5.96340000E-03
+5.95702000E-03
+5.97006000E-03
+5.97071000E-03
+5.97654000E-03
+5.69761000E-03
+1.18400000E-03
+0.00000000E+00
+0.00000000E+00
+5.68933000E-03
+5.69009000E-03
+5.69139000E-03
+5.69150000E-03
+5.68847000E-03
+5.69101000E-03
+5.69015000E-03
+5.68972000E-03
+5.68972000E-03
+5.69278000E-03
+5.68804000E-03
+5.70073000E-03
+5.68952000E-03
+5.68953000E-03
+5.68544000E-03
+5.68759000E-03
+5.68836000E-03
+5.67988000E-03
+5.75755000E-03
+5.67926000E-03
+5.67189000E-03
+5.68052000E-03
+6.09291000E-03
+6.02020000E-03
+5.79743000E-03
+5.70682000E-03
+6.06918000E-03
+6.14171000E-03
+5.89427000E-03
+5.86535000E-03
+6.10772000E-03
+5.73982000E-03
+6.03280000E-03
+6.03636000E-03
+6.08795000E-03
+5.87748000E-03
+6.09781000E-03
+6.05600000E-03
+5.86150000E-03
+5.79947000E-03
+6.15460000E-03
+5.82827000E-03
+6.00359000E-03
+6.10924000E-03
+5.89730000E-03
+5.97852000E-03
+5.78938000E-03
+5.85882000E-03
+6.05775000E-03
+5.81171000E-03
+6.15506000E-03
+6.07938000E-03
+6.05752000E-03
+5.89753000E-03
+5.98067000E-03
+5.80069000E-03
+5.61528000E-03
+6.01752000E-03
+5.94324000E-03
+6.10428000E-03
+5.78052000E-03
+5.54322000E-03
+5.97240000E-03
+5.82349000E-03
+6.00318000E-03
+6.07134000E-03
+5.97135000E-03
+5.97490000E-03
+5.73895000E-03
+6.05169000E-03
+6.06755000E-03
+5.76932000E-03
+5.82209000E-03
+5.95496000E-03
+5.88855000E-03
+6.00703000E-03
+5.86710000E-03
+6.10101000E-03
+5.60794000E-03
+5.84010000E-03
+6.10160000E-03
+6.12416000E-03
+6.00400000E-03
+6.08755000E-03
+6.01303000E-03
+5.94330000E-03
+5.97024000E-03
+6.15430000E-03
+6.00674000E-03
+6.15739000E-03
+5.96050000E-03
+5.80343000E-03
+6.15005000E-03
+5.86068000E-03
+6.18357000E-03
+6.18824000E-03
+6.03863000E-03
+5.79556000E-03
+5.77101000E-03
+6.10760000E-03
+5.82850000E-03
+6.08008000E-03
+5.84762000E-03
+6.12078000E-03
+6.11110000E-03
+6.00050000E-03
+5.66612000E-03
+5.97333000E-03
+5.80489000E-03
+5.99875000E-03
+6.19477000E-03
+5.83940000E-03
+5.74320000E-03
+5.93957000E-03
+6.05303000E-03
+6.01583000E-03
+5.77142000E-03
+6.15378000E-03
+5.92890000E-03
+6.07938000E-03
+5.92569000E-03
+5.81258000E-03
+5.98266000E-03
+6.01268000E-03
+6.07804000E-03
+5.89782000E-03
+5.53546000E-03
+5.68727000E-03
+5.69769000E-03
+5.68495000E-03
+5.69441000E-03
+5.68729000E-03
+5.69603000E-03
+5.69928000E-03
+5.68787000E-03
+5.68829000E-03
+5.69831000E-03
+5.69518000E-03
+5.69294000E-03
+5.71801000E-03
+5.68437000E-03
+0.00000000E+00
+0.00000000E+00
+6.15011000E-03
+5.82965000E-03
+5.92913000E-03
+6.03379000E-03
+5.97658000E-03
+6.01340000E-03
+6.01034000E-03
+6.02320000E-03
+0.00000000E+00
+5.66130000E-03
+5.81920000E-03
+5.64930000E-03
+5.86622000E-03
+6.05151000E-03
+5.79777000E-03
+6.14515000E-03
+5.90447000E-03
+5.76332000E-03
+5.96837000E-03
+6.15116000E-03
+6.02131000E-03
+6.07973000E-03
+5.91158000E-03
+6.08434000E-03
+5.93689000E-03
+6.10632000E-03
+6.20095000E-03
+6.03845000E-03
+5.94196000E-03
+5.94511000E-03
+6.33097000E-03
+6.01420000E-03
+6.07927000E-03
+6.13523000E-03
+6.26800000E-03
+6.10719000E-03
+6.24986000E-03
+6.10037000E-03
+6.10037000E-03
+6.35195000E-03
+6.31435000E-03
+6.04510000E-03
+6.23354000E-03
+6.15868000E-03
+6.27610000E-03
+6.23581000E-03
+6.28117000E-03
+6.32933000E-03
+6.25762000E-03
+6.34175000E-03
+6.27132000E-03
+6.46285000E-03
+5.64680000E-03
+0.00000000E+00
+6.16025000E-03
+5.95362000E-03
+6.14894000E-03
+6.08492000E-03
+5.90797000E-03
+6.15471000E-03
+6.15926000E-03
+5.87643000E-03
+6.31202000E-03
+6.04038000E-03
+6.19961000E-03
+6.27908000E-03
+6.08731000E-03
+6.02032000E-03
+6.25832000E-03
+5.95298000E-03
+6.10247000E-03
+5.98417000E-03
+6.21407000E-03
+6.18515000E-03
+5.69110000E-03
+5.57740000E-03
+5.55190000E-03
+0.00000000E+00
+6.18206000E-03
+6.08586000E-03
+5.98936000E-03
+6.01070000E-03
+5.90797000E-03
+5.97327000E-03
+5.91561000E-03
+5.94756000E-03
+6.06416000E-03
+5.90628000E-03
+6.27342000E-03
+6.14072000E-03
+5.98994000E-03
+5.92861000E-03
+6.30228000E-03
+6.04796000E-03
+0.00000000E+00
+5.60170000E-03
+0.00000000E+00
+6.30053000E-03
+6.26409000E-03
+6.23995000E-03
+6.26881000E-03
+5.86430000E-03
+5.97065000E-03
+6.04557000E-03
+6.05303000E-03
+6.12533000E-03
+5.95520000E-03
+5.79370000E-03
+5.79643000E-03
+6.20911000E-03
+6.21791000E-03
+6.14416000E-03
+6.00563000E-03
+6.15862000E-03
+5.86558000E-03
+5.63954000E-03
+5.74298000E-03
+5.73599000E-03
+5.74731000E-03
+5.74722000E-03
+5.74355000E-03
+5.73622000E-03
+5.74600000E-03
+5.74988000E-03
+5.74984000E-03
+5.74874000E-03
+5.74715000E-03
+5.74615000E-03
+5.75404000E-03
+5.74511000E-03
+5.74312000E-03
+5.74931000E-03
+5.75123000E-03
+5.76062000E-03
+5.76577000E-03
+5.76571000E-03
+5.79896000E-03
+5.76589000E-03
+5.77923000E-03
+5.76766000E-03
+5.77173000E-03
+5.76296000E-03
+5.76588000E-03
+5.76722000E-03
+5.77747000E-03
+5.78343000E-03
+5.78256000E-03
+5.79008000E-03
+5.77614000E-03
+5.77821000E-03
+5.78264000E-03
+5.77425000E-03
+5.77730000E-03
+5.77725000E-03
+5.78040000E-03
+5.79521000E-03
+5.79512000E-03
+5.77597000E-03
+5.79399000E-03
+5.79363000E-03
+5.78367000E-03
+5.79240000E-03
+5.78059000E-03
+5.78238000E-03
+5.77665000E-03
+5.78576000E-03
+5.78998000E-03
+5.78136000E-03
+5.78271000E-03
+5.78036000E-03
+5.77869000E-03
+5.82255000E-03
+5.78141000E-03
+5.76915000E-03
+5.76711000E-03
+5.77114000E-03
+5.77609000E-03
+5.78407000E-03
+5.78201000E-03
+5.79049000E-03
+5.77545000E-03
+5.77591000E-03
+5.78341000E-03
+5.78293000E-03
+5.78134000E-03
+5.78158000E-03
+5.79413000E-03
+5.79019000E-03
+5.80075000E-03
+5.79817000E-03
+5.79614000E-03
+5.80629000E-03
+5.80712000E-03
+6.00359000E-03
+5.80817000E-03
+5.82162000E-03
+5.81718000E-03
+5.81008000E-03
+5.80911000E-03
+5.80635000E-03
+5.81770000E-03
+5.82712000E-03
+5.82448000E-03
+5.84360000E-03
+5.84686000E-03
+5.84479000E-03
+5.88232000E-03
+5.88372000E-03
+5.87388000E-03
+5.87270000E-03
+5.87237000E-03
+5.85813000E-03
+5.86038000E-03
+5.85095000E-03
+5.84707000E-03
+5.82531000E-03
+5.84324000E-03
+5.83316000E-03
+5.81888000E-03
+5.81672000E-03
+6.00918000E-03
+5.81312000E-03
+5.81786000E-03
+5.80279000E-03
+5.80757000E-03
+5.80354000E-03
+5.80740000E-03
+5.80089000E-03
+5.80291000E-03
+5.82034000E-03
+5.81484000E-03
+5.81756000E-03
+5.83229000E-03
+5.83541000E-03
+5.82941000E-03
+5.84712000E-03
+5.85794000E-03
+5.84660000E-03
+5.84796000E-03
+5.83048000E-03
+5.83200000E-03
+5.84212000E-03
+5.78932000E-03
+5.86084000E-03
+5.85557000E-03
+5.86690000E-03
+5.86739000E-03
+5.87277000E-03
+5.90303000E-03
+5.97385000E-03
+5.97390000E-03
+6.00090000E-03
+5.99028000E-03
+5.95065000E-03
+5.93302000E-03
+5.89128000E-03
+5.88774000E-03
+5.89712000E-03
+5.92448000E-03
+5.94231000E-03
+5.98726000E-03
+5.92076000E-03
+5.94397000E-03
+5.93374000E-03
+5.93512000E-03
+5.94476000E-03
+5.97197000E-03
+5.88882000E-03
+5.87275000E-03
+5.87144000E-03
+5.87977000E-03
+5.88761000E-03
+5.89516000E-03
+5.85456000E-03
+5.87530000E-03
+5.87158000E-03
+5.86797000E-03
+5.86924000E-03
+5.86921000E-03
+5.86871000E-03
+5.88820000E-03
+5.88977000E-03
+5.88158000E-03
+5.89310000E-03
+5.89542000E-03
+5.89426000E-03
+5.88622000E-03
+5.89299000E-03
+5.91905000E-03
+5.91450000E-03
+5.92628000E-03
+5.90109000E-03
+5.88801000E-03
+5.87200000E-03
+5.88937000E-03
+5.91036000E-03
+5.90202000E-03
+5.90932000E-03
+5.91928000E-03
+5.93218000E-03
+5.98735000E-03
+5.95432000E-03
+5.96806000E-03
+5.82630000E-03
+5.85396000E-03
+5.94147000E-03
+5.96428000E-03
+5.96482000E-03
+5.86488000E-03
+5.85281000E-03
+5.84121000E-03
+5.84897000E-03
+5.84442000E-03
+5.84664000E-03
+5.84665000E-03
+5.84886000E-03
+5.83935000E-03
+5.85542000E-03
+5.84359000E-03
+5.84367000E-03
+5.84780000E-03
+5.84862000E-03
+5.85170000E-03
+5.84943000E-03
+5.85140000E-03
+5.85835000E-03
+5.85555000E-03
+5.85669000E-03
+5.86231000E-03
+5.85981000E-03
+5.85711000E-03
+5.85504000E-03
+5.86203000E-03
+5.86393000E-03
+5.86092000E-03
+5.84903000E-03
+5.85696000E-03
+5.85865000E-03
+5.84832000E-03
+5.83964000E-03
+5.83616000E-03
+5.83458000E-03
+5.88541000E-03
+5.84523000E-03
+5.84313000E-03
+5.83451000E-03
+5.84270000E-03
+5.84679000E-03
+5.84937000E-03
+5.84937000E-03
+5.84691000E-03
+5.84558000E-03
+5.84401000E-03
+5.83808000E-03
+5.83865000E-03
+5.84602000E-03
+5.84733000E-03
+5.84087000E-03
+5.84094000E-03
+5.83999000E-03
+5.83978000E-03
+5.85787000E-03
+5.84413000E-03
+5.84503000E-03
+5.84487000E-03
+5.85485000E-03
+5.85129000E-03
+5.85235000E-03
+5.85555000E-03
+5.85250000E-03
+5.85766000E-03
+5.86334000E-03
+5.88345000E-03
+5.89299000E-03
+5.88368000E-03
+5.89059000E-03
+5.97251000E-03
+5.89485000E-03
+5.87795000E-03
+5.89202000E-03
+5.88629000E-03
+5.88637000E-03
+5.90261000E-03
+5.90007000E-03
+5.93550000E-03
+5.83802000E-03
+5.83233000E-03
+5.83526000E-03
+5.83101000E-03
+5.83340000E-03
+5.83309000E-03
+5.82763000E-03
+5.83582000E-03
+5.83605000E-03
+5.84023000E-03
+5.84703000E-03
+5.83854000E-03
+5.84970000E-03
+5.84703000E-03
+5.90004000E-03
+5.83331000E-03
+5.83832000E-03
+5.82926000E-03
+5.83043000E-03
+5.86841000E-03
+5.87054000E-03
+5.87433000E-03
+5.89094000E-03
+5.92838000E-03
+5.82832000E-03
+5.80393000E-03
+5.83510000E-03
+5.81695000E-03
+5.81701000E-03
+5.80979000E-03
+5.79798000E-03
+5.77906000E-03
+5.78696000E-03
+5.79038000E-03
+5.79912000E-03
+5.79209000E-03
+5.79361000E-03
+5.79159000E-03
+5.80096000E-03
+5.80151000E-03
+5.81159000E-03
+5.81154000E-03
+5.81198000E-03
+5.81867000E-03
+5.83480000E-03
+5.81409000E-03
+5.81787000E-03
+5.82532000E-03
+5.82425000E-03
+5.82666000E-03
+5.81749000E-03
+5.82351000E-03
+5.82870000E-03
+5.82559000E-03
+5.82093000E-03
+5.82046000E-03
+5.82856000E-03
+5.82389000E-03
+5.82757000E-03
+5.82331000E-03
+5.82400000E-03
+5.82845000E-03
+5.83045000E-03
+5.82919000E-03
+5.82076000E-03
+5.82798000E-03
+5.83291000E-03
+5.82636000E-03
+5.82825000E-03
+5.87223000E-03
+5.82550000E-03
+5.82100000E-03
+5.82253000E-03
+5.82862000E-03
+5.82309000E-03
+5.82093000E-03
+5.83030000E-03
+5.82722000E-03
+5.82090000E-03
+5.82748000E-03
+5.81992000E-03
+5.82794000E-03
+5.81701000E-03
+5.81925000E-03
+5.82232000E-03
+5.82265000E-03
+5.82710000E-03
+5.82724000E-03
+5.82820000E-03
+5.82725000E-03
+5.83333000E-03
+5.83847000E-03
+5.83856000E-03
+5.83858000E-03
+5.84020000E-03
+5.87439000E-03
+5.84663000E-03
+5.84290000E-03
+5.83981000E-03
+5.84216000E-03
+5.84854000E-03
+5.84920000E-03
+5.84459000E-03
+5.86826000E-03
+5.85470000E-03
+5.85880000E-03
+5.89602000E-03
+5.86130000E-03
+5.86652000E-03
+5.85768000E-03
+5.85772000E-03
+5.86404000E-03
+5.86355000E-03
+5.86603000E-03
+5.87143000E-03
+5.86982000E-03
+5.86934000E-03
+5.87403000E-03
+5.87334000E-03
+5.88671000E-03
+5.88209000E-03
+5.92155000E-03
+5.88105000E-03
+5.88625000E-03
+5.89219000E-03
+5.89975000E-03
+5.89967000E-03
+5.89125000E-03
+5.89773000E-03
+5.95362000E-03
+5.90301000E-03
+5.93170000E-03
+5.91373000E-03
+5.93625000E-03
+5.91526000E-03
+5.90977000E-03
+5.91791000E-03
+5.90132000E-03
+5.91835000E-03
+5.91936000E-03
+5.90856000E-03
+5.91577000E-03
+5.91630000E-03
+5.92944000E-03
+5.92534000E-03
+5.94517000E-03
+5.92488000E-03
+6.04341000E-03
+5.92777000E-03
+5.91876000E-03
+5.94546000E-03
+5.92890000E-03
+5.93039000E-03
+5.92680000E-03
+5.92142000E-03
+5.92956000E-03
+5.93330000E-03
+5.93335000E-03
+5.93037000E-03
+5.93034000E-03
+5.92305000E-03
+5.92939000E-03
+5.91900000E-03
+5.92429000E-03
+5.93432000E-03
+5.92053000E-03
+5.93764000E-03
+5.92290000E-03
+5.93397000E-03
+5.93031000E-03
+5.94074000E-03
+5.93895000E-03
+5.94314000E-03
+5.94781000E-03
+6.09419000E-03
+5.95385000E-03
+5.94422000E-03
+5.94750000E-03
+5.95980000E-03
+5.96091000E-03
+5.96094000E-03
+5.97517000E-03
+6.00032000E-03
+5.99423000E-03
+6.00377000E-03
+6.02356000E-03
+5.96598000E-03
+5.96764000E-03
+5.96161000E-03
+5.94622000E-03
+5.96744000E-03
+6.00501000E-03
+5.90698000E-03
+5.95385000E-03
+5.91275000E-03
+5.93532000E-03
+5.91990000E-03
+5.94179000E-03
+5.92773000E-03
+5.93491000E-03
+6.10585000E-03
+5.92464000E-03
+5.93450000E-03
+5.92974000E-03
+5.94773000E-03
+5.95071000E-03
+5.95017000E-03
+5.96381000E-03
+5.96377000E-03
+5.97478000E-03
+5.97350000E-03
+5.97915000E-03
+6.01620000E-03
+5.96828000E-03
+5.96393000E-03
+5.96977000E-03
+5.97985000E-03
+5.98531000E-03
+6.01970000E-03
+5.97441000E-03
+5.97694000E-03
+5.98715000E-03
+5.98878000E-03
+5.99304000E-03
+5.98882000E-03
+5.97963000E-03
+5.51240000E-03
+0.00000000E+00
+5.77470000E-03
+5.79363000E-03
+5.78059000E-03
+5.77465000E-03
+5.77462000E-03
+5.77927000E-03
+5.77681000E-03
+5.77317000E-03
+5.77550000E-03
+5.77790000E-03
+5.77805000E-03
+5.77995000E-03
+5.77876000E-03
+5.78466000E-03
+5.78216000E-03
+5.78281000E-03
+5.78878000E-03
+5.79037000E-03
+5.77982000E-03
+5.78404000E-03
+5.79247000E-03
+5.78495000E-03
+5.78576000E-03
+5.78737000E-03
+5.90890000E-03
+5.79498000E-03
+5.79327000E-03
+5.79451000E-03
+5.79826000E-03
+5.78495000E-03
+5.79207000E-03
+5.79515000E-03
+5.79485000E-03
+5.79878000E-03
+5.80348000E-03
+5.79965000E-03
+5.79883000E-03
+5.80451000E-03
+5.79824000E-03
+5.79888000E-03
+5.81019000E-03
+5.80304000E-03
+5.79859000E-03
+5.80140000E-03
+5.79783000E-03
+5.80910000E-03
+5.80685000E-03
+5.79768000E-03
+5.81406000E-03
+5.81060000E-03
+5.80241000E-03
+5.80465000E-03
+5.81206000E-03
+5.81285000E-03
+5.81282000E-03
+5.82336000E-03
+5.81958000E-03
+5.81523000E-03
+5.82710000E-03
+5.82216000E-03
+5.83229000E-03
+5.81694000E-03
+5.81694000E-03
+5.82152000E-03
+5.81901000E-03
+5.82208000E-03
+5.82051000E-03
+5.82046000E-03
+5.81913000E-03
+5.82005000E-03
+5.82582000E-03
+5.83448000E-03
+5.82152000E-03
+5.82786000E-03
+5.83494000E-03
+5.82897000E-03
+5.83608000E-03
+5.83470000E-03
+5.83643000E-03
+5.82907000E-03
+5.83683000E-03
+5.84140000E-03
+5.83816000E-03
+5.84697000E-03
+5.84876000E-03
+5.85970000E-03
+5.85968000E-03
+5.86158000E-03
+5.86229000E-03
+5.86966000E-03
+5.87373000E-03
+5.86571000E-03
+5.87517000E-03
+5.87379000E-03
+5.88920000E-03
+5.89712000E-03
+5.90416000E-03
+5.91412000E-03
+5.92370000E-03
+5.95899000E-03
+5.99304000E-03
+5.93079000E-03
+5.92951000E-03
+5.92481000E-03
+5.92652000E-03
+5.92358000E-03
+5.92801000E-03
+5.92902000E-03
+5.97764000E-03
+5.93661000E-03
+5.93025000E-03
+5.93514000E-03
+5.91683000E-03
+5.92616000E-03
+5.91817000E-03
+5.90494000E-03
+5.90255000E-03
+5.90964000E-03
+5.89740000E-03
+5.90472000E-03
+5.89555000E-03
+5.89083000E-03
+5.90303000E-03
+5.89730000E-03
+5.89312000E-03
+5.90364000E-03
+5.89219000E-03
+5.93018000E-03
+5.90160000E-03
+5.90161000E-03
+5.90451000E-03
+5.90136000E-03
+6.11419000E-03
+5.91333000E-03
+5.91202000E-03
+5.91206000E-03
+5.91485000E-03
+5.91689000E-03
+5.91038000E-03
+5.91263000E-03
+5.92214000E-03
+5.92793000E-03
+5.92819000E-03
+5.96540000E-03
+5.93764000E-03
+5.93763000E-03
+5.92558000E-03
+5.92501000E-03
+5.91847000E-03
+5.90879000E-03
+5.89532000E-03
+5.90301000E-03
+5.90255000E-03
+5.89462000E-03
+5.89926000E-03
+5.88774000E-03
+5.89858000E-03
+5.91497000E-03
+5.90132000E-03
+5.90517000E-03
+5.89425000E-03
+5.91373000E-03
+5.90383000E-03
+5.91729000E-03
+5.91720000E-03
+5.93018000E-03
+5.93680000E-03
+5.94110000E-03
+5.94441000E-03
+5.94808000E-03
+5.94756000E-03
+5.95262000E-03
+5.94794000E-03
+5.96386000E-03
+5.95304000E-03
+5.95583000E-03
+5.97752000E-03
+5.96692000E-03
+5.97152000E-03
+5.98189000E-03
+5.99760000E-03
+6.07647000E-03
+5.99236000E-03
+5.99467000E-03
+5.98758000E-03
+5.99508000E-03
+5.95315000E-03
+5.93636000E-03
+5.92207000E-03
+5.91434000E-03
+5.92698000E-03
+5.92126000E-03
+5.90100000E-03
+5.91094000E-03
+5.90949000E-03
+5.90943000E-03
+5.90447000E-03
+5.90074000E-03
+5.90066000E-03
+5.89351000E-03
+5.90435000E-03
+5.89054000E-03
+5.89932000E-03
+5.88669000E-03
+5.90010000E-03
+5.89891000E-03
+5.89657000E-03
+5.90196000E-03
+5.89714000E-03
+5.90523000E-03
+5.90385000E-03
+5.90074000E-03
+5.88803000E-03
+5.88800000E-03
+5.93135000E-03
+5.88908000E-03
+5.89361000E-03
+5.89179000E-03
+5.89055000E-03
+5.89887000E-03
+5.89450000E-03
+5.90454000E-03
+5.91799000E-03
+5.91110000E-03
+5.91499000E-03
+5.92358000E-03
+5.91888000E-03
+5.91823000E-03
+5.94006000E-03
+5.93022000E-03
+5.93340000E-03
+5.93492000E-03
+5.94113000E-03
+5.94365000E-03
+5.96106000E-03
+5.94995000E-03
+5.95856000E-03
+5.94897000E-03
+5.94980000E-03
+6.06131000E-03
+5.96552000E-03
+5.96231000E-03
+5.96700000E-03
+5.97709000E-03
+5.96708000E-03
+5.99068000E-03
+5.98318000E-03
+5.99562000E-03
+5.98394000E-03
+6.00295000E-03
+6.04108000E-03
+5.99608000E-03
+5.99307000E-03
+5.99283000E-03
+5.99386000E-03
+5.98983000E-03
+5.99957000E-03
+5.99917000E-03
+5.99569000E-03
+6.00644000E-03
+6.01019000E-03
+6.01414000E-03
+6.00866000E-03
+6.00866000E-03
+6.00747000E-03
+6.11845000E-03
+6.01862000E-03
+6.02174000E-03
+6.02615000E-03
+6.02226000E-03
+6.03055000E-03
+6.02296000E-03
+6.03058000E-03
+6.02760000E-03
+6.03455000E-03
+6.03481000E-03
+6.05390000E-03
+5.96065000E-03
+5.95697000E-03
+5.97764000E-03
+5.98919000E-03
+6.00711000E-03
+5.95718000E-03
+5.83101000E-03
+5.82710000E-03
+5.83504000E-03
+5.82605000E-03
+5.82605000E-03
+5.83197000E-03
+5.83211000E-03
+5.83873000E-03
+6.02009000E-03
+5.83303000E-03
+5.84244000E-03
+5.84734000E-03
+5.84095000E-03
+5.84100000E-03
+5.84057000E-03
+5.84108000E-03
+5.83825000E-03
+5.84451000E-03
+5.84194000E-03
+5.84104000E-03
+5.83907000E-03
+5.84421000E-03
+5.83925000E-03
+5.84972000E-03
+5.84587000E-03
+5.85264000E-03
+5.85070000E-03
+5.84388000E-03
+5.85243000E-03
+5.80944000E-03
+5.88774000E-03
+5.86010000E-03
+5.84947000E-03
+5.85095000E-03
+5.85147000E-03
+6.05892000E-03
+5.85005000E-03
+5.84465000E-03
+5.84489000E-03
+5.85071000E-03
+5.85270000E-03
+5.85732000E-03
+5.83801000E-03
+5.83958000E-03
+5.83427000E-03
+5.84051000E-03
+5.84043000E-03
+5.82879000E-03
+5.83050000E-03
+5.82670000E-03
+5.82889000E-03
+5.82909000E-03
+5.82846000E-03
+5.83212000E-03
+5.82480000E-03
+5.82731000E-03
+5.83103000E-03
+5.82299000E-03
+5.83340000E-03
+5.82145000E-03
+5.82526000E-03
+6.03064000E-03
+5.82908000E-03
+5.81964000E-03
+5.82829000E-03
+5.82093000E-03
+5.82484000E-03
+5.82121000E-03
+5.81707000E-03
+5.82658000E-03
+5.83760000E-03
+5.82545000E-03
+5.82395000E-03
+5.83129000E-03
+5.82693000E-03
+5.83280000E-03
+5.82722000E-03
+5.82732000E-03
+5.82457000E-03
+5.82534000E-03
+5.82173000E-03
+5.83013000E-03
+5.82610000E-03
+5.83325000E-03
+5.83273000E-03
+5.83194000E-03
+5.82387000E-03
+5.97140000E-03
+5.83375000E-03
+5.82734000E-03
+5.82448000E-03
+5.83256000E-03
+5.82724000E-03
+5.83247000E-03
+5.82278000E-03
+5.82720000E-03
+5.84104000E-03
+5.83398000E-03
+5.83392000E-03
+5.83328000E-03
+5.84232000E-03
+5.83434000E-03
+5.82779000E-03
+5.83319000E-03
+5.82883000E-03
+5.83248000E-03
+5.83369000E-03
+5.82098000E-03
+5.83459000E-03
+5.77614000E-03
+5.83114000E-03
+5.83121000E-03
+5.82973000E-03
+5.82975000E-03
+5.83080000E-03
+5.83084000E-03
+5.83045000E-03
+5.98604000E-03
+5.83673000E-03
+5.83161000E-03
+5.83151000E-03
+5.82921000E-03
+5.82588000E-03
+5.82512000E-03
+5.82547000E-03
+5.82627000E-03
+5.82794000E-03
+5.83346000E-03
+5.83440000E-03
+5.83247000E-03
+5.82524000E-03
+5.83812000E-03
+5.83649000E-03
+5.82349000E-03
+5.83153000E-03
+5.82757000E-03
+5.82888000E-03
+5.83837000E-03
+5.83277000E-03
+5.83186000E-03
+5.83163000E-03
+5.83398000E-03
+5.83459000E-03
+5.82478000E-03
+5.83799000E-03
+5.82908000E-03
+5.82778000E-03
+5.82776000E-03
+5.83057000E-03
+5.83334000E-03
+5.83312000E-03
+5.84249000E-03
+5.83839000E-03
+5.82537000E-03
+5.83136000E-03
+5.83211000E-03
+5.83497000E-03
+5.83139000E-03
+5.83527000E-03
+5.84856000E-03
+5.83497000E-03
+5.83268000E-03
+5.82594000E-03
+5.82976000E-03
+5.88307000E-03
+5.82855000E-03
+5.83130000E-03
+5.83359000E-03
+5.89712000E-03
+5.82563000E-03
+5.82916000E-03
+5.83711000E-03
+5.83253000E-03
+5.83251000E-03
+5.82487000E-03
+5.82436000E-03
+5.82780000E-03
+5.82846000E-03
+5.82592000E-03
+5.83456000E-03
+5.82699000E-03
+5.82760000E-03
+5.82718000E-03
+5.85993000E-03
+5.82629000E-03
+5.82920000E-03
+5.83323000E-03
+5.83717000E-03
+5.83532000E-03
+5.82635000E-03
+5.83251000E-03
+5.84356000E-03
+5.83241000E-03
+5.83332000E-03
+5.82400000E-03
+5.84424000E-03
+5.83494000E-03
+5.82708000E-03
+5.83900000E-03
+5.83355000E-03
+5.82607000E-03
+5.83333000E-03
+5.83661000E-03
+5.83592000E-03
+5.83622000E-03
+5.83251000E-03
+5.83366000E-03
+5.83226000E-03
+5.83226000E-03
+5.83494000E-03
+5.83225000E-03
+5.82591000E-03
+5.83554000E-03
+5.82514000E-03
+5.83316000E-03
+5.83307000E-03
+5.83211000E-03
+5.82723000E-03
+5.83314000E-03
2021/08/28,20:37:24
