2021/08/28,21:43:14
+8.00000000E-09
+1.60000000E-08
+2.00000000E-08
+2.10000000E-08
-4.00000000E-09
+4.00000000E-09
+4.00000000E-09
+9.00000000E-09
+1.90000000E-08
+2.10000000E-08
+2.10000000E-08
+1.70000000E-08
+4.50126000E-03
+5.75077000E-03
+5.78225000E-03
+5.70118000E-03
+5.72796000E-03
+5.79626000E-03
+5.80272000E-03
+5.81876000E-03
+5.88436000E-03
+6.03944000E-03
+5.97030000E-03
+6.18299000E-03
+6.18299000E-03
+5.91846000E-03
+5.98435000E-03
+6.11600000E-03
+5.86529000E-03
+5.89724000E-03
+6.11524000E-03
+5.93817000E-03
+6.20036000E-03
+6.09787000E-03
+6.01239000E-03
+5.85759000E-03
+6.00505000E-03
+6.23179000E-03
+0.00000000E+00
+5.76430000E-03
+6.28869000E-03
+6.00889000E-03
+6.07787000E-03
+6.13512000E-03
+6.01018000E-03
+5.84512000E-03
+5.93199000E-03
+5.89316000E-03
+5.96598000E-03
+5.96598000E-03
+6.14054000E-03
+6.15547000E-03
+6.17185000E-03
+5.90086000E-03
+6.01764000E-03
+6.14725000E-03
+6.27639000E-03
+6.08766000E-03
+6.20870000E-03
+6.12789000E-03
+5.70064000E-03
+5.95712000E-03
+6.04848000E-03
+6.26281000E-03
+6.08381000E-03
+6.11728000E-03
+6.11728000E-03
+6.00790000E-03
+6.00790000E-03
+5.93077000E-03
+6.13256000E-03
+6.13028000E-03
+5.91502000E-03
+6.09682000E-03
+5.85211000E-03
+6.07221000E-03
+6.28648000E-03
+6.28648000E-03
+6.27190000E-03
+6.03391000E-03
+6.16003000E-03
+6.14185000E-03
+6.34129000E-03
+6.26823000E-03
+6.07781000E-03
+6.13273000E-03
+5.75030000E-03
+0.00000000E+00
+5.86080000E-03
+6.00341000E-03
+5.91928000E-03
+5.96184000E-03
+5.79159000E-03
+6.03187000E-03
+5.99134000E-03
+6.09244000E-03
+5.81293000E-03
+5.80617000E-03
+6.03542000E-03
+5.97257000E-03
+5.97974000E-03
+5.86873000E-03
+5.86873000E-03
+6.04044000E-03
+5.94068000E-03
+5.89981000E-03
+5.71085000E-03
+5.90494000E-03
+6.06831000E-03
+5.91695000E-03
+6.14189000E-03
+5.83591000E-03
+6.09204000E-03
+6.15815000E-03
+6.21133000E-03
+5.88039000E-03
+5.71382000E-03
+5.75924000E-03
+5.83509000E-03
+5.93928000E-03
+5.96651000E-03
+6.02277000E-03
+5.93012000E-03
+6.23051000E-03
+6.18101000E-03
+6.16911000E-03
+5.96062000E-03
+6.46693000E-03
+6.06953000E-03
+5.48980000E-03
+0.00000000E+00
+6.11915000E-03
+5.73597000E-03
+5.84045000E-03
+5.84045000E-03
+6.13909000E-03
+5.90027000E-03
+5.88785000E-03
+6.10241000E-03
+6.34817000E-03
+5.91957000E-03
+6.22269000E-03
+5.74769000E-03
+6.19168000E-03
+5.81229000E-03
+6.07903000E-03
+6.03006000E-03
+6.21512000E-03
+6.04807000E-03
+0.00000000E+00
+5.70740000E-03
+5.64160000E-03
+5.97200000E-03
+5.66850000E-03
+5.73050000E-03
+5.62110000E-03
+6.08290000E-03
+5.98650000E-03
+5.82180000E-03
+5.65180000E-03
+5.87410000E-03
+5.91710000E-03
+5.86640000E-03
+5.50850000E-03
+6.04820000E-03
+5.78120000E-03
+5.78120000E-03
+6.15100000E-03
+5.65970000E-03
+5.88560000E-03
+5.83630000E-03
+5.62860000E-03
+5.99900000E-03
+6.06160000E-03
+6.08750000E-03
+0.00000000E+00
+6.12055000E-03
+6.02761000E-03
+6.24345000E-03
+5.76020000E-03
+5.91560000E-03
+5.68150000E-03
+5.71720000E-03
+5.85240000E-03
+5.62990000E-03
+5.68510000E-03
+5.98960000E-03
+5.75660000E-03
+5.74980000E-03
+5.89120000E-03
+6.00520000E-03
+6.02280000E-03
+5.67030000E-03
+6.04250000E-03
+5.97670000E-03
+5.60400000E-03
+5.73330000E-03
+5.84560000E-03
+6.04240000E-03
+6.04240000E-03
+5.99360000E-03
+6.10100000E-03
+5.85700000E-03
+5.91740000E-03
+6.12660000E-03
+6.17350000E-03
+5.96270000E-03
+5.42920000E-03
+5.64990000E-03
+5.95624000E-03
+6.09565000E-03
+5.73959000E-03
+6.22858000E-03
+5.90319000E-03
+6.25704000E-03
+6.09583000E-03
+5.96178000E-03
+6.00819000E-03
+5.87258000E-03
+6.30619000E-03
+6.30619000E-03
+5.88593000E-03
+5.83701000E-03
+5.93893000E-03
+5.83229000E-03
+6.21931000E-03
+6.04598000E-03
+6.29068000E-03
+6.28426000E-03
+5.95047000E-03
+6.22211000E-03
+6.22211000E-03
+6.16701000E-03
+6.16701000E-03
+6.27144000E-03
+6.13407000E-03
+6.15162000E-03
+6.27663000E-03
+6.27663000E-03
+6.05490000E-03
+6.31021000E-03
+6.08720000E-03
+5.97356000E-03
+6.11215000E-03
+6.22042000E-03
+6.10428000E-03
+6.22439000E-03
+6.03466000E-03
+5.95922000E-03
+5.95922000E-03
+6.28934000E-03
+6.22748000E-03
+6.12434000E-03
+6.05128000E-03
+5.97455000E-03
+5.97275000E-03
+6.12288000E-03
+6.12288000E-03
+6.12842000E-03
+5.94802000E-03
+5.78238000E-03
+5.78238000E-03
+6.06457000E-03
+6.11011000E-03
+6.11011000E-03
+5.90860000E-03
+6.03730000E-03
+5.83010000E-03
+5.62240000E-03
+5.91920000E-03
+5.91920000E-03
+5.72040000E-03
+5.86950000E-03
+5.87620000E-03
+5.66640000E-03
+0.00000000E+00
+6.16148000E-03
+6.14533000E-03
+6.31691000E-03
+6.44110000E-03
+6.16631000E-03
+5.65480000E-03
+0.00000000E+00
+5.95677000E-03
+5.79381000E-03
+5.98890000E-03
+6.05816000E-03
+5.92284000E-03
+5.88552000E-03
+5.85824000E-03
+6.00639000E-03
+5.90884000E-03
+5.90884000E-03
+5.90243000E-03
+5.77535000E-03
+5.77836000E-03
+6.17774000E-03
+6.29948000E-03
+6.13337000E-03
+5.97619000E-03
+6.08970000E-03
+5.98930000E-03
+5.73691000E-03
+6.17553000E-03
+5.95974000E-03
+5.82786000E-03
+6.09927000E-03
+6.20369000E-03
+6.18451000E-03
+6.06504000E-03
+5.74408000E-03
+5.83433000E-03
+5.97181000E-03
+5.77142000E-03
+6.16311000E-03
+6.20322000E-03
+5.91176000E-03
+5.90418000E-03
+6.12451000E-03
+5.92995000E-03
+6.16212000E-03
+6.26776000E-03
+6.20952000E-03
+5.95764000E-03
+5.81474000E-03
+6.13547000E-03
+6.05909000E-03
+6.14311000E-03
+5.92225000E-03
+6.16194000E-03
+6.23453000E-03
+6.15034000E-03
+6.12410000E-03
+6.43352000E-03
+5.79597000E-03
+5.79597000E-03
+6.08265000E-03
+6.15343000E-03
+5.88669000E-03
+5.75445000E-03
+5.86891000E-03
+6.24759000E-03
+5.86879000E-03
+5.80786000E-03
+6.20748000E-03
+5.84360000E-03
+5.97222000E-03
+6.06912000E-03
+6.14095000E-03
+5.90138000E-03
+5.95963000E-03
+6.10329000E-03
+6.19331000E-03
+6.09425000E-03
+6.14714000E-03
+6.09600000E-03
+5.92284000E-03
+5.88138000E-03
+6.20841000E-03
+5.78967000E-03
+6.05997000E-03
+5.67872000E-03
+6.11186000E-03
+5.96365000E-03
+6.16626000E-03
+5.87981000E-03
+6.16223000E-03
+6.14643000E-03
+6.14643000E-03
+5.85771000E-03
+5.81719000E-03
+5.95281000E-03
+6.24730000E-03
+6.10276000E-03
+6.00219000E-03
+5.95199000E-03
+6.08329000E-03
+5.78850000E-03
+6.26776000E-03
+5.81923000E-03
+6.16789000E-03
+5.82576000E-03
+6.13151000E-03
+6.15938000E-03
+6.23960000E-03
+5.84897000E-03
+5.96202000E-03
+6.10725000E-03
+6.19477000E-03
+5.96820000E-03
+5.87707000E-03
+5.93881000E-03
+6.28356000E-03
+6.23342000E-03
+6.30065000E-03
+5.99904000E-03
+5.72699000E-03
+5.89619000E-03
+5.87135000E-03
+6.25523000E-03
+6.25523000E-03
+6.22829000E-03
+5.97982000E-03
+6.14509000E-03
+6.02329000E-03
+5.86109000E-03
+6.06061000E-03
+6.21704000E-03
+5.90698000E-03
+5.97006000E-03
+6.14981000E-03
+6.14981000E-03
+5.88080000E-03
+5.92196000E-03
+6.16293000E-03
+6.08632000E-03
+6.24957000E-03
+5.90849000E-03
+5.95508000E-03
+6.15028000E-03
+5.89392000E-03
+5.98989000E-03
+6.21657000E-03
+6.09507000E-03
+5.97904000E-03
+5.87748000E-03
+6.23745000E-03
+6.16818000E-03
+6.10964000E-03
+5.78536000E-03
+6.04306000E-03
+5.81311000E-03
+5.92435000E-03
+6.23465000E-03
+6.00423000E-03
+5.88663000E-03
+5.89643000E-03
+6.07180000E-03
+6.06609000E-03
+5.83993000E-03
+6.23401000E-03
+6.23401000E-03
+5.67872000E-03
+6.13714000E-03
+6.16736000E-03
+6.36064000E-03
+6.16369000E-03
+6.03192000E-03
+6.07367000E-03
+5.87596000E-03
+5.81527000E-03
+6.21331000E-03
+6.15098000E-03
+6.12195000E-03
+6.23698000E-03
+6.22450000E-03
+5.86308000E-03
+6.13396000E-03
+5.83929000E-03
+5.97689000E-03
+5.86727000E-03
+6.10055000E-03
+5.97164000E-03
+5.95036000E-03
+6.07641000E-03
+6.07641000E-03
+5.86710000E-03
+6.10131000E-03
+6.10131000E-03
+6.00137000E-03
+6.17932000E-03
+5.82349000E-03
+6.16812000E-03
+5.82891000E-03
+5.88150000E-03
+5.92843000E-03
+6.05548000E-03
+6.27692000E-03
+6.13466000E-03
+6.04102000E-03
+5.87829000E-03
+5.89170000E-03
+6.13209000E-03
+6.25879000E-03
+6.18695000E-03
+5.90243000E-03
+5.70909000E-03
+6.30053000E-03
+6.16311000E-03
+6.28298000E-03
+5.74822000E-03
+5.77743000E-03
+5.64245000E-03
+5.97554000E-03
+6.10305000E-03
+5.87479000E-03
+6.03478000E-03
+6.16614000E-03
+6.05414000E-03
+6.27027000E-03
+6.27027000E-03
+6.26322000E-03
+5.87025000E-03
+5.82040000E-03
+6.26386000E-03
+6.04306000E-03
+5.92424000E-03
+5.98464000E-03
+5.97863000E-03
+5.81095000E-03
+6.02026000E-03
+6.21313000E-03
+6.05041000E-03
+5.88109000E-03
+6.33056000E-03
+6.00050000E-03
+6.24538000E-03
+5.94249000E-03
+5.89712000E-03
+5.88401000E-03
+5.85025000E-03
+6.04802000E-03
+6.27966000E-03
+5.94359000E-03
+5.79060000E-03
+5.79060000E-03
+6.16264000E-03
+5.97298000E-03
+6.00738000E-03
+6.22156000E-03
+5.82553000E-03
+5.92155000E-03
+6.23919000E-03
+6.23919000E-03
+5.70758000E-03
+5.80990000E-03
+6.17623000E-03
+6.01478000E-03
+5.82320000E-03
+5.82320000E-03
+6.19792000E-03
+6.23447000E-03
+5.89633000E-03
+6.14812000E-03
+6.30811000E-03
+5.83742000E-03
+6.11961000E-03
+5.74253000E-03
+6.05752000E-03
+6.40058000E-03
+6.20905000E-03
+5.98598000E-03
+5.80693000E-03
+6.29937000E-03
+5.87695000E-03
+5.84372000E-03
+6.07793000E-03
+6.20398000E-03
+5.80053000E-03
+5.80209000E-03
+5.82465000E-03
+6.16229000E-03
+6.27989000E-03
+6.15110000E-03
+6.15110000E-03
+6.28566000E-03
+6.24310000E-03
+5.86681000E-03
+6.02254000E-03
+6.03630000E-03
+5.92622000E-03
+6.38490000E-03
+6.00604000E-03
+6.01560000E-03
+5.81987000E-03
+6.12043000E-03
+6.31971000E-03
+6.28141000E-03
+6.19080000E-03
+5.81363000E-03
+6.21016000E-03
+6.14422000E-03
+6.22404000E-03
+5.89707000E-03
+6.19214000E-03
+6.16579000E-03
+6.16579000E-03
+6.06090000E-03
+6.06090000E-03
+6.05606000E-03
+5.98219000E-03
+6.34490000E-03
+5.94995000E-03
+6.07419000E-03
+6.34076000E-03
+5.94837000E-03
+6.12865000E-03
+5.87742000E-03
+6.19529000E-03
+5.98429000E-03
+6.22089000E-03
+6.09670000E-03
+6.09670000E-03
+6.04079000E-03
+6.19174000E-03
+6.10579000E-03
+6.21517000E-03
+6.02399000E-03
+6.17465000E-03
+6.17465000E-03
+6.23103000E-03
+5.79906000E-03
+6.24293000E-03
+6.24293000E-03
+5.98213000E-03
+6.02621000E-03
+5.97420000E-03
+6.28421000E-03
+6.33493000E-03
+6.26922000E-03
+5.96574000E-03
+5.86168000E-03
+6.17827000E-03
+6.28800000E-03
+5.98720000E-03
+5.98720000E-03
+6.22992000E-03
+6.25499000E-03
+6.24916000E-03
+6.25138000E-03
+5.90622000E-03
+5.99210000E-03
+6.02067000E-03
+6.26945000E-03
+6.27855000E-03
+5.79643000E-03
+6.03682000E-03
+6.03682000E-03
+6.24135000E-03
+5.93059000E-03
+5.95869000E-03
+5.95799000E-03
+5.96056000E-03
+5.80267000E-03
+5.86844000E-03
+6.12976000E-03
+5.94890000E-03
+5.83637000E-03
+6.26508000E-03
+6.09897000E-03
+6.23762000E-03
+5.98032000E-03
+6.18614000E-03
+6.09454000E-03
+6.20882000E-03
+6.07180000E-03
+6.27453000E-03
+6.10218000E-03
+6.07390000E-03
+6.45305000E-03
+6.45305000E-03
+6.36822000E-03
+5.93718000E-03
+5.96826000E-03
+6.13116000E-03
+6.28910000E-03
+6.14183000E-03
+6.26864000E-03
+6.14014000E-03
+6.30619000E-03
+6.30619000E-03
+6.03746000E-03
+6.28100000E-03
+6.06323000E-03
+6.15559000E-03
+6.27144000E-03
+6.25779000E-03
+5.84628000E-03
+6.18660000E-03
+6.03875000E-03
+6.30980000E-03
+6.31645000E-03
+5.91631000E-03
+6.10579000E-03
+5.95135000E-03
+6.05863000E-03
+6.11606000E-03
+5.98342000E-03
+6.41131000E-03
+6.37090000E-03
+6.29068000E-03
+6.08457000E-03
+5.98726000E-03
+5.98726000E-03
+6.20235000E-03
+6.20235000E-03
+6.35802000E-03
+6.31108000E-03
+6.14008000E-03
+5.95939000E-03
+5.95939000E-03
+6.00009000E-03
+6.38070000E-03
+5.96149000E-03
+5.96108000E-03
+6.28671000E-03
+6.00936000E-03
+6.20759000E-03
+6.33196000E-03
+6.27995000E-03
+6.29476000E-03
+5.85206000E-03
+6.30659000E-03
+5.96657000E-03
+6.05740000E-03
+6.25809000E-03
+6.02965000E-03
+6.00977000E-03
+6.34152000E-03
+6.18765000E-03
+6.35091000E-03
+6.51223000E-03
+6.26712000E-03
+5.93520000E-03
+5.75550000E-03
+5.89910000E-03
+5.75271000E-03
+6.00470000E-03
+5.96657000E-03
+6.00790000E-03
+6.41586000E-03
+6.08702000E-03
+6.27284000E-03
+6.22345000E-03
+6.24707000E-03
+6.23739000E-03
+6.26421000E-03
+6.26421000E-03
+6.34397000E-03
+6.00685000E-03
+5.95683000E-03
+5.96703000E-03
+6.19797000E-03
+6.12673000E-03
+6.34152000E-03
+6.24905000E-03
+5.95455000E-03
+5.95455000E-03
+5.87200000E-03
+6.12883000E-03
+6.32385000E-03
+6.21068000E-03
+6.30257000E-03
+5.74962000E-03
+5.90715000E-03
+5.90336000E-03
+6.35744000E-03
+6.09973000E-03
+5.86424000E-03
+6.04300000E-03
+5.94260000E-03
+6.31551000E-03
+6.17967000E-03
+6.11273000E-03
+6.37143000E-03
+6.21663000E-03
+6.23097000E-03
+6.02481000E-03
+6.03729000E-03
+5.92435000E-03
+5.92435000E-03
+6.06119000E-03
+6.34245000E-03
+6.29412000E-03
+5.94966000E-03
+6.00621000E-03
+6.25879000E-03
+6.21838000E-03
+5.96709000E-03
+5.79993000E-03
+6.21121000E-03
+6.16089000E-03
+5.99548000E-03
+5.99548000E-03
+6.20515000E-03
+6.05624000E-03
+6.34117000E-03
+6.12725000E-03
+6.05414000E-03
+5.88663000E-03
+5.96890000E-03
+5.80938000E-03
+6.37504000E-03
+5.92913000E-03
+6.07064000E-03
+5.94079000E-03
+5.84016000E-03
+5.87188000E-03
+5.87188000E-03
+6.27330000E-03
+6.32852000E-03
+6.29109000E-03
+5.97199000E-03
+5.93122000E-03
+5.93122000E-03
+6.05326000E-03
+6.31686000E-03
+5.94172000E-03
+6.23692000E-03
+6.14661000E-03
+6.30496000E-03
+6.30415000E-03
+6.25628000E-03
+6.27155000E-03
+6.07175000E-03
+5.88121000E-03
+6.01682000E-03
+5.96114000E-03
+5.76885000E-03
+6.05437000E-03
+5.84980000E-03
+5.59910000E-03
+5.69180000E-03
+5.65460000E-03
+5.56650000E-03
+6.14882000E-03
+6.01496000E-03
+6.33032000E-03
+6.28636000E-03
+6.18777000E-03
+6.35359000E-03
+5.96400000E-03
+6.03752000E-03
+5.88465000E-03
+6.40478000E-03
+6.02487000E-03
+6.04994000E-03
+6.00254000E-03
+6.33703000E-03
+5.89304000E-03
+6.45049000E-03
+6.31773000E-03
+6.03641000E-03
+6.08568000E-03
+5.97805000E-03
+5.97805000E-03
+6.09308000E-03
+6.35854000E-03
+6.31896000E-03
+6.37907000E-03
+6.30549000E-03
+6.05367000E-03
+6.17389000E-03
+6.03111000E-03
+6.01426000E-03
+6.32310000E-03
+6.24433000E-03
+6.09635000E-03
+6.17634000E-03
+5.98231000E-03
+6.08959000E-03
+5.97333000E-03
+0.00000000E+00
+0.00000000E+00
+6.01641000E-03
+6.14253000E-03
+5.90068000E-03
+5.99636000E-03
+6.08918000E-03
+6.08918000E-03
+5.84296000E-03
+6.32875000E-03
+6.18660000E-03
+6.01158000E-03
+6.38291000E-03
+6.08306000E-03
+6.08609000E-03
+5.99187000E-03
+6.13815000E-03
+6.16521000E-03
+6.32869000E-03
+6.29971000E-03
+5.97453000E-03
+6.33954000E-03
+6.25838000E-03
+6.15331000E-03
+6.15331000E-03
+6.55200000E-03
+5.98989000E-03
+6.35977000E-03
+6.11594000E-03
+6.09075000E-03
+6.31009000E-03
+6.12667000E-03
+6.03758000E-03
+6.15704000E-03
+5.57560000E-03
+5.66750000E-03
+5.50020000E-03
+5.90620000E-03
+5.48470000E-03
+6.27873000E-03
+6.27873000E-03
+6.26310000E-03
+6.31709000E-03
+6.18241000E-03
+6.09384000E-03
+6.14981000E-03
+6.12474000E-03
+6.20205000E-03
+6.20742000E-03
+6.20742000E-03
+6.30088000E-03
+6.18270000E-03
+6.29458000E-03
+5.97245000E-03
+5.99420000E-03
+6.06731000E-03
+5.87998000E-03
+6.04901000E-03
+6.18556000E-03
+6.07711000E-03
+5.72268000E-03
+0.00000000E+00
+5.93680000E-03
+5.62710000E-03
+5.70020000E-03
+5.65010000E-03
+5.60070000E-03
+0.00000000E+00
+5.93345000E-03
+6.10457000E-03
+6.18818000E-03
+6.28794000E-03
+5.97339000E-03
+5.97339000E-03
+5.96097000E-03
+5.96097000E-03
+6.09209000E-03
+6.03332000E-03
+6.31621000E-03
+5.91275000E-03
+5.96802000E-03
+6.07600000E-03
+6.17273000E-03
+5.94767000E-03
+5.98295000E-03
+5.98295000E-03
+6.35609000E-03
+6.21686000E-03
+6.15022000E-03
+6.07425000E-03
+6.21611000E-03
+6.19448000E-03
+5.99315000E-03
+6.31808000E-03
+5.85305000E-03
+6.02679000E-03
+6.02679000E-03
+5.88698000E-03
+6.15110000E-03
+6.03303000E-03
+6.03303000E-03
+6.19389000E-03
+5.89071000E-03
+5.97140000E-03
+5.97140000E-03
+6.26228000E-03
+5.87619000E-03
+6.41387000E-03
+5.86465000E-03
+6.04936000E-03
+6.04936000E-03
+6.33773000E-03
+6.28170000E-03
+6.28170000E-03
+6.15081000E-03
+6.01128000E-03
+5.97391000E-03
+6.29400000E-03
+6.10883000E-03
+5.75749000E-03
+6.12789000E-03
+5.95380000E-03
+6.01618000E-03
+5.96983000E-03
+6.31925000E-03
+6.01595000E-03
+6.32554000E-03
+6.20969000E-03
+5.97432000E-03
+6.16736000E-03
+6.16736000E-03
+6.23815000E-03
+6.34088000E-03
+6.03810000E-03
+6.07647000E-03
+5.87975000E-03
+5.83835000E-03
+6.30065000E-03
+6.30823000E-03
+6.05705000E-03
+5.83212000E-03
+6.36974000E-03
+5.66356000E-03
+5.99671000E-03
+6.28443000E-03
+6.28443000E-03
+6.29147000E-03
+6.32059000E-03
+5.98237000E-03
+6.00889000E-03
+6.08626000E-03
+5.97123000E-03
+6.27441000E-03
+6.13617000E-03
+6.32444000E-03
+6.27563000E-03
+5.96546000E-03
+6.37283000E-03
+6.02201000E-03
+6.22479000E-03
+6.36064000E-03
+6.29785000E-03
+5.96324000E-03
+5.94622000E-03
+6.22474000E-03
+6.26281000E-03
+6.34607000E-03
+6.24223000E-03
+6.07950000E-03
+6.11238000E-03
+6.13186000E-03
+6.28496000E-03
+6.26945000E-03
+5.98254000E-03
+5.93316000E-03
+6.35388000E-03
+6.32669000E-03
+6.32669000E-03
+6.01595000E-03
+6.01595000E-03
+6.25954000E-03
+6.25954000E-03
+6.03840000E-03
+6.27144000E-03
+6.07011000E-03
+6.35277000E-03
+6.41003000E-03
+5.60820000E-03
+5.51310000E-03
+5.51310000E-03
+5.98940000E-03
+5.63170000E-03
+0.00000000E+00
+5.96435000E-03
+6.11862000E-03
+6.04125000E-03
+6.05927000E-03
+0.00000000E+00
+5.70650000E-03
+5.85540000E-03
+5.96680000E-03
+5.93160000E-03
+5.41970000E-03
+5.61780000E-03
+5.59500000E-03
+6.00680000E-03
+5.95230000E-03
+5.60070000E-03
+5.82130000E-03
+6.25604000E-03
+6.14142000E-03
+5.91666000E-03
+5.91666000E-03
+6.10020000E-03
+5.97111000E-03
+6.13897000E-03
+6.34129000E-03
+6.23890000E-03
+6.23890000E-03
+6.35924000E-03
+6.17862000E-03
+6.31388000E-03
+6.21914000E-03
+6.43597000E-03
+0.00000000E+00
+5.95030000E-03
+5.80470000E-03
+5.70180000E-03
+5.95130000E-03
+0.00000000E+00
+5.96412000E-03
+5.95776000E-03
+6.10579000E-03
+6.39458000E-03
+6.22217000E-03
+6.23255000E-03
+6.10533000E-03
+5.90960000E-03
+6.29493000E-03
+6.02510000E-03
+6.27873000E-03
+6.30117000E-03
+6.17902000E-03
+6.29773000E-03
+6.29470000E-03
+5.96458000E-03
+6.24415000E-03
+6.02300000E-03
+6.05705000E-03
+6.20153000E-03
+5.86815000E-03
+6.39283000E-03
+6.00516000E-03
+5.88984000E-03
+6.06895000E-03
+6.00604000E-03
+6.38810000E-03
+0.00000000E+00
+5.87830000E-03
+6.03760000E-03
+5.79800000E-03
+6.13100000E-03
+5.99530000E-03
+5.55090000E-03
+6.07162000E-03
+6.33120000E-03
+6.45491000E-03
+6.08760000E-03
+6.32292000E-03
+6.41201000E-03
+6.10305000E-03
+5.98032000E-03
+5.90700000E-03
+5.71150000E-03
+5.71150000E-03
+0.00000000E+00
+6.32000000E-03
+6.32000000E-03
+6.01717000E-03
+5.85211000E-03
+5.99846000E-03
+6.20200000E-03
+6.43696000E-03
+0.00000000E+00
+5.57890000E-03
+5.58150000E-03
+5.90730000E-03
+5.86010000E-03
+5.80990000E-03
+5.74880000E-03
+5.91970000E-03
+5.61670000E-03
+5.96190000E-03
+5.61830000E-03
+5.92230000E-03
+5.85860000E-03
+5.93840000E-03
+5.59240000E-03
+5.61360000E-03
+5.69800000E-03
+5.93970000E-03
+0.00000000E+00
+6.30881000E-03
+6.16515000E-03
+6.12130000E-03
+6.12463000E-03
+6.05420000E-03
+5.87828000E-03
+5.76658000E-03
+5.76658000E-03
+6.16043000E-03
+6.25272000E-03
+6.05186000E-03
+6.09962000E-03
+6.45305000E-03
+5.87187000E-03
+6.04889000E-03
+6.37382000E-03
+6.39184000E-03
+6.39184000E-03
+6.25733000E-03
+6.09851000E-03
+6.32700000E-03
+6.39201000E-03
+6.38000000E-03
+6.18200000E-03
+6.18200000E-03
+6.17308000E-03
+6.00685000E-03
+6.02749000E-03
+6.27272000E-03
+6.27272000E-03
+6.37015000E-03
+6.25966000E-03
+6.41895000E-03
+6.30409000E-03
+6.38041000E-03
+6.11827000E-03
+6.26112000E-03
+6.35913000E-03
+5.96382000E-03
+6.40175000E-03
+6.22590000E-03
+5.97409000E-03
+5.97409000E-03
+6.28870000E-03
+6.28870000E-03
+6.18713000E-03
+6.00610000E-03
+6.04044000E-03
+0.00000000E+00
+5.98240000E-03
+6.42851000E-03
+6.21751000E-03
+6.22200000E-03
+6.06026000E-03
+6.08177000E-03
+5.98342000E-03
+6.05729000E-03
+6.39650000E-03
+6.28491000E-03
+6.30502000E-03
+6.26806000E-03
+6.04114000E-03
+6.00289000E-03
+6.40175000E-03
+6.09180000E-03
+0.00000000E+00
+5.69190000E-03
+5.90550000E-03
+5.84630000E-03
+5.95600000E-03
+5.71410000E-03
+6.10720000E-03
+5.47530000E-03
+5.60870000E-03
+5.56630000E-03
+5.76640000E-03
+6.15628000E-03
+5.84792000E-03
+6.09402000E-03
+6.12416000E-03
+6.02277000E-03
+6.24934000E-03
+6.39137000E-03
+5.96581000E-03
+6.32210000E-03
+5.97601000E-03
+6.13880000E-03
+6.15384000E-03
+6.29348000E-03
+5.96610000E-03
+6.04440000E-03
+6.03694000E-03
+6.38099000E-03
+6.37335000E-03
+6.21179000E-03
+6.27808000E-03
+5.88138000E-03
+5.88746000E-03
+6.06463000E-03
+6.01140000E-03
+5.80495000E-03
+6.30584000E-03
+6.16492000E-03
+6.17016000E-03
+6.33044000E-03
+6.01706000E-03
+5.90719000E-03
+5.90719000E-03
+5.92839000E-03
+5.91755000E-03
+5.91755000E-03
+5.91677000E-03
2021/08/28,22:15:15
