2021/08/29,10:32:25
-3.80000000E-08
-3.80000000E-08
-3.90000000E-08
-4.10000000E-08
-4.10000000E-08
-4.10000000E-08
-4.20000000E-08
-4.40000000E-08
-3.70000000E-08
-3.80000000E-08
-3.70000000E-08
-3.40000000E-08
+1.30380000E-03
+5.64729000E-03
+5.65030000E-03
+5.64884000E-03
+5.64261000E-03
+5.63963000E-03
+5.63962000E-03
+5.64496000E-03
+5.63470000E-03
+5.63804000E-03
+5.63534000E-03
+5.63829000E-03
+5.64817000E-03
+5.64927000E-03
+5.63654000E-03
+5.63629000E-03
+5.64134000E-03
+5.63850000E-03
+5.52013000E-03
+5.63954000E-03
+5.62101000E-03
+5.61697000E-03
+5.61919000E-03
+5.63680000E-03
+5.78524000E-03
+5.63866000E-03
+5.63575000E-03
+5.76886000E-03
+5.73591000E-03
+5.68711000E-03
+5.74973000E-03
+5.62484000E-03
+5.63727000E-03
+5.63971000E-03
+5.76927000E-03
+5.64531000E-03
+5.56473000E-03
+5.73352000E-03
+5.64024000E-03
+5.63753000E-03
+5.64006000E-03
+5.56520000E-03
+5.63927000E-03
+5.61639000E-03
+5.71077000E-03
+5.88494000E-03
+5.63546000E-03
+5.79518000E-03
+5.64595000E-03
+5.59995000E-03
+5.65726000E-03
+5.64665000E-03
+5.83363000E-03
+5.67137000E-03
+5.55739000E-03
+5.63575000E-03
+5.86377000E-03
+5.63452000E-03
+5.56444000E-03
+5.81288000E-03
+5.72093000E-03
+5.63260000E-03
+5.63003000E-03
+5.63155000E-03
+5.53068000E-03
+5.62811000E-03
+5.62869000E-03
+5.54345000E-03
+5.82028000E-03
+5.57610000E-03
+5.76017000E-03
+5.66181000E-03
+5.62158000E-03
+5.89911000E-03
+5.62692000E-03
+5.77988000E-03
+5.66729000E-03
+5.64123000E-03
+5.53634000E-03
+5.65697000E-03
+5.62012000E-03
+5.63671000E-03
+5.63773000E-03
+5.51757000E-03
+5.72315000E-03
+5.63697000E-03
+5.61342000E-03
+5.71918000E-03
+5.62525000E-03
+5.63569000E-03
+5.86214000E-03
+5.68735000E-03
+5.63919000E-03
+5.66327000E-03
+5.60106000E-03
+5.76711000E-03
+5.63307000E-03
+5.78245000E-03
+5.64198000E-03
+5.56494000E-03
+5.66596000E-03
+5.58492000E-03
+5.68923000E-03
+5.65371000E-03
+5.64105000E-03
+5.56986000E-03
+5.90086000E-03
+5.55896000E-03
+5.86762000E-03
+5.63954000E-03
+5.78754000E-03
+5.64216000E-03
+5.79987000E-03
+5.73918000E-03
+5.53173000E-03
+5.57115000E-03
+5.62572000E-03
+5.64467000E-03
+5.80671000E-03
+5.78279000E-03
+5.88937000E-03
+5.64782000E-03
+5.88960000E-03
+5.65394000E-03
+5.58292000E-03
+5.91100000E-03
+5.73586000E-03
+5.82244000E-03
+5.68939000E-03
+5.54543000E-03
+5.68238000E-03
+5.64688000E-03
+5.65579000E-03
+5.92943000E-03
+5.94295000E-03
+5.91596000E-03
+5.92628000E-03
+5.60910000E-03
+5.82145000E-03
+5.64228000E-03
+5.84782000E-03
+5.59663000E-03
+5.71335000E-03
+5.98481000E-03
+5.60216000E-03
+5.87724000E-03
+5.56240000E-03
+5.80244000E-03
+5.69971000E-03
+5.63015000E-03
+5.72740000E-03
+5.57925000E-03
+5.59750000E-03
+5.58432000E-03
+5.64117000E-03
+5.65266000E-03
+5.62782000E-03
+5.68664000E-03
+5.64604000E-03
+5.58833000E-03
+5.58479000E-03
+5.64583000E-03
+5.64356000E-03
+5.75475000E-03
+5.81684000E-03
+5.63702000E-03
+5.88768000E-03
+5.65035000E-03
+5.76623000E-03
+5.63206000E-03
+5.55095000E-03
+5.78920000E-03
+5.59610000E-03
+5.78360000E-03
+5.87800000E-03
+5.87803000E-03
+5.64648000E-03
+5.77906000E-03
+5.81149000E-03
+5.81719000E-03
+5.65163000E-03
+5.64478000E-03
+5.66241000E-03
+5.85077000E-03
+5.84413000E-03
+5.58823000E-03
+5.70181000E-03
+5.71487000E-03
+5.75824000E-03
+5.91837000E-03
+5.65201000E-03
+5.75840000E-03
+5.64445000E-03
+5.65050000E-03
+5.79451000E-03
+5.65790000E-03
+5.53704000E-03
+5.66997000E-03
+5.58980000E-03
+5.94289000E-03
+5.53517000E-03
+5.92686000E-03
+5.53556000E-03
+5.66204000E-03
+5.67574000E-03
+5.65388000E-03
+5.84613000E-03
+5.69988000E-03
+5.83713000E-03
+5.84255000E-03
+5.58635000E-03
+5.61394000E-03
+5.67405000E-03
+5.53855000E-03
+5.65998000E-03
+5.88459000E-03
+5.62828000E-03
+5.93170000E-03
+5.65779000E-03
+5.84452000E-03
+5.65458000E-03
+5.84821000E-03
+5.75247000E-03
+5.68554000E-03
+5.87388000E-03
+5.71259000E-03
+5.64934000E-03
+5.61665000E-03
+5.77439000E-03
+5.71725000E-03
+5.75877000E-03
+5.64682000E-03
+5.92570000E-03
+5.64682000E-03
+5.70926000E-03
+5.77498000E-03
+5.64758000E-03
+5.62135000E-03
+5.83742000E-03
+5.65207000E-03
+5.93059000E-03
+5.55156000E-03
+5.82973000E-03
+5.91240000E-03
+5.68380000E-03
+5.81118000E-03
+5.64630000E-03
+5.52760000E-03
+5.65067000E-03
+5.75824000E-03
+5.64845000E-03
+5.59103000E-03
+5.67195000E-03
+5.65236000E-03
+5.64537000E-03
+5.66286000E-03
+5.92995000E-03
+5.72017000E-03
+5.72233000E-03
+5.54275000E-03
+5.69009000E-03
+5.65472000E-03
+5.76291000E-03
+5.64793000E-03
+5.72041000E-03
+5.53144000E-03
+5.55570000E-03
+5.64919000E-03
+5.65105000E-03
+5.92978000E-03
+5.52537000E-03
+5.86611000E-03
+5.67598000E-03
+5.64450000E-03
+5.89300000E-03
+5.82862000E-03
+5.62823000E-03
+5.59913000E-03
+5.65656000E-03
+5.65557000E-03
+5.67364000E-03
+5.64630000E-03
+5.64461000E-03
+5.76612000E-03
+5.64718000E-03
+5.65653000E-03
+5.65236000E-03
+5.66369000E-03
+5.60088000E-03
+5.65825000E-03
+5.92126000E-03
+5.64659000E-03
+5.69825000E-03
+5.56922000E-03
+5.74717000E-03
+5.76427000E-03
+5.64618000E-03
+5.64665000E-03
+5.57348000E-03
+5.61610000E-03
+5.64671000E-03
+5.59027000E-03
+5.52708000E-03
+5.58596000E-03
+5.79428000E-03
+5.52345000E-03
+5.64776000E-03
+5.57698000E-03
+5.53558000E-03
+5.66117000E-03
+5.55401000E-03
+5.71592000E-03
+5.64729000E-03
+5.73825000E-03
+5.65044000E-03
+5.65089000E-03
+5.64169000E-03
+5.69166000E-03
+5.64595000E-03
+5.70484000E-03
+5.64735000E-03
+5.91514000E-03
+5.62397000E-03
+5.85555000E-03
+5.67747000E-03
+5.93374000E-03
+5.64458000E-03
+5.72705000E-03
+5.79859000E-03
+5.64583000E-03
+5.77008000E-03
+5.64490000E-03
+5.57540000E-03
+5.64531000E-03
+5.55418000E-03
+5.89590000E-03
+5.66388000E-03
+5.69417000E-03
+5.87858000E-03
+5.87857000E-03
+5.87840000E-03
+5.71405000E-03
+5.56899000E-03
+5.73443000E-03
+5.64828000E-03
+5.55022000E-03
+5.78057000E-03
+5.78197000E-03
+5.80623000E-03
+5.64543000E-03
+5.70583000E-03
+5.65009000E-03
+5.68781000E-03
+5.60187000E-03
+5.80477000E-03
+5.57937000E-03
+5.62216000E-03
+5.64385000E-03
+5.75714000E-03
+5.93182000E-03
+5.56905000E-03
+5.72087000E-03
+5.64653000E-03
+5.66070000E-03
+5.90196000E-03
+5.57420000E-03
+5.81920000E-03
+5.63891000E-03
+5.63925000E-03
+5.80612000E-03
+5.92610000E-03
+5.85252000E-03
+5.84139000E-03
+5.86465000E-03
+5.85864000E-03
+5.85223000E-03
+5.90420000E-03
+5.73539000E-03
+5.62420000E-03
+5.63610000E-03
+5.64892000E-03
+5.65131000E-03
+5.64443000E-03
+5.55925000E-03
+5.82446000E-03
+5.64117000E-03
+5.64572000E-03
+5.92735000E-03
+5.65505000E-03
+5.72810000E-03
+5.55272000E-03
+5.59394000E-03
+5.53541000E-03
+5.59416000E-03
+5.86336000E-03
+5.64642000E-03
+5.66012000E-03
+5.85241000E-03
+5.63149000E-03
+5.57284000E-03
+5.69201000E-03
+5.64869000E-03
+5.65053000E-03
+5.86471000E-03
+5.65295000E-03
+5.58100000E-03
+5.57937000E-03
+5.54706000E-03
+5.65034000E-03
+5.53634000E-03
+5.93461000E-03
+5.65627000E-03
+5.60246000E-03
+5.57730000E-03
+5.65406000E-03
+5.66700000E-03
+5.65470000E-03
+5.58800000E-03
+5.52788000E-03
+5.62312000E-03
+5.65470000E-03
+5.64752000E-03
+5.82825000E-03
+5.63895000E-03
+5.75714000E-03
+5.62424000E-03
+5.83200000E-03
+5.61689000E-03
+5.66793000E-03
+5.82960000E-03
+5.69726000E-03
+5.64986000E-03
+5.63056000E-03
+5.64764000E-03
+5.65227000E-03
+5.84319000E-03
+5.65178000E-03
+5.82745000E-03
+5.58112000E-03
+5.69685000E-03
+5.64723000E-03
+5.59050000E-03
+5.66331000E-03
+5.60286000E-03
+5.77929000E-03
+5.94011000E-03
+5.92558000E-03
+5.62233000E-03
+5.89549000E-03
+5.67242000E-03
+5.86716000E-03
+5.66233000E-03
+5.55645000E-03
+5.56409000E-03
+5.70880000E-03
+5.62928000E-03
+5.57295000E-03
+5.87666000E-03
+5.61353000E-03
+5.90313000E-03
+5.75941000E-03
+5.57634000E-03
+5.65580000E-03
+5.59651000E-03
+5.74285000E-03
+5.84209000E-03
+5.65312000E-03
+5.76034000E-03
+5.68997000E-03
+5.60555000E-03
+5.84844000E-03
+5.64933000E-03
+5.93413000E-03
+5.53908000E-03
+5.65196000E-03
+5.65261000E-03
+5.66093000E-03
+5.79670000E-03
+5.65231000E-03
+5.59196000E-03
+5.67883000E-03
+5.86379000E-03
+5.83258000E-03
+5.65067000E-03
+5.56736000E-03
+5.91835000E-03
+5.71786000E-03
+5.65277000E-03
+5.62968000E-03
+5.75096000E-03
+5.93561000E-03
+5.79317000E-03
+5.64945000E-03
+5.78466000E-03
+5.59097000E-03
+5.67889000E-03
+5.64636000E-03
+5.64857000E-03
+5.69739000E-03
+5.93053000E-03
+5.66712000E-03
+5.82587000E-03
+5.72903000E-03
+5.88692000E-03
+5.68187000E-03
+5.90929000E-03
+5.65232000E-03
+5.88687000E-03
+5.69382000E-03
+5.66598000E-03
+5.61068000E-03
+5.81305000E-03
+5.72437000E-03
+5.71481000E-03
+5.85826000E-03
+5.65604000E-03
+5.68117000E-03
+5.65580000E-03
+5.65516000E-03
+5.61668000E-03
+5.65201000E-03
+5.66863000E-03
+5.66583000E-03
+5.61785000E-03
+5.82267000E-03
+5.58048000E-03
+5.67236000E-03
+5.55844000E-03
+5.90861000E-03
+5.81836000E-03
+5.57663000E-03
+5.88233000E-03
+5.73434000E-03
+5.66093000E-03
+5.75271000E-03
+5.65994000E-03
+5.69498000E-03
+5.66000000E-03
+5.83967000E-03
+5.83796000E-03
+5.65948000E-03
+5.57867000E-03
+5.66962000E-03
+5.57645000E-03
+5.75457000E-03
+5.61435000E-03
+5.65406000E-03
+5.61738000E-03
+5.65569000E-03
+5.88716000E-03
+5.73315000E-03
+5.92138000E-03
+5.65499000E-03
+5.71376000E-03
+5.65516000E-03
+5.69784000E-03
+5.75877000E-03
+5.65563000E-03
+5.65656000E-03
+5.66560000E-03
+5.65662000E-03
+5.81714000E-03
+5.67808000E-03
+5.53832000E-03
+5.95840000E-03
+5.66036000E-03
+5.89497000E-03
+5.77809000E-03
+5.66578000E-03
+5.59289000E-03
+5.59126000E-03
+5.65633000E-03
+5.79099000E-03
+5.56613000E-03
+5.79049000E-03
+5.65837000E-03
+5.79197000E-03
+5.65540000E-03
+5.69298000E-03
+5.79299000E-03
+5.65341000E-03
+5.70550000E-03
+5.65895000E-03
+5.65773000E-03
+5.64881000E-03
+5.65324000E-03
+5.71073000E-03
+5.66093000E-03
+5.91532000E-03
+5.75037000E-03
+5.63962000E-03
+5.65592000E-03
+5.65767000E-03
+5.65499000E-03
+5.67149000E-03
+5.83200000E-03
+5.54864000E-03
+5.78203000E-03
+5.65715000E-03
+5.64898000E-03
+5.65942000E-03
+5.64910000E-03
+5.67639000E-03
+5.55132000E-03
+5.94161000E-03
+5.61913000E-03
+5.85427000E-03
+5.61970000E-03
+5.79084000E-03
+5.65967000E-03
+5.76950000E-03
+5.65973000E-03
+5.65878000E-03
+5.65598000E-03
+5.80944000E-03
+5.65878000E-03
+5.76583000E-03
+5.71860000E-03
+5.77667000E-03
+5.65930000E-03
+5.87718000E-03
+5.66064000E-03
+5.82022000E-03
+5.65645000E-03
+5.60286000E-03
+5.77562000E-03
+5.65849000E-03
+5.66127000E-03
+5.63773000E-03
+5.63697000E-03
+5.64167000E-03
+5.54689000E-03
+5.86482000E-03
+5.66013000E-03
+5.60187000E-03
+5.62496000E-03
+5.66106000E-03
+5.67768000E-03
+5.66257000E-03
+5.66485000E-03
+5.66047000E-03
+5.68455000E-03
+5.82868000E-03
+5.66035000E-03
+5.60158000E-03
+5.87112000E-03
+5.91654000E-03
+5.65735000E-03
+5.81841000E-03
+5.70834000E-03
+5.76658000E-03
+5.87299000E-03
+5.82145000E-03
+5.69434000E-03
+5.67598000E-03
+5.66140000E-03
+5.78302000E-03
+5.94750000E-03
+5.68350000E-03
+5.94587000E-03
+5.66686000E-03
+5.79760000E-03
+5.87608000E-03
+5.66029000E-03
+5.63382000E-03
+5.59937000E-03
+5.65971000E-03
+5.93170000E-03
+5.72046000E-03
+5.58345000E-03
+5.75469000E-03
+5.65907000E-03
+5.62444000E-03
+5.66108000E-03
+5.54001000E-03
+5.82991000E-03
+5.67720000E-03
+5.87602000E-03
+5.83614000E-03
+5.86238000E-03
+5.85450000E-03
+5.78057000E-03
+5.61021000E-03
+5.84891000E-03
+5.74239000E-03
+5.66851000E-03
+5.73941000E-03
+5.66776000E-03
+5.95310000E-03
+5.53861000E-03
+5.61225000E-03
+5.67557000E-03
+5.62584000E-03
+5.88022000E-03
+5.66595000E-03
+5.54584000E-03
+5.74635000E-03
+5.76355000E-03
+5.66496000E-03
+5.64491000E-03
+5.56596000E-03
+5.77030000E-03
+5.66379000E-03
+5.61423000E-03
+5.66321000E-03
+5.92791000E-03
+5.64578000E-03
+5.93496000E-03
+5.55719000E-03
+5.71329000E-03
+5.73865000E-03
+5.79095000E-03
+5.82030000E-03
+5.68519000E-03
+5.60858000E-03
+5.74536000E-03
+5.69440000E-03
+5.63890000E-03
+5.71691000E-03
+5.62918000E-03
+5.87305000E-03
+5.84255000E-03
+5.66811000E-03
+5.88943000E-03
+5.62578000E-03
+5.89372000E-03
+5.72524000E-03
+5.66636000E-03
+5.95006000E-03
+5.67061000E-03
+5.59563000E-03
+5.62123000E-03
+5.79014000E-03
+5.89561000E-03
+5.95759000E-03
+5.66840000E-03
+5.83888000E-03
+5.63703000E-03
+5.66612000E-03
+5.72466000E-03
+5.66624000E-03
+5.63254000E-03
+5.58024000E-03
+5.58187000E-03
+5.64735000E-03
+5.66756000E-03
+5.66811000E-03
+5.63901000E-03
+5.63079000E-03
+5.68128000E-03
+5.67131000E-03
+5.67813000E-03
+5.66945000E-03
+5.63388000E-03
+5.73854000E-03
+5.57610000E-03
+5.93316000E-03
+5.61097000E-03
+5.66956000E-03
+5.85789000E-03
+5.67085000E-03
+5.59902000E-03
+5.66980000E-03
+5.66994000E-03
+5.70058000E-03
+5.95613000E-03
+5.66140000E-03
+5.67033000E-03
+5.61587000E-03
+5.87907000E-03
+5.60566000E-03
+5.88544000E-03
+5.66625000E-03
+5.90766000E-03
+5.65787000E-03
+5.66892000E-03
+5.72140000E-03
+5.66851000E-03
+5.83514000E-03
+5.94202000E-03
+5.67050000E-03
+5.66024000E-03
+5.67277000E-03
+5.85369000E-03
+5.79443000E-03
+5.61068000E-03
+5.85730000E-03
+5.68531000E-03
+5.84214000E-03
+5.88278000E-03
+5.69755000E-03
+5.82739000E-03
+5.72425000E-03
+5.58257000E-03
+5.90041000E-03
+5.65085000E-03
+5.67732000E-03
+5.58982000E-03
+5.83138000E-03
+5.84063000E-03
+5.58187000E-03
+5.79031000E-03
+5.79037000E-03
+5.67726000E-03
+5.89036000E-03
+5.62957000E-03
+5.65145000E-03
+5.67213000E-03
+5.64484000E-03
+5.73084000E-03
+5.67021000E-03
+5.77399000E-03
+5.74553000E-03
+5.66519000E-03
+5.76891000E-03
+5.67114000E-03
+5.72408000E-03
+5.95455000E-03
+5.68093000E-03
+5.66577000E-03
+5.62245000E-03
+5.68908000E-03
+5.56234000E-03
+5.67714000E-03
+5.90675000E-03
+5.88768000E-03
+5.65038000E-03
+5.91310000E-03
+5.67067000E-03
+5.75541000E-03
+5.74390000E-03
+5.67738000E-03
+5.66904000E-03
+5.66770000E-03
+5.62788000E-03
+5.83392000E-03
+5.66974000E-03
+5.83509000E-03
+5.95397000E-03
+5.95759000E-03
+5.56683000E-03
+5.67574000E-03
+5.83916000E-03
+5.61499000E-03
+5.88809000E-03
+5.81374000E-03
+5.86074000E-03
+5.86076000E-03
+5.63103000E-03
+5.89847000E-03
+5.64974000E-03
+5.60782000E-03
+5.67271000E-03
+5.62537000E-03
+5.95916000E-03
+5.90395000E-03
+5.71121000E-03
+5.80635000E-03
+5.82232000E-03
+5.83940000E-03
+5.71045000E-03
+5.81696000E-03
+5.86931000E-03
+5.67318000E-03
+5.89048000E-03
+5.66933000E-03
+5.67201000E-03
+5.74239000E-03
+5.59179000E-03
+5.77486000E-03
+5.67936000E-03
+5.67539000E-03
+5.81958000E-03
+5.68251000E-03
+5.95350000E-03
+5.68362000E-03
+5.85447000E-03
+5.88051000E-03
+5.56024000E-03
+5.80944000E-03
+5.60869000E-03
+5.71137000E-03
+5.68210000E-03
+5.74897000E-03
+5.65085000E-03
+5.68478000E-03
+5.94762000E-03
+5.67726000E-03
+5.67697000E-03
+5.75877000E-03
+5.67872000E-03
+5.85299000E-03
+5.91007000E-03
+5.67964000E-03
+5.82529000E-03
+5.72320000E-03
+5.57249000E-03
+5.91258000E-03
+5.67394000E-03
+5.76221000E-03
+5.66478000E-03
+5.59225000E-03
+5.61703000E-03
+5.67586000E-03
+5.66421000E-03
+5.89258000E-03
+5.56392000E-03
+5.84949000E-03
+5.67788000E-03
+5.63977000E-03
+5.60730000E-03
+5.59727000E-03
+5.68018000E-03
+5.79311000E-03
+5.67212000E-03
+5.94779000E-03
+5.75545000E-03
+5.80331000E-03
+5.56071000E-03
+5.66601000E-03
+5.85742000E-03
+5.67656000E-03
+5.62811000E-03
+5.80162000E-03
+5.61324000E-03
+5.79999000E-03
+5.61413000E-03
+5.68099000E-03
+5.66333000E-03
+5.76804000E-03
+5.71761000E-03
+5.67604000E-03
+5.70892000E-03
+5.71475000E-03
+5.86080000E-03
+5.71965000E-03
+5.66391000E-03
+5.69819000E-03
+5.67901000E-03
+5.71621000E-03
+5.80224000E-03
+5.56013000E-03
+5.84996000E-03
+5.79323000E-03
+5.65045000E-03
+5.85396000E-03
+5.69656000E-03
+5.67854000E-03
+5.64204000E-03
+5.78868000E-03
+5.65908000E-03
+5.94190000E-03
+5.83615000E-03
+5.76979000E-03
+5.66134000E-03
+5.70204000E-03
+5.67761000E-03
+5.77107000E-03
+5.84681000E-03
+5.68052000E-03
+5.97362000E-03
+5.90768000E-03
+5.90360000E-03
+5.82168000E-03
+5.68012000E-03
+5.84990000E-03
+5.69166000E-03
+5.68117000E-03
+5.71411000E-03
+5.73831000E-03
+5.73894000E-03
+5.64954000E-03
+5.95602000E-03
+5.76839000E-03
+5.66793000E-03
+5.65131000E-03
+5.80443000E-03
+5.69493000E-03
+5.81726000E-03
+5.73125000E-03
+5.60759000E-03
+5.69924000E-03
+5.68029000E-03
+5.77031000E-03
+5.74104000E-03
+5.60024000E-03
+5.96505000E-03
+5.67895000E-03
+5.88920000E-03
+5.70752000E-03
+5.90300000E-03
+5.71732000E-03
+5.67977000E-03
+5.77346000E-03
+5.76291000E-03
+5.57021000E-03
+5.75352000E-03
+5.68704000E-03
+5.57185000E-03
+5.84005000E-03
+5.69341000E-03
+5.65680000E-03
+5.61753000E-03
+5.73008000E-03
+5.82897000E-03
+5.81900000E-03
+5.56765000E-03
+5.97490000E-03
+5.68781000E-03
+5.55826000E-03
+5.73402000E-03
+5.68239000E-03
+5.69096000E-03
+5.68589000E-03
+5.91269000E-03
+5.72641000E-03
+5.79702000E-03
+5.88785000E-03
+5.82891000E-03
+5.82885000E-03
+5.68327000E-03
+5.65201000E-03
+5.97624000E-03
+5.92587000E-03
+5.97945000E-03
+5.91362000E-03
+5.98866000E-03
+5.88325000E-03
+5.68351000E-03
+5.83297000E-03
+5.72454000E-03
+5.86039000E-03
+5.65489000E-03
+5.67703000E-03
+5.75319000E-03
+5.69254000E-03
+5.58910000E-03
+5.76087000E-03
+5.68604000E-03
+5.69750000E-03
+5.61394000E-03
+5.86249000E-03
+5.69364000E-03
+5.98196000E-03
+5.63120000E-03
+5.71877000E-03
+5.64770000E-03
+5.87089000E-03
+5.85888000E-03
+5.81462000E-03
+5.81221000E-03
+5.68577000E-03
+5.74036000E-03
+5.68741000E-03
+5.67108000E-03
+5.68757000E-03
+5.61977000E-03
+5.69213000E-03
+5.71189000E-03
+5.88274000E-03
+5.84733000E-03
+5.68933000E-03
+5.64834000E-03
+5.69953000E-03
+5.65091000E-03
+5.68321000E-03
+5.71663000E-03
+5.79877000E-03
+5.68362000E-03
+5.77189000E-03
+5.65656000E-03
+5.90925000E-03
+5.58896000E-03
+5.66840000E-03
+5.92115000E-03
+5.67516000E-03
+5.89205000E-03
+5.74839000E-03
+5.66799000E-03
+5.98516000E-03
+5.86762000E-03
+5.87549000E-03
+5.67670000E-03
+5.63295000E-03
+5.82594000E-03
+5.68356000E-03
+5.89363000E-03
+5.68303000E-03
+5.68175000E-03
+5.74035000E-03
+5.68338000E-03
+5.84208000E-03
+5.68892000E-03
+5.66315000E-03
+5.79731000E-03
+5.79285000E-03
+5.83369000E-03
+5.68939000E-03
+5.75405000E-03
+5.87275000E-03
+5.68391000E-03
+5.70874000E-03
+5.71131000E-03
+5.56858000E-03
+5.73376000E-03
+5.68055000E-03
+5.97963000E-03
+5.71662000E-03
+5.68972000E-03
+5.58053000E-03
+5.61919000E-03
+5.68057000E-03
+5.79853000E-03
+5.96243000E-03
+5.64892000E-03
+5.90826000E-03
+5.79393000E-03
+5.97986000E-03
+5.75674000E-03
+5.63149000E-03
+5.61342000E-03
+5.90447000E-03
+5.59686000E-03
+5.72285000E-03
+5.58088000E-03
+5.85287000E-03
+5.69463000E-03
+5.65440000E-03
+5.68566000E-03
+5.85474000E-03
+5.61540000E-03
+5.68484000E-03
+5.93450000E-03
+5.60292000E-03
+6.01799000E-03
+5.69066000E-03
+5.60735000E-03
+5.92097000E-03
+5.68682000E-03
+5.91211000E-03
+5.68933000E-03
+5.80833000E-03
+5.86249000E-03
+5.85019000E-03
+5.78495000E-03
+5.87544000E-03
+5.88780000E-03
+5.82478000E-03
+5.72490000E-03
+5.67755000E-03
+5.62945000E-03
+5.69529000E-03
+5.68741000E-03
+5.85491000E-03
+5.66927000E-03
+5.64980000E-03
+5.69633000E-03
+5.68227000E-03
+5.71399000E-03
+5.68478000E-03
+5.98616000E-03
+5.68589000E-03
+5.62928000E-03
+5.90587000E-03
+5.90033000E-03
+5.68805000E-03
+5.67335000E-03
+5.65318000E-03
+5.98114000E-03
+5.68904000E-03
+5.69032000E-03
+5.65493000E-03
+5.65487000E-03
+5.69038000E-03
+5.58362000E-03
+5.91310000E-03
+5.68519000E-03
+5.84296000E-03
+5.68950000E-03
+5.99228000E-03
+5.84273000E-03
+5.86216000E-03
+5.86138000E-03
+5.57249000E-03
+5.69609000E-03
+5.68636000E-03
+5.88955000E-03
+5.72758000E-03
+5.68058000E-03
+5.75930000E-03
+5.69084000E-03
+5.78813000E-03
+5.68694000E-03
+5.65262000E-03
+5.84663000E-03
+5.77728000E-03
+5.74892000E-03
+5.65610000E-03
+5.94015000E-03
+5.67277000E-03
+5.63633000E-03
+5.85602000E-03
+5.72519000E-03
+5.70908000E-03
+5.71580000E-03
+5.89549000E-03
+5.63388000E-03
+5.69096000E-03
+5.60246000E-03
+5.76034000E-03
+5.58555000E-03
+5.62770000E-03
+5.62765000E-03
+5.67788000E-03
+5.86937000E-03
+5.92797000E-03
+5.68845000E-03
+5.97479000E-03
+5.92954000E-03
+5.92686000E-03
+5.62333000E-03
+5.82459000E-03
+5.64094000E-03
+5.95362000E-03
+5.66210000E-03
+5.69347000E-03
+5.86896000E-03
+5.86893000E-03
+5.69533000E-03
+5.61383000E-03
+5.68952000E-03
+5.56759000E-03
+5.85730000E-03
+5.59639000E-03
+5.93269000E-03
2021/08/29,11:04:13
