2021/08/28,15:17:31
+5.67225000E-03
+5.66320000E-03
+5.72408000E-03
+5.65499000E-03
+5.65502000E-03
+5.90202000E-03
+5.65161000E-03
+5.89059000E-03
+5.86797000E-03
+5.80791000E-03
+5.80500000E-03
+5.65557000E-03
+5.63038000E-03
+5.84437000E-03
+5.88809000E-03
+5.63470000E-03
+5.57360000E-03
+5.68653000E-03
+5.64997000E-03
+5.60082000E-03
+5.66288000E-03
+5.81865000E-03
+5.66776000E-03
+5.54299000E-03
+5.66715000E-03
+5.66595000E-03
+5.66595000E-03
+5.55051000E-03
+5.69889000E-03
+5.65697000E-03
+5.65940000E-03
+5.66857000E-03
+5.58975000E-03
+5.67953000E-03
+5.60595000E-03
+5.77629000E-03
+5.79113000E-03
+5.62222000E-03
+5.65464000E-03
+5.78297000E-03
+5.70122000E-03
+5.63919000E-03
+5.63919000E-03
+5.80815000E-03
+5.58875000E-03
+5.60467000E-03
+5.66572000E-03
+5.65831000E-03
+5.65295000E-03
+5.67005000E-03
+5.77527000E-03
+5.56607000E-03
+5.72973000E-03
+5.66047000E-03
+5.89246000E-03
+5.80909000E-03
+5.65400000E-03
+5.89823000E-03
+5.66298000E-03
+5.63015000E-03
+5.63662000E-03
+5.66968000E-03
+5.64962000E-03
+5.63691000E-03
+5.64808000E-03
+5.74062000E-03
+5.65155000E-03
+5.65102000E-03
+5.60438000E-03
+5.77049000E-03
+5.65067000E-03
+5.73603000E-03
+5.68851000E-03
+5.54520000E-03
+5.70688000E-03
+5.83666000E-03
+5.82308000E-03
+5.83136000E-03
+5.65475000E-03
+5.81795000E-03
+5.67003000E-03
+5.65341000E-03
+5.93135000E-03
+5.65166000E-03
+5.86248000E-03
+5.84576000E-03
+5.63721000E-03
+5.86984000E-03
+5.54435000E-03
+5.82395000E-03
+5.81264000E-03
+5.81264000E-03
+5.63617000E-03
+5.68974000E-03
+5.64939000E-03
+5.62467000E-03
+5.65697000E-03
+5.66133000E-03
+5.54841000E-03
+5.81923000E-03
+5.60088000E-03
+5.60088000E-03
+5.67853000E-03
+5.67853000E-03
+5.66146000E-03
+5.58840000E-03
+5.75545000E-03
+5.65197000E-03
+5.71560000E-03
+5.64123000E-03
+5.55465000E-03
+5.73647000E-03
+5.65336000E-03
+5.64012000E-03
+5.85369000E-03
+5.64169000E-03
+5.55354000E-03
+5.81404000E-03
+5.60117000E-03
+5.66269000E-03
+5.65149000E-03
+5.84770000E-03
+5.65032000E-03
+5.57354000E-03
+5.71399000E-03
+5.70909000E-03
+5.87124000E-03
+5.89345000E-03
+5.64496000E-03
+5.86744000E-03
+5.94359000E-03
+5.64490000E-03
+5.68175000E-03
+5.92540000E-03
+5.64910000E-03
+5.68688000E-03
+5.64537000E-03
+5.64537000E-03
+5.59826000E-03
+5.75620000E-03
+5.65516000E-03
+5.66081000E-03
+5.64565000E-03
+5.59161000E-03
+5.66047000E-03
+5.64298000E-03
+5.67112000E-03
+5.94190000E-03
+5.72466000E-03
+5.64791000E-03
+5.59802000E-03
+5.64846000E-03
+5.59307000E-03
+5.70023000E-03
+5.78915000E-03
+5.70412000E-03
+5.64875000E-03
+5.65185000E-03
+5.65185000E-03
+5.65353000E-03
+5.74244000E-03
+5.79414000E-03
+5.80949000E-03
+5.80949000E-03
+5.71172000E-03
+5.62920000E-03
+5.60012000E-03
+5.63365000E-03
+5.62286000E-03
+5.65971000E-03
+5.66000000E-03
+5.72361000E-03
+5.65283000E-03
+5.85471000E-03
+5.65337000E-03
+5.59336000E-03
+5.88855000E-03
+5.65446000E-03
+5.83888000E-03
+5.93007000E-03
+5.65371000E-03
+5.90055000E-03
+5.60875000E-03
+5.77113000E-03
+5.79399000E-03
+5.94966000E-03
+5.82944000E-03
+5.63627000E-03
+5.68216000E-03
+5.83672000E-03
+5.73658000E-03
+5.73658000E-03
+5.70157000E-03
+5.89427000E-03
+5.81019000E-03
+5.84646000E-03
+5.56736000E-03
+5.65989000E-03
+5.65389000E-03
+5.65856000E-03
+5.86377000E-03
+5.58444000E-03
+5.74897000E-03
+5.61120000E-03
+5.93356000E-03
+5.66117000E-03
+5.74221000E-03
+5.82127000E-03
+5.60613000E-03
+5.61669000E-03
+5.65604000E-03
+5.66221000E-03
+5.80786000E-03
+5.62817000E-03
+5.73428000E-03
+5.66041000E-03
+5.65417000E-03
+5.86564000E-03
+5.65831000E-03
+5.95462000E-03
+5.78710000E-03
+5.66315000E-03
+5.98199000E-03
+5.98199000E-03
+5.82384000E-03
+5.93275000E-03
+5.58001000E-03
+5.65814000E-03
+5.85695000E-03
+5.89374000E-03
+5.76220000E-03
+5.89911000E-03
+5.66169000E-03
+5.76717000E-03
+5.58561000E-03
+5.84920000E-03
+5.69901000E-03
+5.74514000E-03
+5.83539000E-03
+5.66712000E-03
+5.66014000E-03
+5.63137000E-03
+5.87958000E-03
+5.65889000E-03
+5.81768000E-03
+5.81768000E-03
+5.77020000E-03
+5.62158000E-03
+5.80489000E-03
+5.66105000E-03
+5.66210000E-03
+5.67388000E-03
+5.88009000E-03
+5.74932000E-03
+5.65901000E-03
+5.66507000E-03
+5.66507000E-03
+5.66216000E-03
+5.58094000E-03
+5.66685000E-03
+5.66088000E-03
+5.86391000E-03
+5.59097000E-03
+5.67520000E-03
+5.67520000E-03
+5.88863000E-03
+5.78927000E-03
+5.66093000E-03
+5.66898000E-03
+5.76711000E-03
+5.81037000E-03
+5.95893000E-03
+5.95101000E-03
+5.80051000E-03
+5.60444000E-03
+5.82821000E-03
+5.87188000E-03
+5.86149000E-03
+5.69463000E-03
+5.66082000E-03
+5.66082000E-03
+5.65615000E-03
+5.65925000E-03
+5.63919000E-03
+5.65969000E-03
+5.66997000E-03
+5.63930000E-03
+5.62041000E-03
+5.76664000E-03
+5.76664000E-03
+5.56311000E-03
+5.56246000E-03
+5.56246000E-03
+5.90663000E-03
+5.96033000E-03
+5.65843000E-03
+5.80442000E-03
+5.90150000E-03
+5.66053000E-03
+5.93112000E-03
+5.57039000E-03
+5.57039000E-03
+5.75575000E-03
+5.66344000E-03
+5.79789000E-03
+5.64962000E-03
+5.61936000E-03
+5.91258000E-03
+5.91258000E-03
+5.81562000E-03
+5.77404000E-03
+5.66432000E-03
+5.68070000E-03
+5.66461000E-03
+5.66315000E-03
+5.58134000E-03
+5.72501000E-03
+5.66813000E-03
+5.82372000E-03
+5.89380000E-03
+5.79084000E-03
+5.63831000E-03
+5.90547000E-03
+5.69965000E-03
+5.66781000E-03
+5.65505000E-03
+5.65505000E-03
+5.79072000E-03
+5.66863000E-03
+5.67831000E-03
+5.66738000E-03
+5.60415000E-03
+5.66607000E-03
+5.61435000E-03
+5.76501000E-03
+5.65394000E-03
+5.65394000E-03
+5.72851000E-03
+5.85182000E-03
+5.59884000E-03
+5.88272000E-03
+5.88272000E-03
+5.68676000E-03
+5.87019000E-03
+5.65843000E-03
+5.59954000E-03
+5.65683000E-03
+5.66035000E-03
+5.65882000E-03
+5.69951000E-03
+5.66408000E-03
+5.66603000E-03
+5.79859000E-03
+5.55470000E-03
+5.56543000E-03
+5.65580000E-03
+5.65580000E-03
+5.81278000E-03
+5.70688000E-03
+5.62280000E-03
+5.58444000E-03
+5.58444000E-03
+5.65656000E-03
+5.95000000E-03
+5.66274000E-03
+5.65592000E-03
+5.63551000E-03
+5.66163000E-03
+5.66502000E-03
+5.95485000E-03
+5.73107000E-03
+5.66630000E-03
+5.93199000E-03
+5.62887000E-03
+5.59015000E-03
+5.68155000E-03
+5.93717000E-03
+5.93426000E-03
+5.79079000E-03
+5.66315000E-03
+5.95205000E-03
+5.94103000E-03
+5.65732000E-03
+5.62479000E-03
+5.80762000E-03
+5.66554000E-03
+5.83695000E-03
+5.65808000E-03
+5.66595000E-03
+5.78804000E-03
+5.58835000E-03
+5.87715000E-03
+5.71854000E-03
+5.69977000E-03
+5.69977000E-03
+5.95020000E-03
+5.66846000E-03
+5.66735000E-03
+5.65253000E-03
+5.61977000E-03
+5.64187000E-03
+5.66682000E-03
+5.68356000E-03
+5.67693000E-03
+5.61989000E-03
+5.61435000E-03
+5.61435000E-03
+5.67528000E-03
+5.58129000E-03
+5.58129000E-03
+5.80670000E-03
+5.65724000E-03
+5.59750000E-03
+5.65458000E-03
+5.71098000E-03
+5.67930000E-03
+5.67930000E-03
+5.61633000E-03
+5.81095000E-03
+5.63761000E-03
+5.66572000E-03
+5.65924000E-03
+5.65924000E-03
+5.55873000E-03
+5.65761000E-03
+5.68974000E-03
+5.62811000E-03
+5.72629000E-03
+5.65656000E-03
+5.64403000E-03
+5.64403000E-03
+5.65775000E-03
+5.58152000E-03
+5.64887000E-03
+5.66394000E-03
+5.65755000E-03
+5.61394000E-03
+5.94791000E-03
+5.65674000E-03
+5.67838000E-03
+5.66583000E-03
+5.66612000E-03
+5.65749000E-03
+5.65796000E-03
+5.81941000E-03
+5.65755000E-03
+5.86069000E-03
+5.65639000E-03
+5.65785000E-03
+5.74058000E-03
+5.89024000E-03
+5.74711000E-03
+5.65831000E-03
+5.76931000E-03
+5.75504000E-03
+5.66035000E-03
+5.95712000E-03
+5.81393000E-03
+5.65627000E-03
+5.84879000E-03
+5.64362000E-03
+5.65814000E-03
+5.65814000E-03
+5.58351000E-03
+5.59254000E-03
+5.76752000E-03
+5.70665000E-03
+5.70665000E-03
+5.95642000E-03
+5.71475000E-03
+5.65884000E-03
+5.65884000E-03
+5.75568000E-03
+5.66443000E-03
+5.79762000E-03
+5.67479000E-03
+5.81340000E-03
+5.57208000E-03
+5.66047000E-03
+5.57243000E-03
+5.67918000E-03
+5.63458000E-03
+5.66085000E-03
+5.65977000E-03
+5.83783000E-03
+5.68822000E-03
+5.64385000E-03
+5.84797000E-03
+5.66082000E-03
+5.82897000E-03
+5.72758000E-03
+5.63820000E-03
+5.57389000E-03
+5.84907000E-03
+5.66875000E-03
+5.69026000E-03
+5.69026000E-03
+5.69248000E-03
+5.63633000E-03
+5.66504000E-03
+5.60904000E-03
+5.92395000E-03
+5.65003000E-03
+5.62560000E-03
+5.62560000E-03
+5.66068000E-03
+5.63444000E-03
+5.63598000E-03
+5.56905000E-03
+5.76932000E-03
+5.76052000E-03
+5.63301000E-03
+5.78909000E-03
+5.87025000E-03
+5.87025000E-03
+5.62298000E-03
+5.93601000E-03
+5.66029000E-03
+5.65196000E-03
+5.65567000E-03
+5.59161000E-03
+5.90558000E-03
+5.92593000E-03
+5.66292000E-03
+5.83293000E-03
+5.63697000E-03
+5.74787000E-03
+5.78885000E-03
+5.85888000E-03
+5.87975000E-03
+5.63627000E-03
+5.88342000E-03
+5.67481000E-03
+5.66338000E-03
+5.89264000E-03
+5.67411000E-03
+5.93934000E-03
+5.66586000E-03
+5.83643000E-03
+5.68612000E-03
+5.88436000E-03
+5.69236000E-03
+5.66787000E-03
+5.88435000E-03
+5.74250000E-03
+5.83260000E-03
+5.95910000E-03
+5.62292000E-03
+5.64455000E-03
+5.66185000E-03
+5.66185000E-03
+5.68199000E-03
+5.84494000E-03
+5.66583000E-03
+5.69237000E-03
+5.68233000E-03
+5.71265000E-03
+5.76851000E-03
+5.66888000E-03
+5.59779000E-03
+5.74612000E-03
+5.67330000E-03
+5.77862000E-03
+5.77862000E-03
+5.67289000E-03
+5.66881000E-03
+5.67431000E-03
+5.67866000E-03
+5.68647000E-03
+5.56612000E-03
+5.71947000E-03
+5.96103000E-03
+5.96103000E-03
+5.71003000E-03
+5.67674000E-03
+5.64432000E-03
+5.63767000E-03
+5.66694000E-03
+5.70534000E-03
+5.77259000E-03
+5.64275000E-03
+5.68122000E-03
+5.67895000E-03
+5.64245000E-03
+5.66490000E-03
+5.64385000E-03
+5.68746000E-03
+5.68484000E-03
+5.63342000E-03
+5.68647000E-03
+5.66863000E-03
+5.96307000E-03
+5.91345000E-03
+5.92074000E-03
+5.67464000E-03
+5.66712000E-03
+5.66712000E-03
+5.69104000E-03
+5.61808000E-03
+5.68216000E-03
+5.67579000E-03
+5.73856000E-03
+5.66018000E-03
+5.66673000E-03
+5.61761000E-03
+5.67775000E-03
+5.66811000E-03
+5.66747000E-03
+5.67300000E-03
+5.67300000E-03
+5.80302000E-03
+5.68770000E-03
+5.67102000E-03
+5.73463000E-03
+5.67407000E-03
+5.66018000E-03
+5.67945000E-03
+5.94331000E-03
+5.82914000E-03
+5.72775000E-03
+5.65271000E-03
+5.63435000E-03
+5.72355000E-03
+5.70921000E-03
+5.64325000E-03
+5.67315000E-03
+5.66741000E-03
+5.60042000E-03
+5.83025000E-03
+5.83025000E-03
+5.60689000E-03
+5.74361000E-03
+5.89118000E-03
+5.67069000E-03
+5.82850000E-03
+5.62933000E-03
+5.66694000E-03
+5.67063000E-03
+5.70402000E-03
+5.67264000E-03
+5.65965000E-03
+5.67219000E-03
+5.66910000E-03
+5.60584000E-03
+5.81340000E-03
+5.68041000E-03
+5.87450000E-03
+5.66437000E-03
+5.71119000E-03
+5.64299000E-03
+5.66729000E-03
+5.65156000E-03
+5.72355000E-03
+5.70886000E-03
+5.64111000E-03
+5.65120000E-03
+5.66781000E-03
+5.79626000E-03
+5.91695000E-03
+5.66425000E-03
+5.92359000E-03
+5.92359000E-03
+6.03659000E-03
+5.67242000E-03
+5.79486000E-03
+5.66986000E-03
+5.76827000E-03
+5.67143000E-03
+5.61353000E-03
+5.65464000E-03
+5.65464000E-03
+5.75370000E-03
+5.75370000E-03
+5.62887000E-03
+5.80454000E-03
+5.63716000E-03
+5.63901000E-03
+5.95899000E-03
+5.67557000E-03
+5.69013000E-03
+5.72116000E-03
+5.61412000E-03
+5.91549000E-03
+5.89526000E-03
+5.59703000E-03
+5.74845000E-03
+5.91106000E-03
+5.56823000E-03
+5.96173000E-03
+5.67411000E-03
+5.96726000E-03
+5.96726000E-03
+5.67650000E-03
+5.96113000E-03
+5.67009000E-03
+5.62339000E-03
+5.72781000E-03
+5.72781000E-03
+5.73043000E-03
+5.72390000E-03
+5.67102000E-03
+5.76198000E-03
+5.93706000E-03
+5.65885000E-03
+5.62432000E-03
+5.66987000E-03
+5.63983000E-03
+5.68466000E-03
+5.67149000E-03
+5.71836000E-03
+5.91706000E-03
+5.64193000E-03
+5.96849000E-03
+5.63522000E-03
+5.92010000E-03
+5.67726000E-03
+5.82436000E-03
+5.80151000E-03
+5.80322000E-03
+5.80322000E-03
+5.81177000E-03
+5.89188000E-03
+5.67571000E-03
+5.82991000E-03
+5.68222000E-03
+5.82664000E-03
+5.67143000E-03
+5.62834000E-03
+5.97108000E-03
+5.73283000E-03
+5.73283000E-03
+5.68251000E-03
+5.71154000E-03
+5.67073000E-03
+5.66490000E-03
+5.67487000E-03
+5.66094000E-03
+5.67685000E-03
+5.62992000E-03
+5.68134000E-03
+5.68222000E-03
+5.82285000E-03
+5.61901000E-03
+5.61901000E-03
+5.67382000E-03
+5.57021000E-03
+5.69419000E-03
+5.68834000E-03
+5.85025000E-03
+5.89934000E-03
+5.72414000E-03
+5.93605000E-03
+5.91188000E-03
+5.68362000E-03
+5.89747000E-03
+5.77241000E-03
+5.68157000E-03
+5.82821000E-03
+5.92593000E-03
+5.67313000E-03
+5.74443000E-03
+5.67551000E-03
+5.67411000E-03
+5.67411000E-03
+5.67513000E-03
+5.67265000E-03
+5.90756000E-03
+5.68240000E-03
+5.76489000E-03
+5.75212000E-03
+5.80920000E-03
+5.79410000E-03
+5.67306000E-03
+5.65231000E-03
+5.67388000E-03
+5.62893000E-03
+5.62216000E-03
+5.67131000E-03
+5.97455000E-03
+5.56497000E-03
+5.88830000E-03
+5.67481000E-03
+5.62105000E-03
+5.70029000E-03
+5.90715000E-03
+5.90540000E-03
+5.67429000E-03
+5.75597000E-03
+5.67796000E-03
+5.66636000E-03
+5.89269000E-03
+5.67378000E-03
+5.74302000E-03
+5.81002000E-03
+5.59085000E-03
+5.67496000E-03
+5.64776000E-03
+5.93636000E-03
+5.67650000E-03
+5.64432000E-03
+5.82827000E-03
+5.68257000E-03
+5.68688000E-03
+5.70245000E-03
+5.72164000E-03
+5.68507000E-03
+5.95036000E-03
+5.74072000E-03
+5.73656000E-03
+5.68496000E-03
+5.77035000E-03
+5.67463000E-03
+5.69149000E-03
+5.70542000E-03
+5.67423000E-03
+5.66379000E-03
+5.67312000E-03
+5.62135000E-03
+5.73201000E-03
+5.58864000E-03
+5.70845000E-03
+5.68089000E-03
+5.64933000E-03
+5.70653000E-03
+5.57750000E-03
+5.72192000E-03
+5.93601000E-03
+5.93601000E-03
+5.80419000E-03
+5.73865000E-03
+5.61400000E-03
+5.84810000E-03
+5.67594000E-03
+5.65452000E-03
+5.73288000E-03
+5.65027000E-03
+5.68425000E-03
+5.97088000E-03
+5.67878000E-03
+5.67658000E-03
+5.95123000E-03
+5.68280000E-03
+5.92657000E-03
+5.58601000E-03
+5.76623000E-03
+5.93234000E-03
+5.75563000E-03
+5.96038000E-03
+5.96038000E-03
+5.62875000E-03
+5.97519000E-03
+5.80617000E-03
+5.83270000E-03
+5.67854000E-03
+5.66385000E-03
+5.97292000E-03
+5.67376000E-03
+5.97374000E-03
+5.82576000E-03
+5.69883000E-03
+5.69883000E-03
+5.87602000E-03
+5.67487000E-03
+5.68671000E-03
+5.67248000E-03
+5.59715000E-03
+5.88459000E-03
+5.72629000E-03
+5.88156000E-03
+5.75719000E-03
+5.97652000E-03
+5.80121000E-03
+5.68706000E-03
+5.73632000E-03
+5.67522000E-03
+5.56911000E-03
+5.58730000E-03
+5.67749000E-03
+5.69831000E-03
+5.67744000E-03
+5.59861000E-03
+5.75603000E-03
+5.67714000E-03
+5.77276000E-03
+5.67924000E-03
+5.68671000E-03
+5.69434000E-03
+5.68105000E-03
+5.69504000E-03
+5.67708000E-03
+5.58905000E-03
+5.68589000E-03
+5.68589000E-03
+5.86173000E-03
+5.64360000E-03
+5.70637000E-03
+5.70637000E-03
+5.67604000E-03
+5.67644000E-03
+5.92309000E-03
+5.67738000E-03
+5.60298000E-03
+5.68437000E-03
+5.67697000E-03
+5.69015000E-03
+5.67668000E-03
+5.67563000E-03
+5.67319000E-03
+5.85783000E-03
+5.72887000E-03
+5.87118000E-03
+5.62537000E-03
+5.91537000E-03
+5.67767000E-03
+5.65506000E-03
+5.68297000E-03
+5.77603000E-03
+5.58887000E-03
+5.68775000E-03
+5.91392000E-03
+5.59948000E-03
+5.75521000E-03
+5.67761000E-03
+5.62986000E-03
+5.58118000E-03
+5.64257000E-03
+5.98347000E-03
+5.68741000E-03
+5.93648000E-03
+5.68805000E-03
+5.79031000E-03
+5.70288000E-03
+5.69341000E-03
+5.61668000E-03
+5.67936000E-03
+5.67452000E-03
+5.84943000E-03
+5.59229000E-03
+5.91724000E-03
+5.90849000E-03
+5.64543000E-03
+5.74618000E-03
+5.59406000E-03
+5.67341000E-03
+5.93275000E-03
+5.62170000E-03
+5.67755000E-03
+5.80945000E-03
+5.97671000E-03
+5.63505000E-03
+5.97916000E-03
+5.68157000E-03
+5.69131000E-03
+5.68595000E-03
+5.62502000E-03
+5.69044000E-03
+5.92896000E-03
+5.92896000E-03
+5.65196000E-03
+5.80028000E-03
+5.67802000E-03
+5.96528000E-03
+5.86377000E-03
+5.61499000E-03
+5.73288000E-03
+5.67685000E-03
+5.81509000E-03
+5.63260000E-03
+5.67423000E-03
+5.90564000E-03
+5.72793000E-03
+5.69230000E-03
+5.68032000E-03
+5.65598000E-03
+5.77690000E-03
+5.64834000E-03
+5.86068000E-03
+5.66082000E-03
+5.91712000E-03
+5.67411000E-03
+5.68018000E-03
+5.96808000E-03
+5.62642000E-03
+5.93922000E-03
+5.72711000E-03
+5.83276000E-03
+5.83276000E-03
+5.93257000E-03
+5.76540000E-03
+5.89812000E-03
+5.89812000E-03
+5.62345000E-03
+5.79556000E-03
+5.96773000E-03
+5.68828000E-03
+5.99059000E-03
+5.83375000E-03
+5.76321000E-03
+5.84856000E-03
+5.84716000E-03
+5.82613000E-03
+5.68612000E-03
+5.59785000E-03
+5.59785000E-03
+5.86319000E-03
+5.89508000E-03
+5.68111000E-03
+5.82868000E-03
+5.63359000E-03
+5.65493000E-03
+5.75090000E-03
+5.65155000E-03
+5.76279000E-03
+5.82063000E-03
+5.78123000E-03
+5.68107000E-03
+5.62076000E-03
+5.85871000E-03
+5.68678000E-03
+5.66402000E-03
+5.94715000E-03
+5.68187000E-03
+5.61913000E-03
+5.61913000E-03
+5.68414000E-03
+5.68146000E-03
+5.70192000E-03
+5.69083000E-03
+5.69083000E-03
+5.58718000E-03
+5.99548000E-03
+5.69182000E-03
+5.78355000E-03
+5.90086000E-03
+5.62811000E-03
+5.69116000E-03
+5.79159000E-03
+5.63656000E-03
+5.68423000E-03
+5.64636000E-03
+5.89812000E-03
+5.87614000E-03
+5.92453000E-03
+5.70315000E-03
+5.85054000E-03
+5.77831000E-03
+5.57336000E-03
+5.68641000E-03
+5.64111000E-03
+5.58578000E-03
+5.70828000E-03
+5.67671000E-03
+5.73702000E-03
+5.68681000E-03
+5.83830000E-03
+5.86587000E-03
+5.68455000E-03
+5.90814000E-03
+5.68099000E-03
+5.91106000E-03
+5.94925000E-03
+5.90832000E-03
+5.98190000E-03
+5.98190000E-03
+5.65312000E-03
+5.65312000E-03
+5.59645000E-03
+5.76186000E-03
+5.64082000E-03
+5.81958000E-03
+5.67572000E-03
+5.73061000E-03
+5.82226000E-03
+5.68746000E-03
+5.69662000E-03
+5.69259000E-03
+5.79066000E-03
+5.79066000E-03
+5.68321000E-03
+5.70816000E-03
+5.99671000E-03
+5.97689000E-03
+5.70956000E-03
+5.70956000E-03
+5.62543000E-03
+5.80909000E-03
+5.80909000E-03
+5.68571000E-03
+5.77912000E-03
+5.62747000E-03
+5.93747000E-03
+5.90482000E-03
+5.68630000E-03
+5.68630000E-03
+5.73247000E-03
+5.73434000E-03
+5.69329000E-03
+5.77288000E-03
+5.58677000E-03
+5.68548000E-03
+5.62345000E-03
+5.70659000E-03
+5.91024000E-03
+5.77358000E-03
+5.70886000E-03
+5.64519000E-03
+5.99836000E-03
+5.83287000E-03
+5.58514000E-03
+5.68616000E-03
+5.60012000E-03
+5.70019000E-03
+5.64300000E-03
+5.71423000E-03
+5.72937000E-03
+5.68810000E-03
+5.75131000E-03
+5.63534000E-03
+5.93619000E-03
+5.63814000E-03
+5.70157000E-03
+5.80349000E-03
+5.69452000E-03
+5.91199000E-03
+5.79509000E-03
+5.79509000E-03
+5.69038000E-03
+5.71176000E-03
+5.98213000E-03
+5.95298000E-03
+5.70886000E-03
+5.93508000E-03
+5.93508000E-03
+5.83451000E-03
+5.91450000E-03
+5.68805000E-03
+5.99076000E-03
+5.79865000E-03
+5.69749000E-03
+5.69044000E-03
+5.69924000E-03
+5.66766000E-03
+5.66766000E-03
+5.58852000E-03
+5.70000000E-03
+5.72874000E-03
+5.65510000E-03
+6.00044000E-03
+5.70466000E-03
+5.85316000E-03
+5.64047000E-03
+5.68974000E-03
+5.94202000E-03
+5.69335000E-03
+5.80366000E-03
+5.80034000E-03
+5.69603000E-03
+5.68283000E-03
+5.59458000E-03
+5.59458000E-03
+5.64321000E-03
+5.71651000E-03
+5.71651000E-03
+5.70764000E-03
+5.73965000E-03
+5.82378000E-03
+5.67015000E-03
+5.77329000E-03
+5.69183000E-03
+5.68921000E-03
+5.73265000E-03
+5.71796000E-03
+5.81373000E-03
+5.77387000E-03
+5.77408000E-03
+5.94062000E-03
+5.65936000E-03
+5.95321000E-03
+5.70949000E-03
+5.86693000E-03
+5.70740000E-03
+5.70595000E-03
+5.72297000E-03
+5.72868000E-03
+5.91526000E-03
+5.70596000E-03
+5.71026000E-03
+6.01274000E-03
+6.01274000E-03
+5.60333000E-03
+5.93776000E-03
+5.70408000E-03
+5.59010000E-03
+5.59010000E-03
+5.70385000E-03
+5.70385000E-03
+5.68492000E-03
+5.92091000E-03
+5.61348000E-03
+5.93514000E-03
+5.62315000E-03
+5.90039000E-03
+5.69743000E-03
+5.68122000E-03
+5.71230000E-03
+5.60665000E-03
+5.79742000E-03
+5.69511000E-03
+5.95339000E-03
+5.98009000E-03
+5.83544000E-03
+5.83206000E-03
+5.69825000E-03
+5.68571000E-03
+5.69498000E-03
+5.69324000E-03
+5.85497000E-03
+5.58671000E-03
+5.81002000E-03
+5.83707000E-03
+5.72463000E-03
+5.97980000E-03
+5.63038000E-03
+5.94131000E-03
+5.69324000E-03
+5.68729000E-03
+5.67627000E-03
+5.73259000E-03
+5.69673000E-03
+5.73988000E-03
+5.70764000E-03
+5.30000000E-07
+3.00000000E-09
2021/08/28,15:49:35
