2021/08/28,16:29:22
-2.50000000E-08
-2.30000000E-08
-2.20000000E-08
-1.80000000E-08
-1.90000000E-08
-2.20000000E-08
-2.50000000E-08
-1.90000000E-08
-2.00000000E-08
-2.10000000E-08
-2.10000000E-08
-2.50000000E-08
-3.00000000E-08
-2.90000000E-08
-2.80000000E-08
-2.60000000E-08
-2.40000000E-08
-3.00000000E-08
-3.30000000E-08
-2.70000000E-08
-2.50000000E-08
-2.90000000E-08
-2.90000000E-08
-2.50000000E-08
-2.90000000E-08
-2.90000000E-08
-2.80000000E-08
-2.40000000E-08
-2.20000000E-08
-2.80000000E-08
-2.80000000E-08
-2.80000000E-08
+3.87321000E-03
+5.69463000E-03
+5.69078000E-03
+5.70284000E-03
+5.70834000E-03
+5.71281000E-03
+5.75935000E-03
+5.69698000E-03
+5.70711000E-03
+5.70548000E-03
+5.70956000E-03
+5.70656000E-03
+5.73195000E-03
+5.71242000E-03
+5.70618000E-03
+5.72304000E-03
+5.71737000E-03
+5.72042000E-03
+5.71564000E-03
+5.72116000E-03
+5.71662000E-03
+5.71207000E-03
+5.72864000E-03
+5.71726000E-03
+5.73069000E-03
+5.73062000E-03
+5.72589000E-03
+5.71865000E-03
+5.72392000E-03
+5.72006000E-03
+5.71581000E-03
+5.71568000E-03
+5.77364000E-03
+5.77356000E-03
+5.71952000E-03
+5.71333000E-03
+5.72344000E-03
+5.71888000E-03
+5.72921000E-03
+5.72011000E-03
+5.72014000E-03
+5.73430000E-03
+5.73438000E-03
+5.73300000E-03
+5.73510000E-03
+5.73777000E-03
+5.73041000E-03
+5.73049000E-03
+5.73774000E-03
+5.72915000E-03
+5.72868000E-03
+5.71694000E-03
+5.71996000E-03
+5.72861000E-03
+5.72422000E-03
+5.72857000E-03
+5.73045000E-03
+5.72694000E-03
+5.72902000E-03
+5.78122000E-03
+5.72973000E-03
+5.71542000E-03
+5.71860000E-03
+5.71865000E-03
+5.72160000E-03
+5.56310000E-03
+0.00000000E+00
+0.00000000E+00
+5.90400000E-03
+5.90394000E-03
+5.88925000E-03
+5.88671000E-03
+5.87083000E-03
+5.88309000E-03
+6.01816000E-03
+5.92407000E-03
+5.90197000E-03
+5.88858000E-03
+5.88460000E-03
+5.87394000E-03
+5.87876000E-03
+5.97630000E-03
+6.40903000E-03
+6.09046000E-03
+6.41247000E-03
+5.83900000E-03
+5.98371000E-03
+6.07909000E-03
+6.25721000E-03
+6.40752000E-03
+6.30671000E-03
+6.30036000E-03
+6.31173000E-03
+6.08749000E-03
+5.79720000E-03
+6.04090000E-03
+5.63490000E-03
+5.97020000E-03
+5.85190000E-03
+5.60270000E-03
+5.83370000E-03
+5.68350000E-03
+5.68350000E-03
+0.00000000E+00
+6.07664000E-03
+6.36117000E-03
+6.45282000E-03
+5.96560000E-03
+5.85760000E-03
+5.78400000E-03
+5.83060000E-03
+6.08390000E-03
+5.96890000E-03
+5.73790000E-03
+6.07960000E-03
+5.96220000E-03
+6.17560000E-03
+5.79800000E-03
+6.06930000E-03
+5.73690000E-03
+5.75690000E-03
+6.11900000E-03
+6.02850000E-03
+5.65160000E-03
+6.20090000E-03
+5.79280000E-03
+5.97460000E-03
+6.13620000E-03
+6.05020000E-03
+6.02430000E-03
+6.19780000E-03
+5.78350000E-03
+6.20250000E-03
+6.04560000E-03
+5.83580000E-03
+5.93580000E-03
+5.67270000E-03
+5.84510000E-03
+6.20720000E-03
+6.05280000E-03
+6.15590000E-03
+6.13720000E-03
+5.90570000E-03
+6.27340000E-03
+5.91090000E-03
+5.85080000E-03
+6.13150000E-03
+5.89900000E-03
+5.81200000E-03
+5.74080000E-03
+6.03310000E-03
+6.15690000E-03
+5.84200000E-03
+5.96030000E-03
+5.99740000E-03
+5.90680000E-03
+6.04250000E-03
+6.12020000E-03
+6.10420000E-03
+6.01500000E-03
+6.13520000E-03
+6.13930000E-03
+6.16830000E-03
+6.11760000E-03
+5.88660000E-03
+6.13360000E-03
+5.92800000E-03
+6.14350000E-03
+5.59760000E-03
+5.98440000E-03
+6.09220000E-03
+6.00410000E-03
+6.24810000E-03
+6.02950000E-03
+6.12740000E-03
+6.12680000E-03
+5.93490000E-03
+5.94920000E-03
+5.66750000E-03
+5.84860000E-03
+5.88290000E-03
+6.22220000E-03
+5.58250000E-03
+6.25020000E-03
+5.88190000E-03
+5.82450000E-03
+6.15690000E-03
+6.27290000E-03
+5.86840000E-03
+6.22840000E-03
+5.94220000E-03
+5.90180000E-03
+6.10720000E-03
+5.95910000E-03
+6.09270000E-03
+6.17190000E-03
+6.10930000E-03
+5.85700000E-03
+5.91040000E-03
+6.01510000E-03
+5.78560000E-03
+5.66900000E-03
+6.11700000E-03
+6.14120000E-03
+6.06600000E-03
+5.63430000E-03
+5.70060000E-03
+5.96110000E-03
+6.17410000E-03
+6.11030000E-03
+5.71510000E-03
+5.81150000E-03
+5.95390000E-03
+5.89280000E-03
+6.10820000E-03
+5.70480000E-03
+5.62810000E-03
+6.20300000E-03
+5.87630000E-03
+5.87520000E-03
+6.17660000E-03
+5.72760000E-03
+5.60120000E-03
+6.14760000E-03
+6.16000000E-03
+5.93010000E-03
+6.21780000E-03
+5.77370000E-03
+5.96270000E-03
+5.93320000E-03
+6.10620000E-03
+5.81460000E-03
+6.08700000E-03
+6.08720000E-03
+6.03730000E-03
+6.12430000E-03
+5.85390000E-03
+5.72340000E-03
+5.81960000E-03
+5.97200000E-03
+6.15950000E-03
+5.91400000E-03
+5.93250000E-03
+5.71670000E-03
+5.91350000E-03
+5.83320000E-03
+5.73740000E-03
+5.94970000E-03
+5.83580000E-03
+5.84770000E-03
+5.89660000E-03
+6.20550000E-03
+5.94920000E-03
+5.70170000E-03
+5.89640000E-03
+5.67890000E-03
+5.94920000E-03
+6.02120000E-03
+6.11860000E-03
+5.78250000E-03
+5.73840000E-03
+5.87000000E-03
+5.91400000E-03
+5.58440000E-03
+6.06420000E-03
+6.12380000E-03
+5.74690000E-03
+5.72600000E-03
+5.90260000E-03
+5.94820000E-03
+5.94880000E-03
+5.74920000E-03
+5.98030000E-03
+5.97060000E-03
+5.87260000E-03
+5.52270000E-03
+5.93010000E-03
+6.07040000E-03
+6.04500000E-03
+6.09280000E-03
+5.84050000E-03
+5.87850000E-03
+5.69800000E-03
+5.55150000E-03
+5.82980000E-03
+6.00430000E-03
+6.04870000E-03
+5.71360000E-03
+5.84620000E-03
+5.84470000E-03
+5.74830000E-03
+6.02950000E-03
+5.66960000E-03
+5.65040000E-03
+6.10720000E-03
+5.66280000E-03
+5.42150000E-03
+5.95400000E-03
+5.66900000E-03
+5.45050000E-03
+5.77710000E-03
+6.02170000E-03
+5.80270000E-03
+6.04096000E-03
+6.10889000E-03
+6.39405000E-03
+6.41871000E-03
+6.52617000E-03
+6.33633000E-03
+6.19949000E-03
+6.46063000E-03
+0.00000000E+00
+6.01600000E-03
+5.66560000E-03
+5.75450000E-03
+5.86401000E-03
+5.88587000E-03
+6.08725000E-03
+6.49406000E-03
+6.14320000E-03
+6.14320000E-03
+5.62340000E-03
+6.11130000E-03
+5.74150000E-03
+6.03800000E-03
+5.59860000E-03
+5.82180000E-03
+5.67840000E-03
+6.04200000E-03
+6.04300000E-03
+5.68300000E-03
+5.80470000E-03
+0.00000000E+00
+6.25441000E-03
+6.43714000E-03
+6.44717000E-03
+6.44454000E-03
+6.08586000E-03
+6.13750000E-03
+6.13750000E-03
+5.81980000E-03
+5.79490000E-03
+5.57320000E-03
+5.71620000E-03
+5.76480000E-03
+5.83430000E-03
+5.69700000E-03
+5.71480000E-03
+6.03830000E-03
+5.73480000E-03
+5.75660000E-03
+6.05280000E-03
+5.83480000E-03
+6.11080000E-03
+6.10720000E-03
+5.99010000E-03
+5.78560000E-03
+5.68350000E-03
+6.12330000E-03
+5.68150000E-03
+5.70480000E-03
+5.73120000E-03
+6.08960000E-03
+5.80520000E-03
+5.58460000E-03
+5.79700000E-03
+5.98340000E-03
+5.92440000E-03
+5.70170000E-03
+6.12270000E-03
+5.88860000E-03
+0.00000000E+00
+6.21512000E-03
+0.00000000E+00
+5.94300000E-03
+6.29420000E-03
+6.09790000E-03
+6.42620000E-03
+5.95670000E-03
+6.04970000E-03
+6.26520000E-03
+5.97310000E-03
+6.21550000E-03
+5.70370000E-03
+5.84620000E-03
+5.91950000E-03
+5.99430000E-03
+5.85700000E-03
+5.96220000E-03
+6.15540000E-03
+5.88270000E-03
+5.71820000E-03
+6.20300000E-03
+6.20320000E-03
+6.12840000E-03
+5.88970000E-03
+5.98290000E-03
+6.31180000E-03
+6.21800000E-03
+5.79540000E-03
+5.93630000E-03
+6.23050000E-03
+6.27140000E-03
+5.87150000E-03
+6.02900000E-03
+6.17510000E-03
+5.92160000E-03
+5.90830000E-03
+5.84870000E-03
+5.91030000E-03
+6.11650000E-03
+6.19770000E-03
+6.10150000E-03
+5.79070000E-03
+5.90210000E-03
+6.31680000E-03
+5.67520000E-03
+5.67530000E-03
+5.66330000E-03
+6.02480000E-03
+6.16730000E-03
+5.82650000E-03
+6.13800000E-03
+5.79590000E-03
+6.12120000E-03
+5.79440000E-03
+6.12260000E-03
+5.98030000E-03
+6.13060000E-03
+6.03520000E-03
+5.83520000E-03
+6.15850000E-03
+5.87670000E-03
+6.23140000E-03
+5.84460000E-03
+5.61690000E-03
+6.12500000E-03
+5.95700000E-03
+6.17560000E-03
+5.79060000E-03
+6.07400000E-03
+5.86170000E-03
+6.19320000E-03
+5.81040000E-03
+6.16580000E-03
+6.22370000E-03
+6.11080000E-03
+5.96060000E-03
+6.07890000E-03
+5.86950000E-03
+6.11440000E-03
+5.89480000E-03
+6.08700000E-03
+6.19110000E-03
+6.18800000E-03
+5.74830000E-03
+6.02110000E-03
+5.93840000E-03
+6.03620000E-03
+6.23050000E-03
+5.83680000E-03
+5.83750000E-03
+5.82960000E-03
+6.07040000E-03
+5.88580000E-03
+6.11860000E-03
+5.73010000E-03
+6.26070000E-03
+5.82540000E-03
+5.92340000E-03
+5.92400000E-03
+5.86870000E-03
+6.10560000E-03
+5.64940000E-03
+5.82130000E-03
+6.36300000E-03
+6.09680000E-03
+6.15280000E-03
+6.15480000E-03
+5.88240000E-03
+6.05700000E-03
+5.97150000E-03
+5.84250000E-03
+6.15430000E-03
+5.67520000E-03
+6.15330000E-03
+6.16730000E-03
+6.14970000E-03
+6.11610000E-03
+6.16890000E-03
+6.22370000E-03
+6.11340000E-03
+5.89120000E-03
+5.80990000E-03
+5.62000000E-03
+6.19990000E-03
+6.00460000E-03
+6.17970000E-03
+5.90310000E-03
+5.92070000E-03
+6.03930000E-03
+5.78620000E-03
+5.95600000E-03
+6.19420000E-03
+6.20040000E-03
+6.05020000E-03
+5.71880000E-03
+5.71920000E-03
+5.66640000E-03
+5.77730000E-03
+6.08360000E-03
+5.80520000E-03
+5.91870000E-03
+5.90210000E-03
+6.04460000E-03
+5.80270000E-03
+5.81200000E-03
+6.14550000E-03
+6.12790000E-03
+6.11030000E-03
+6.07770000E-03
+5.62260000E-03
+6.03520000E-03
+5.73790000E-03
+6.06160000E-03
+5.96110000E-03
+5.92490000E-03
+6.16210000E-03
+5.59240000E-03
+5.79440000E-03
+5.64140000E-03
+6.17970000E-03
+6.17730000E-03
+6.19290000E-03
+6.11810000E-03
+5.89210000E-03
+6.22310000E-03
+5.82340000E-03
+5.84460000E-03
+5.98550000E-03
+5.88740000E-03
+6.11190000E-03
+5.56340000E-03
+6.20460000E-03
+5.87720000E-03
+6.07250000E-03
+5.93210000E-03
+5.84670000E-03
+6.05380000E-03
+6.14500000E-03
+6.13210000E-03
+5.78800000E-03
+6.04400000E-03
+6.18610000E-03
+6.15850000E-03
+5.62600000E-03
+6.22270000E-03
+5.80680000E-03
+5.91710000E-03
+5.75920000E-03
+6.12580000E-03
+5.97100000E-03
+6.04300000E-03
+5.92070000E-03
+6.15590000E-03
+6.16620000E-03
+5.61150000E-03
+6.16360000E-03
+6.18950000E-03
+5.58000000E-03
+6.18230000E-03
+6.10930000E-03
+6.21800000E-03
+5.79750000E-03
+5.93210000E-03
+5.83370000E-03
+6.01660000E-03
+5.81920000E-03
+5.57740000E-03
+6.16780000E-03
+5.76100000E-03
+6.01450000E-03
+5.92400000E-03
+5.69750000E-03
+5.91350000E-03
+5.82340000E-03
+5.73450000E-03
+6.17630000E-03
+6.15950000E-03
+6.01480000E-03
+5.54830000E-03
+6.14190000E-03
+5.74620000E-03
+6.08360000E-03
+6.14290000E-03
+5.74780000E-03
+6.00150000E-03
+5.87670000E-03
+6.03110000E-03
+6.12070000E-03
+6.04250000E-03
+6.01620000E-03
+6.12510000E-03
+5.93840000E-03
+6.20920000E-03
+5.94040000E-03
+6.07610000E-03
+6.11860000E-03
+6.13310000E-03
+6.14760000E-03
+6.07250000E-03
+6.11860000E-03
+5.86790000E-03
+6.05070000E-03
+6.03230000E-03
+6.13880000E-03
+6.19160000E-03
+6.13670000E-03
+6.02210000E-03
+6.13100000E-03
+6.03470000E-03
+5.93110000E-03
+5.94410000E-03
+5.78560000E-03
+5.77000000E-03
+5.84050000E-03
+5.88920000E-03
+5.86580000E-03
+5.86640000E-03
+5.87620000E-03
+5.57110000E-03
+6.13670000E-03
+6.15640000E-03
+6.12570000E-03
+5.97050000E-03
+6.15590000E-03
+6.06060000E-03
+5.54860000E-03
+6.11580000E-03
+5.66510000E-03
+5.96060000E-03
+5.65970000E-03
+5.73010000E-03
+5.88140000E-03
+6.09010000E-03
+6.10720000E-03
+5.87460000E-03
+6.19960000E-03
+5.95650000E-03
+5.78290000E-03
+5.79440000E-03
+6.02250000E-03
+5.78710000E-03
+5.96940000E-03
+6.15430000E-03
+5.83270000E-03
+5.94030000E-03
+6.19360000E-03
+5.80470000E-03
+6.03590000E-03
+5.85700000E-03
+5.81820000E-03
+6.13810000E-03
+5.93160000E-03
+5.84720000E-03
+6.44850000E-03
+6.14710000E-03
+5.72080000E-03
+5.83430000E-03
+6.03470000E-03
+5.62040000E-03
+5.95800000E-03
+5.65440000E-03
+5.99640000E-03
+5.78970000E-03
+5.71000000E-03
+5.95700000E-03
+6.09760000E-03
+6.14770000E-03
+5.61110000E-03
+6.08180000E-03
+6.06730000E-03
+6.12010000E-03
+5.83530000E-03
+6.21080000E-03
+6.16620000E-03
+5.78450000E-03
+6.00520000E-03
+6.11860000E-03
+5.77430000E-03
+5.98340000E-03
+5.63830000E-03
+5.73010000E-03
+5.99380000E-03
+6.02160000E-03
+5.91190000E-03
+5.88350000E-03
+6.07560000E-03
+6.16620000E-03
+6.07250000E-03
+5.95750000E-03
+6.02430000E-03
+5.97310000E-03
+5.92440000E-03
+5.73790000E-03
+6.13310000E-03
+5.91870000E-03
+5.94010000E-03
+6.20250000E-03
+6.09580000E-03
+5.79960000E-03
+6.01860000E-03
+6.02950000E-03
+5.70740000E-03
+6.15020000E-03
+5.96430000E-03
+6.11860000E-03
+5.81550000E-03
+6.01810000E-03
+6.12350000E-03
+6.21800000E-03
+5.83150000E-03
+5.52340000E-03
+6.01910000E-03
+6.10120000E-03
+5.75710000E-03
+5.78140000E-03
+6.10560000E-03
+5.75000000E-03
+6.15850000E-03
+6.09000000E-03
+5.98290000E-03
+6.04610000E-03
+5.76380000E-03
+5.77710000E-03
+5.55700000E-03
+5.55640000E-03
+5.69320000E-03
+6.19840000E-03
+6.19810000E-03
+5.97410000E-03
+6.10410000E-03
+5.90780000E-03
+6.02280000E-03
+5.86060000E-03
+5.89720000E-03
+5.72700000E-03
+6.13310000E-03
+6.18700000E-03
+5.94560000E-03
+5.84900000E-03
+6.14970000E-03
+5.78660000E-03
+5.87210000E-03
+5.89690000E-03
+6.05390000E-03
+5.69180000E-03
+5.59030000E-03
+5.80160000E-03
+6.13410000E-03
+6.09730000E-03
+6.09720000E-03
+6.02330000E-03
+6.00360000E-03
+5.80440000E-03
+6.22270000E-03
+5.57060000E-03
+6.29830000E-03
+6.15800000E-03
+5.65920000E-03
+5.90620000E-03
+6.11080000E-03
+5.79230000E-03
+6.14630000E-03
+6.10880000E-03
+5.87930000E-03
+6.00890000E-03
+6.13930000E-03
+6.30500000E-03
+5.86640000E-03
+6.14860000E-03
+6.07720000E-03
+5.69230000E-03
+5.87880000E-03
+5.71670000E-03
+5.68300000E-03
+6.21800000E-03
+6.01660000E-03
+6.06240000E-03
+6.15800000E-03
+5.79130000E-03
+5.97010000E-03
+6.22630000E-03
+5.74880000E-03
+5.82290000E-03
+5.87150000E-03
+6.22550000E-03
+5.91820000E-03
+5.95960000E-03
+6.17090000E-03
+6.12740000E-03
+6.16260000E-03
+6.14400000E-03
+5.76540000E-03
+5.97980000E-03
+6.08440000E-03
+6.16570000E-03
+5.94920000E-03
+5.94200000E-03
+6.16680000E-03
+5.83740000E-03
+6.14090000E-03
+5.92230000E-03
+5.92390000E-03
+6.08540000E-03
+5.99740000E-03
+6.00360000E-03
+5.78970000E-03
+6.14970000E-03
+6.09940000E-03
+5.83430000E-03
+5.85190000E-03
+6.06480000E-03
+6.14630000E-03
+5.55150000E-03
+5.89310000E-03
+5.82910000E-03
+6.02380000E-03
+5.94510000E-03
+6.11030000E-03
+5.74520000E-03
+5.99450000E-03
+6.11630000E-03
+5.82860000E-03
+6.17920000E-03
+6.21030000E-03
+6.11290000E-03
+6.13000000E-03
+5.77490000E-03
+5.72700000E-03
+6.10940000E-03
+6.07510000E-03
+6.06520000E-03
+5.90160000E-03
+5.95340000E-03
+6.03660000E-03
+5.84090000E-03
+5.66070000E-03
+5.95700000E-03
+6.00620000E-03
+5.82860000E-03
+6.05800000E-03
+5.58490000E-03
+5.75290000E-03
+5.81510000E-03
+6.10200000E-03
+5.89380000E-03
+6.14350000E-03
+6.18490000E-03
+5.49760000E-03
+5.81350000E-03
+6.17870000E-03
+5.82030000E-03
+5.79700000E-03
+5.57270000E-03
+5.62170000E-03
+6.03680000E-03
+5.93790000E-03
+5.87670000E-03
+5.55920000E-03
+6.09110000E-03
+5.92590000E-03
+6.05590000E-03
+5.85830000E-03
+6.14970000E-03
+5.64730000E-03
+5.75140000E-03
+5.51370000E-03
+6.11210000E-03
+5.97510000E-03
+5.74000000E-03
+6.08800000E-03
+6.22220000E-03
+6.13570000E-03
+5.71250000E-03
+6.21080000E-03
+5.82160000E-03
+5.90050000E-03
+6.04760000E-03
+5.84670000E-03
+6.04090000E-03
+5.97460000E-03
+5.79070000E-03
+6.03620000E-03
+6.14970000E-03
+5.74780000E-03
+5.93010000E-03
+5.77270000E-03
+5.91660000E-03
+5.85550000E-03
+5.91610000E-03
+5.87830000E-03
+6.08180000E-03
+6.08210000E-03
+5.94410000E-03
+5.95750000E-03
+6.08390000E-03
+5.76280000E-03
+5.83430000E-03
+5.86520000E-03
+5.82860000E-03
+6.31700000E-03
+6.03630000E-03
+5.97930000E-03
+5.86070000E-03
+5.85550000E-03
+5.65780000E-03
+5.94090000E-03
+5.85700000E-03
+6.11180000E-03
+5.79750000E-03
+5.77830000E-03
+5.82650000E-03
+6.09340000E-03
+5.86580000E-03
+5.80510000E-03
+6.04250000E-03
+5.68510000E-03
+6.15690000E-03
+5.71980000E-03
+6.09990000E-03
+5.85390000E-03
+5.98810000E-03
+6.10100000E-03
+5.88420000E-03
+6.12590000E-03
+5.55920000E-03
+5.84150000E-03
+5.96430000E-03
+5.72910000E-03
+5.75240000E-03
+5.57890000E-03
+5.96530000E-03
+5.81380000E-03
+6.15430000E-03
+5.56550000E-03
+6.14820000E-03
+5.76740000E-03
+6.08490000E-03
+6.15070000E-03
+6.14300000E-03
+6.12430000E-03
+5.93860000E-03
+6.21910000E-03
+6.14970000E-03
+5.77880000E-03
+5.73740000E-03
+5.92750000E-03
+5.83170000E-03
+6.03620000E-03
+6.05490000E-03
+5.73690000E-03
+5.98290000E-03
+5.87620000E-03
+5.76690000E-03
+6.03050000E-03
+5.69490000E-03
+5.90730000E-03
+6.14830000E-03
+5.80060000E-03
+6.11810000E-03
+6.17660000E-03
+6.15170000E-03
+5.75920000E-03
+5.67520000E-03
+6.14350000E-03
+5.74060000E-03
+5.95910000E-03
+5.75350000E-03
+5.81250000E-03
+6.22440000E-03
+5.90500000E-03
+5.94040000E-03
+5.96060000E-03
+6.07560000E-03
+5.93060000E-03
+6.03370000E-03
+5.73480000E-03
+6.06320000E-03
+5.82650000E-03
+6.06940000E-03
+6.30190000E-03
+5.55610000E-03
+5.93990000E-03
+5.65250000E-03
+5.59030000E-03
+5.84820000E-03
+5.84310000E-03
+6.15480000E-03
+6.10100000E-03
+5.88250000E-03
+6.08700000E-03
+5.99170000E-03
+5.92330000E-03
+6.27450000E-03
+5.73220000E-03
+5.79230000E-03
+5.44430000E-03
+5.80710000E-03
+6.05230000E-03
+5.63140000E-03
+5.98700000E-03
+5.89020000E-03
+5.87150000E-03
+6.00570000E-03
+6.01760000E-03
+6.05020000E-03
+5.62110000E-03
+0.00000000E+00
+0.00000000E+00
+5.83630000E-03
+6.10270000E-03
+5.74670000E-03
+6.16360000E-03
+6.01710000E-03
+6.16260000E-03
+5.79060000E-03
+6.17400000E-03
+6.16720000E-03
+6.18130000E-03
+5.66540000E-03
+6.17120000E-03
+5.91350000E-03
+5.88810000E-03
+5.99170000E-03
+5.99170000E-03
+6.05980000E-03
+5.93060000E-03
+6.11090000E-03
+5.78870000E-03
+5.74360000E-03
+5.96990000E-03
+6.10820000E-03
+5.96430000E-03
+5.95910000E-03
+6.01970000E-03
+5.76430000E-03
+5.52820000E-03
+5.75030000E-03
+5.65350000E-03
+5.99740000E-03
+5.86170000E-03
+5.77780000E-03
+6.16550000E-03
+5.86690000E-03
+6.06270000E-03
+5.87210000E-03
+6.00980000E-03
+6.16420000E-03
+6.16000000E-03
+5.84110000E-03
+6.04400000E-03
+5.66900000E-03
+6.02330000E-03
+6.12710000E-03
+5.83630000E-03
+5.87830000E-03
+6.11600000E-03
+5.93160000E-03
+5.87310000E-03
+5.85760000E-03
+6.13720000E-03
+6.04540000E-03
+5.81920000E-03
+5.81830000E-03
+5.65820000E-03
+5.75760000E-03
+6.08440000E-03
+5.51140000E-03
+6.06010000E-03
+6.10560000E-03
+5.94920000E-03
+5.98290000E-03
+6.16260000E-03
+5.86730000E-03
+5.99870000E-03
+5.78820000E-03
+5.65660000E-03
+6.12920000E-03
+6.09780000E-03
+6.01190000E-03
+5.97670000E-03
+6.18540000E-03
+6.20090000E-03
+5.80940000E-03
+6.04250000E-03
+5.77990000E-03
+6.24810000E-03
+6.01910000E-03
+5.92490000E-03
+6.12990000E-03
+5.79700000E-03
+6.18490000E-03
+6.18540000E-03
+6.32010000E-03
+6.20260000E-03
+5.85230000E-03
+6.10410000E-03
+5.94200000E-03
+6.14090000E-03
+5.88450000E-03
+5.89280000E-03
+5.92490000E-03
+5.85500000E-03
+6.06890000E-03
+5.97150000E-03
+5.93730000E-03
+5.68350000E-03
+5.82750000E-03
+5.89070000E-03
+5.82130000E-03
+5.98350000E-03
+5.80210000E-03
+6.05070000E-03
+6.25320000E-03
+6.07400000E-03
+5.98500000E-03
+5.55720000E-03
+5.81980000E-03
+6.10100000E-03
+6.20400000E-03
+5.86270000E-03
+6.19170000E-03
+6.20970000E-03
+6.18180000E-03
+5.96630000E-03
+5.96530000E-03
+6.14350000E-03
+6.12740000E-03
+5.99270000E-03
+5.85130000E-03
+5.95440000E-03
+6.17710000E-03
+6.20820000E-03
+6.13880000E-03
+6.21230000E-03
+6.18750000E-03
+5.85940000E-03
+6.14970000E-03
+6.14660000E-03
+6.24440000E-03
+6.17710000E-03
+5.78560000E-03
+5.86500000E-03
+6.19730000E-03
+6.02480000E-03
+5.88680000E-03
+5.69230000E-03
+6.02850000E-03
+5.83680000E-03
+5.69340000E-03
+5.75030000E-03
+6.09060000E-03
+5.74930000E-03
+5.69280000E-03
+6.26980000E-03
+6.04610000E-03
+6.19320000E-03
+5.80630000E-03
+5.89020000E-03
+6.09270000E-03
+6.06010000E-03
+5.80320000E-03
+5.60140000E-03
+6.14140000E-03
+6.20420000E-03
+6.14290000E-03
+5.95860000E-03
+5.89590000E-03
+6.25740000E-03
+5.93830000E-03
+6.17610000E-03
+5.99160000E-03
+5.79130000E-03
+5.91250000E-03
+6.27660000E-03
+6.22970000E-03
+5.59960000E-03
+5.82650000E-03
+6.05330000E-03
+5.89310000E-03
+5.86580000E-03
+5.64640000E-03
+5.87100000E-03
+5.99640000E-03
+6.23310000E-03
+5.96990000E-03
+5.75640000E-03
+6.26570000E-03
+6.06270000E-03
+5.84880000E-03
+5.78820000E-03
+5.97150000E-03
+6.24550000E-03
+5.80110000E-03
+6.21650000E-03
+5.93840000E-03
+5.94570000E-03
+5.65020000E-03
+5.65640000E-03
+6.25690000E-03
+5.90050000E-03
+6.17820000E-03
+5.87980000E-03
+6.24500000E-03
+5.87770000E-03
+5.68020000E-03
+6.20590000E-03
+6.05950000E-03
+6.12040000E-03
+6.07250000E-03
+6.27810000E-03
+6.10770000E-03
+6.07300000E-03
+5.81560000E-03
+6.00620000E-03
+6.25890000E-03
+6.22170000E-03
+6.01140000E-03
+6.12530000E-03
+6.03930000E-03
+6.02740000E-03
+5.81510000E-03
+5.83380000E-03
+5.73640000E-03
+6.19940000E-03
+5.50160000E-03
+5.71670000E-03
+5.72390000E-03
+6.01450000E-03
+5.50120000E-03
+6.17760000E-03
+6.25740000E-03
+6.40100000E-03
+6.11700000E-03
+5.91380000E-03
+6.05390000E-03
+6.26780000E-03
+6.04310000E-03
+5.98080000E-03
+5.98260000E-03
+6.27930000E-03
+6.15020000E-03
+5.92900000E-03
+6.20560000E-03
+6.25010000E-03
+6.17350000E-03
+6.14710000E-03
2021/08/28,17:01:57
