+0.00000000E+00
+5.59069000E-02
+5.49508000E-02
+0.00000000E+00
+0.00000000E+00
+0.00000000E+00
+9.90000000E+37
+5.26481000E-02
+4.89507000E-02
+4.99265000E-02
+4.78895000E-02
+4.50922000E-02
+4.02082000E-02
+4.50036000E-02
+4.74523000E-02
+4.83357000E-02
+4.92371000E-02
+4.86322000E-02
+4.61959000E-02
+4.62461000E-02
+4.76502000E-02
+4.82665000E-02
+4.87813000E-02
+5.15190000E-02
+5.07117000E-02
+5.14243000E-02
+4.86042000E-02
+5.02077000E-02
+5.02486000E-02
+4.95711000E-02
+6.13974000E-02
+0.00000000E+00
+3.10000000E-07
-3.60000000E-08
-2.30000000E-08
-2.30000000E-08
-4.70000000E-08
-6.80000000E-08
-7.40000000E-08
-8.10000000E-08
-8.40000000E-08
-8.60000000E-08
-8.50000000E-08
-8.40000000E-08
-8.80000000E-08
-9.10000000E-08
-9.10000000E-08
-9.50000000E-08
-9.10000000E-08
-9.00000000E-08
-8.80000000E-08
-8.60000000E-08
-8.90000000E-08
-8.60000000E-08
-8.80000000E-08
-9.20000000E-08
+0.00000000E+00
+2.50000000E-07
-6.17000000E-07
+0.00000000E+00
+9.90000000E+37
+5.71294000E-02
+5.73672000E-02
+5.80620000E-02
+5.81116000E-02
+5.83059000E-02
+5.83057000E-02
+5.81237000E-02
+5.82859000E-02
+5.82856000E-02
+5.88026000E-02
+5.89662000E-02
+5.85893000E-02
+5.66392000E-02
+5.74228000E-02
+5.64797000E-02
+5.81317000E-02
+5.64864000E-02
+5.58686000E-02
+5.79185000E-02
+5.55247000E-02
+5.60923000E-02
+5.59007000E-02
+5.60296000E-02
+5.61612000E-02
+5.72220000E-02
+5.67071000E-02
+5.67267000E-02
+5.66770000E-02
+5.05624000E-02
+5.27170000E-02
+5.43059000E-02
+5.29832000E-02
+5.26901000E-02
+5.36985000E-02
+5.24337000E-02
+5.19562000E-02
+5.09581000E-02
+4.94458000E-02
+5.17516000E-02
+5.17522000E-02
+4.92490000E-02
+0.00000000E+00
+0.00000000E+00
+0.00000000E+00
+1.00170000E-05
+1.00050000E-05
+9.98200000E-06
+9.95700000E-06
+9.93000000E-06
+9.82000000E-06
+9.82600000E-06
+9.82200000E-06
+9.81500000E-06
+9.79600000E-06
+9.77800000E-06
+9.75900000E-06
+9.51800000E-06
+9.52400000E-06
+9.52800000E-06
+9.52700000E-06
+9.52100000E-06
+9.51800000E-06
+9.50800000E-06
+9.50000000E-06
+9.50000000E-06
+9.50100000E-06
+9.49700000E-06
+9.49300000E-06
+9.48300000E-06
+9.48200000E-06
+9.47800000E-06
+9.47100000E-06
+9.46300000E-06
+9.45600000E-06
+9.43800000E-06
+9.42900000E-06
+9.42800000E-06
+9.42400000E-06
+9.42600000E-06
+9.42200000E-06
+9.42400000E-06
+9.43000000E-06
+9.44500000E-06
+9.36600000E-06
+9.37300000E-06
+9.37200000E-06
+9.37100000E-06
+9.36500000E-06
+9.36100000E-06
+1.32000000E-07
+8.20100000E-06
+3.22700000E-06
+3.22900000E-06
+2.74400000E-06
+2.32500000E-06
+2.68200000E-06
-1.50000000E-08
-8.00000000E-09
+0.00000000E+00
+9.90000000E+37
+0.00000000E+00
+5.67822000E-02
+5.67822000E-02
-2.63000000E-06
-2.80200000E-06
+3.05060000E-05
+9.90000000E+37
+0.00000000E+00
+6.45919000E-02
+0.00000000E+00
-6.50000000E-07
+0.00000000E+00
+0.00000000E+00
+0.00000000E+00
+5.90341000E-02
+6.21820000E-02
+6.02698000E-02
+6.16781000E-02
+6.00368000E-02
+5.92172000E-02
+5.92661000E-02
+5.86762000E-02
+5.86425000E-02
+5.87903000E-02
+5.90408000E-02
+5.89314000E-02
+5.44836000E-02
+5.68226000E-02
+5.76782000E-02
+5.66030000E-02
+5.45266000E-02
+5.61482000E-02
+5.73707000E-02
+5.74964000E-02
+5.92828000E-02
+5.94084000E-02
+5.94261000E-02
+5.94038000E-02
+5.94355000E-02
+5.95567000E-02
+5.96230000E-02
+5.96540000E-02
+5.96551000E-02
+5.96790000E-02
+5.96795000E-02
+5.96796000E-02
+5.96926000E-02
+5.96943000E-02
+5.97476000E-02
+5.97344000E-02
+5.98478000E-02
+5.99569000E-02
+5.99533000E-02
+5.99403000E-02
+5.99441000E-02
+5.99617000E-02
+5.99616000E-02
+5.99453000E-02
+5.99423000E-02
+5.99290000E-02
+5.99269000E-02
+5.99260000E-02
+5.99259000E-02
+5.99276000E-02
+5.99694000E-02
+5.99710000E-02
+5.99731000E-02
+5.99899000E-02
+6.00405000E-02
+6.00765000E-02
+6.01101000E-02
+6.01149000E-02
+6.02139000E-02
+6.04471000E-02
+6.04952000E-02
+6.05077000E-02
+6.05062000E-02
+6.04919000E-02
+6.04919000E-02
+6.04910000E-02
+6.04881000E-02
+6.04904000E-02
+6.04924000E-02
+6.04929000E-02
+6.05720000E-02
+6.06127000E-02
+6.06426000E-02
+6.00114000E-02
+5.93464000E-02
+6.00606000E-02
+5.85058000E-02
+5.91900000E-02
+5.89527000E-02
+5.89394000E-02
+5.89565000E-02
+5.89969000E-02
+5.92631000E-02
+5.93443000E-02
+5.94205000E-02
+5.94979000E-02
+5.95246000E-02
+5.95376000E-02
+5.95665000E-02
+5.95774000E-02
+5.95763000E-02
+5.95753000E-02
+5.95745000E-02
+5.95722000E-02
+5.95707000E-02
+5.99784000E-02
+5.99785000E-02
+6.00068000E-02
+5.92856000E-02
+5.92296000E-02
+5.92296000E-02
+5.94333000E-02
+5.94153000E-02
+5.94386000E-02
+5.94378000E-02
+5.94389000E-02
+5.94403000E-02
+5.94413000E-02
+5.94414000E-02
+5.94404000E-02
+5.94399000E-02
+5.94389000E-02
+5.94374000E-02
+5.94344000E-02
+5.94246000E-02
+5.94228000E-02
+5.94200000E-02
+5.94034000E-02
+5.94029000E-02
+5.94027000E-02
+5.94010000E-02
+5.93993000E-02
+5.93985000E-02
+5.93959000E-02
+5.93958000E-02
+5.94084000E-02
+5.94241000E-02
+5.94360000E-02
+5.94467000E-02
+5.94319000E-02
+5.94317000E-02
+5.94318000E-02
+5.94301000E-02
+5.94268000E-02
+5.94248000E-02
+5.94223000E-02
+5.94197000E-02
+5.94192000E-02
+5.94191000E-02
+5.94519000E-02
+5.94503000E-02
+5.94502000E-02
+5.94490000E-02
+5.94484000E-02
+5.94483000E-02
+5.94483000E-02
+5.94485000E-02
+5.94483000E-02
+5.94462000E-02
+5.94435000E-02
+5.94405000E-02
+5.94423000E-02
+5.94656000E-02
+5.94676000E-02
+5.94691000E-02
+5.94723000E-02
+5.94745000E-02
+5.94752000E-02
+5.94769000E-02
+5.94923000E-02
+5.94912000E-02
+5.94796000E-02
+5.94821000E-02
+5.96017000E-02
+5.96021000E-02
+5.98580000E-02
+5.98585000E-02
+5.98584000E-02
+5.98579000E-02
+5.98578000E-02
+5.98572000E-02
+5.98561000E-02
+5.98553000E-02
+5.98545000E-02
+5.98534000E-02
+5.98525000E-02
+5.98495000E-02
+5.98465000E-02
+5.98351000E-02
+5.98331000E-02
+5.98308000E-02
+5.98283000E-02
+5.98268000E-02
+5.98254000E-02
+5.98245000E-02
+5.98253000E-02
+5.98472000E-02
+5.98472000E-02
+5.98501000E-02
+5.98516000E-02
+6.00306000E-02
+6.01102000E-02
+6.01447000E-02
+6.01430000E-02
+6.01437000E-02
+6.01446000E-02
+6.01456000E-02
+6.01456000E-02
+6.01449000E-02
+6.01433000E-02
+6.01417000E-02
+6.01281000E-02
+6.01258000E-02
+6.01222000E-02
+6.01100000E-02
+6.01100000E-02
+6.01091000E-02
+6.00956000E-02
+6.00819000E-02
+6.00785000E-02
+6.00670000E-02
+6.00659000E-02
+6.00633000E-02
+6.00607000E-02
+6.00503000E-02
+6.00506000E-02
+6.00503000E-02
+6.00490000E-02
+6.00481000E-02
+6.00365000E-02
+6.00344000E-02
+6.00074000E-02
+5.99912000E-02
+5.94324000E-02
+6.00855000E-02
+6.01004000E-02
+6.01003000E-02
+6.01150000E-02
+6.01191000E-02
+6.01224000E-02
+6.01243000E-02
+6.01243000E-02
+6.01383000E-02
+6.01399000E-02
+6.01392000E-02
+6.01373000E-02
+6.01351000E-02
+6.01335000E-02
+6.01319000E-02
+6.01296000E-02
+6.01282000E-02
+6.01278000E-02
+6.01270000E-02
+6.01270000E-02
+6.01257000E-02
+6.01239000E-02
+6.01232000E-02
+6.01228000E-02
+6.01214000E-02
+6.01198000E-02
+6.01180000E-02
+6.01158000E-02
+6.01139000E-02
+6.01139000E-02
+6.01111000E-02
+6.00987000E-02
+6.00988000E-02
+6.00965000E-02
+6.00964000E-02
+6.00942000E-02
+6.00941000E-02
+6.00915000E-02
+6.00897000E-02
+6.00871000E-02
+6.00739000E-02
+6.00704000E-02
+6.00669000E-02
+6.00508000E-02
+6.00509000E-02
+6.00517000E-02
+6.00501000E-02
+6.00465000E-02
+6.00331000E-02
+6.00334000E-02
+6.00333000E-02
+6.00320000E-02
+6.00289000E-02
+6.00177000E-02
+6.00159000E-02
+6.00137000E-02
+6.00123000E-02
+6.00104000E-02
+6.00068000E-02
+6.00035000E-02
+5.99926000E-02
+5.99905000E-02
+5.99874000E-02
+5.99846000E-02
+5.99810000E-02
+5.99687000E-02
+5.99671000E-02
+5.99646000E-02
+5.99511000E-02
+5.99402000E-02
+5.99388000E-02
+5.99218000E-02
+5.99197000E-02
+5.99068000E-02
+5.98914000E-02
+5.98913000E-02
+5.98779000E-02
+5.97955000E-02
+5.97202000E-02
+5.96662000E-02
+5.96507000E-02
+5.96486000E-02
+5.96336000E-02
+5.96317000E-02
+5.96274000E-02
+5.96119000E-02
+5.96097000E-02
+5.95968000E-02
+5.95943000E-02
+5.95909000E-02
+5.95782000E-02
+5.95763000E-02
+5.95732000E-02
+5.95700000E-02
+5.95593000E-02
+5.95452000E-02
+5.95433000E-02
+5.95290000E-02
+5.95274000E-02
+5.95138000E-02
+5.95124000E-02
+5.94961000E-02
+5.91449000E-02
+5.93035000E-02
+5.93015000E-02
+5.93000000E-02
+5.92970000E-02
+5.92969000E-02
+5.92854000E-02
+5.92739000E-02
+5.92726000E-02
+5.92590000E-02
+5.92584000E-02
+5.92751000E-02
+5.92599000E-02
+5.92599000E-02
+5.92461000E-02
+5.92446000E-02
+5.92442000E-02
+5.92427000E-02
+5.92272000E-02
+5.92247000E-02
+5.92080000E-02
+5.91837000E-02
+5.91593000E-02
+5.91392000E-02
+5.92131000E-02
+5.92544000E-02
+5.92659000E-02
+5.92663000E-02
+5.92537000E-02
+5.92550000E-02
+5.92544000E-02
+5.92529000E-02
+5.92505000E-02
+5.92504000E-02
+5.92483000E-02
+5.92319000E-02
+5.92318000E-02
+5.92311000E-02
+5.92174000E-02
+5.92165000E-02
+5.92144000E-02
+5.92144000E-02
+5.92021000E-02
+5.91911000E-02
+5.91895000E-02
+5.91734000E-02
+5.91123000E-02
+5.91089000E-02
+5.90959000E-02
+5.90843000E-02
+5.90805000E-02
+5.90794000E-02
+5.90772000E-02
+5.90635000E-02
+5.90509000E-02
+5.90380000E-02
+5.90227000E-02
+5.90216000E-02
+5.90079000E-02
+5.90057000E-02
+5.89919000E-02
+5.89890000E-02
+5.89856000E-02
+5.89728000E-02
+5.89703000E-02
+5.89702000E-02
+5.89559000E-02
+5.89409000E-02
+5.89293000E-02
+5.89160000E-02
+5.84427000E-02
+5.84403000E-02
+5.85000000E-02
+5.84980000E-02
+5.84706000E-02
+5.84712000E-02
+5.83432000E-02
+5.83754000E-02
+5.83291000E-02
+5.83451000E-02
+5.83491000E-02
+5.83530000E-02
+5.83531000E-02
+5.83637000E-02
+5.83567000E-02
+5.83322000E-02
+5.83320000E-02
+5.82374000E-02
+5.82650000E-02
+5.83161000E-02
+5.83049000E-02
+5.82937000E-02
+5.82879000E-02
+5.82396000E-02
+5.82720000E-02
+5.82740000E-02
+5.82893000E-02
+5.82273000E-02
+5.82269000E-02
+5.82737000E-02
+5.84331000E-02
+5.84924000E-02
+5.85340000E-02
+5.85746000E-02
+5.85779000E-02
+5.86042000E-02
+5.86201000E-02
+5.86385000E-02
+5.86385000E-02
+5.86388000E-02
+5.86404000E-02
+5.86405000E-02
+5.86419000E-02
+5.86437000E-02
+5.86456000E-02
+5.86464000E-02
+5.86468000E-02
+5.86468000E-02
+5.86465000E-02
+5.86344000E-02
+5.86357000E-02
+5.86324000E-02
+5.86346000E-02
+5.86363000E-02
+5.86364000E-02
+5.86368000E-02
+5.86359000E-02
+5.86338000E-02
+5.86332000E-02
+5.86443000E-02
+5.86461000E-02
+5.86455000E-02
+5.86433000E-02
+5.86421000E-02
+5.86407000E-02
+5.86385000E-02
+5.86364000E-02
+5.86337000E-02
+5.86317000E-02
+5.86298000E-02
+5.85687000E-02
+5.85683000E-02
+5.85668000E-02
+5.85668000E-02
+5.85831000E-02
+5.85809000E-02
+5.85787000E-02
+5.85769000E-02
+5.85724000E-02
+5.85696000E-02
+5.85677000E-02
+5.85652000E-02
+5.85631000E-02
+5.85602000E-02
+5.85482000E-02
+5.85483000E-02
+5.85478000E-02
+5.85461000E-02
+5.85422000E-02
+5.85425000E-02
+5.85424000E-02
+5.85406000E-02
+5.85278000E-02
+5.86317000E-02
+5.86319000E-02
+5.86320000E-02
+5.86309000E-02
+5.86302000E-02
+5.86285000E-02
+5.86255000E-02
+5.86219000E-02
+5.86094000E-02
+5.85805000E-02
+5.85796000E-02
+5.85783000E-02
+5.85783000E-02
+5.85759000E-02
+5.85730000E-02
+5.85692000E-02
+5.85654000E-02
+5.85518000E-02
+5.85511000E-02
+5.85490000E-02
+5.85476000E-02
+5.85472000E-02
+5.85460000E-02
+5.85427000E-02
+5.85392000E-02
+5.85362000E-02
+5.85339000E-02
+5.85153000E-02
+5.85134000E-02
+5.85129000E-02
+5.84881000E-02
+5.84859000E-02
+5.84851000E-02
+5.84829000E-02
+5.84796000E-02
+5.84611000E-02
+5.83573000E-02
+5.83593000E-02
+5.87120000E-02
+5.88217000E-02
+5.88841000E-02
+5.88825000E-02
+5.88802000E-02
+5.88788000E-02
+5.89071000E-02
+5.89072000E-02
+5.89070000E-02
+5.89072000E-02
+5.89072000E-02
+5.89069000E-02
+5.89057000E-02
+5.89049000E-02
+5.89032000E-02
+5.89011000E-02
+5.89010000E-02
+5.88918000E-02
+5.88922000E-02
+5.88907000E-02
+5.88763000E-02
+5.88755000E-02
+5.88744000E-02
+5.88723000E-02
+5.88697000E-02
+5.87741000E-02
+5.87752000E-02
+5.87738000E-02
+5.87713000E-02
+5.87869000E-02
+5.87890000E-02
+5.83797000E-02
+5.83679000E-02
+5.83637000E-02
+5.84259000E-02
+5.84144000E-02
+5.83996000E-02
+5.84696000E-02
+5.85097000E-02
+5.85098000E-02
+5.85239000E-02
+5.85239000E-02
+5.85238000E-02
+5.85237000E-02
+5.84245000E-02
+5.84469000E-02
+5.84788000E-02
+5.84810000E-02
+5.84811000E-02
+5.84842000E-02
+5.84863000E-02
+5.84866000E-02
+5.84890000E-02
+5.84904000E-02
+5.82778000E-02
+5.82778000E-02
+5.82629000E-02
+5.82572000E-02
+5.82401000E-02
+5.82249000E-02
+5.82054000E-02
+5.82039000E-02
+5.81872000E-02
+5.81712000E-02
+5.81701000E-02
+5.81570000E-02
+5.81378000E-02
+5.81241000E-02
+5.81071000E-02
+5.81069000E-02
+5.81041000E-02
+5.81030000E-02
+5.80884000E-02
+5.80856000E-02
+5.80859000E-02
+5.80858000E-02
+5.80759000E-02
+5.81245000E-02
+5.81259000E-02
+5.82556000E-02
+5.83485000E-02
+5.85839000E-02
+5.86456000E-02
+5.86457000E-02
+5.86588000E-02
+5.86599000E-02
+5.86620000E-02
+5.86628000E-02
+5.86629000E-02
+5.86624000E-02
+5.86614000E-02
+5.86605000E-02
+5.86588000E-02
+5.86483000E-02
+5.86466000E-02
+5.86431000E-02
+5.86410000E-02
+5.86399000E-02
+5.86384000E-02
+5.86261000E-02
+5.86255000E-02
+5.86237000E-02
+5.86235000E-02
+5.86235000E-02
+5.86291000E-02
+5.86270000E-02
+5.86255000E-02
+5.86261000E-02
+5.86262000E-02
+5.86234000E-02
+5.86234000E-02
+5.86206000E-02
+5.86058000E-02
+5.86054000E-02
+5.86038000E-02
+5.86010000E-02
+5.85899000E-02
+5.85873000E-02
+5.85854000E-02
+5.85553000E-02
+5.85418000E-02
+5.85254000E-02
+5.85038000E-02
+5.84905000E-02
+5.84728000E-02
+5.84533000E-02
+5.84720000E-02
+5.84600000E-02
+5.84571000E-02
+5.84551000E-02
+5.84529000E-02
+5.84516000E-02
+5.84338000E-02
+5.84300000E-02
+5.84281000E-02
+5.84254000E-02
+5.84810000E-02
+5.84811000E-02
+5.84805000E-02
+5.84794000E-02
+5.84816000E-02
+5.84847000E-02
+5.84861000E-02
+5.84846000E-02
+5.84704000E-02
+5.84566000E-02
+5.84547000E-02
+5.84519000E-02
+5.84503000E-02
+5.84470000E-02
+5.84685000E-02
+5.84875000E-02
+5.84891000E-02
+5.84907000E-02
+5.84884000E-02
+5.84882000E-02
+5.84745000E-02
+5.84741000E-02
+5.84755000E-02
+5.84755000E-02
+5.84617000E-02
+5.84623000E-02
+5.84611000E-02
+5.84421000E-02
+5.84388000E-02
+5.84387000E-02
+5.84374000E-02
+5.84238000E-02
+5.84110000E-02
+5.83881000E-02
+5.83531000E-02
+5.83255000E-02
+5.83244000E-02
+5.82889000E-02
+5.82617000E-02
+5.81388000E-02
+5.81490000E-02
+5.81688000E-02
+5.80710000E-02
+5.81422000E-02
+5.82121000E-02
+5.82232000E-02
+5.81794000E-02
+5.81642000E-02
+5.82256000E-02
+5.82405000E-02
+5.82036000E-02
+5.82022000E-02
+5.82673000E-02
+5.82712000E-02
+5.82692000E-02
+5.82666000E-02
+5.83084000E-02
+5.83083000E-02
+5.82927000E-02
+5.82801000E-02
+5.81572000E-02
+5.81560000E-02
+5.81432000E-02
+5.81429000E-02
+5.81410000E-02
+5.81271000E-02
+5.81133000E-02
+5.81109000E-02
+5.80926000E-02
+5.80914000E-02
+5.80914000E-02
+5.81081000E-02
+5.81058000E-02
+5.81057000E-02
+5.80936000E-02
+5.80823000E-02
+5.80717000E-02
+5.80980000E-02
+5.80758000E-02
+5.80627000E-02
+5.80458000E-02
+5.80472000E-02
+5.80371000E-02
+5.80366000E-02
+5.81500000E-02
+5.81381000E-02
+5.81116000E-02
+5.80002000E-02
+5.79887000E-02
+5.79903000E-02
+5.79881000E-02
+5.79755000E-02
+5.79747000E-02
+5.79722000E-02
+5.79583000E-02
+5.79568000E-02
+5.79544000E-02
+5.79426000E-02
+5.78269000E-02
+5.78279000E-02
+5.78250000E-02
+5.78247000E-02
+5.78057000E-02
+5.78058000E-02
+5.78035000E-02
+5.78035000E-02
+5.78253000E-02
+5.79199000E-02
+5.79093000E-02
+5.78962000E-02
+5.78928000E-02
+5.77019000E-02
+5.77456000E-02
+5.77315000E-02
+5.77585000E-02
+5.77818000E-02
+5.77824000E-02
+5.77812000E-02
+5.77680000E-02
+5.77682000E-02
+5.77470000E-02
+5.77604000E-02
+5.77735000E-02
+5.77727000E-02
+5.77704000E-02
+5.77570000E-02
+5.77562000E-02
+5.77524000E-02
+5.77349000E-02
+5.77229000E-02
+5.77201000E-02
+5.77037000E-02
+5.77341000E-02
+5.77349000E-02
+5.77368000E-02
+5.77379000E-02
+5.77264000E-02
+5.77245000E-02
+5.77093000E-02
+5.77095000E-02
+5.76466000E-02
+5.77773000E-02
+5.78365000E-02
+5.77304000E-02
+5.77115000E-02
+5.77192000E-02
+5.77065000E-02
+5.76939000E-02
+5.75502000E-02
+5.77223000E-02
+5.77192000E-02
+5.77367000E-02
+5.75490000E-02
+5.77256000E-02
+5.77791000E-02
+5.77546000E-02
+5.77117000E-02
+5.76972000E-02
+5.76726000E-02
+5.76593000E-02
+5.76870000E-02
+5.75335000E-02
+5.76436000E-02
+5.76271000E-02
+5.76870000E-02
+5.77154000E-02
+5.76894000E-02
+5.74163000E-02
+5.75367000E-02
+5.75252000E-02
+5.75252000E-02
+5.75249000E-02
+5.75119000E-02
+5.76078000E-02
+5.75877000E-02
+5.75682000E-02
+5.75524000E-02
+5.75533000E-02
+5.75533000E-02
+5.75849000E-02
+5.74749000E-02
+5.74578000E-02
+5.74801000E-02
+5.74776000E-02
+5.75532000E-02
+5.76009000E-02
+5.76115000E-02
+5.75533000E-02
+5.73378000E-02
+5.74145000E-02
+5.74081000E-02
+5.74014000E-02
+5.73942000E-02
+5.74600000E-02
+5.75137000E-02
+5.75696000E-02
+5.75436000E-02
+5.73229000E-02
+5.73893000E-02
+5.75670000E-02
+5.75063000E-02
+5.72355000E-02
+5.72358000E-02
+5.74777000E-02
+5.74777000E-02
+5.75288000E-02
+5.75621000E-02
+5.75633000E-02
+5.75501000E-02
+5.75424000E-02
+5.75606000E-02
+5.75429000E-02
+5.75310000E-02
+5.74747000E-02
+5.74613000E-02
+5.74594000E-02
+5.74690000E-02
+5.74663000E-02
+5.72626000E-02
+5.72544000E-02
+5.72907000E-02
+5.72945000E-02
+5.72710000E-02
+5.72236000E-02
+5.72282000E-02
+5.72583000E-02
+5.61900000E-02
+5.97053000E-02
+5.79071000E-02
+5.83158000E-02
+5.82857000E-02
+5.84628000E-02
+5.84899000E-02
+5.84614000E-02
+5.85233000E-02
+5.88088000E-02
+5.87522000E-02
+5.87522000E-02
+5.87380000E-02
+5.87400000E-02
+5.86148000E-02
+5.85379000E-02
+5.84449000E-02
+5.83772000E-02
+5.82921000E-02
+5.83396000E-02
+5.82806000E-02
+5.82997000E-02
+5.84428000E-02
+5.83069000E-02
+5.82415000E-02
+5.80004000E-02
+5.79251000E-02
+5.78317000E-02
+5.77766000E-02
+5.78771000E-02
+5.78910000E-02
+5.77681000E-02
+5.77900000E-02
+5.77256000E-02
+5.78661000E-02
+5.80169000E-02
+5.81269000E-02
+5.81767000E-02
+5.81946000E-02
+5.82486000E-02
+5.82834000E-02
+5.83004000E-02
+5.83026000E-02
+5.83239000E-02
+5.83263000E-02
+5.83140000E-02
+5.83152000E-02
+5.83476000E-02
+5.83656000E-02
+5.83660000E-02
+5.83642000E-02
+5.83640000E-02
+5.83791000E-02
+5.83961000E-02
+5.83980000E-02
+5.84102000E-02
+5.84123000E-02
+5.84001000E-02
+5.83852000E-02
+5.83703000E-02
+5.83573000E-02
+5.83322000E-02
+5.83289000E-02
+5.83296000E-02
+5.83419000E-02
+5.83556000E-02
+5.83551000E-02
+5.83410000E-02
+5.83372000E-02
+5.83222000E-02
+5.82978000E-02
+5.82978000E-02
+5.83001000E-02
+5.83160000E-02
+5.83006000E-02
+5.83013000E-02
+5.83001000E-02
+5.83000000E-02
+5.82983000E-02
+5.82970000E-02
+5.83145000E-02
+5.83150000E-02
+5.83166000E-02
+5.83169000E-02
+5.83187000E-02
+5.83208000E-02
+5.83209000E-02
+5.83232000E-02
+5.83240000E-02
+5.83255000E-02
+5.83256000E-02
+5.82972000E-02
+5.82848000E-02
+5.82843000E-02
+5.82846000E-02
+5.82842000E-02
+5.82798000E-02
+5.82528000E-02
+5.82522000E-02
+5.82508000E-02
+5.82503000E-02
+5.82495000E-02
+5.82483000E-02
+5.82361000E-02
+5.81548000E-02
+5.81561000E-02
+5.81668000E-02
+5.81464000E-02
+5.81449000E-02
+5.81446000E-02
+5.81446000E-02
+5.81450000E-02
+5.81445000E-02
+5.81427000E-02
+5.81284000E-02
+5.81123000E-02
+5.80992000E-02
+5.80975000E-02
+5.80697000E-02
+5.80690000E-02
+5.80549000E-02
+5.80517000E-02
+5.80410000E-02
+5.80437000E-02
+5.80452000E-02
+5.80433000E-02
+5.80300000E-02
+5.80277000E-02
+5.80405000E-02
+5.80105000E-02
+5.80082000E-02
+5.80064000E-02
+5.80050000E-02
+5.80038000E-02
+5.80045000E-02
+5.80036000E-02
+5.80028000E-02
+5.79822000E-02
+5.79820000E-02
+5.79681000E-02
+5.79563000E-02
+5.79426000E-02
+5.79426000E-02
+5.79301000E-02
+5.79163000E-02
+5.78975000E-02
+5.78790000E-02
+5.72810000E-02
+5.72782000E-02
+5.72655000E-02
+5.72655000E-02
+5.72646000E-02
+5.72616000E-02
+5.72612000E-02
+5.72740000E-02
+5.72743000E-02
+5.73203000E-02
+5.73222000E-02
+5.73232000E-02
+5.73080000E-02
+5.72681000E-02
+5.72416000E-02
+5.72003000E-02
+5.72990000E-02
+5.72828000E-02
+5.72821000E-02
+5.73011000E-02
+5.73031000E-02
+5.73054000E-02
+5.73057000E-02
+5.73047000E-02
+5.73091000E-02
+5.73544000E-02
+5.73530000E-02
+5.73548000E-02
+5.73544000E-02
+5.73527000E-02
+5.73533000E-02
+5.73534000E-02
+5.73545000E-02
+5.73093000E-02
+5.70470000E-02
+5.70477000E-02
+5.70473000E-02
+5.70473000E-02
+5.72690000E-02
+5.72689000E-02
+5.72389000E-02
+5.72380000E-02
+5.72381000E-02
+5.72378000E-02
+5.72509000E-02
+5.75395000E-02
+5.75112000E-02
+5.74333000E-02
+5.73006000E-02
+5.72983000E-02
+5.72864000E-02
+5.72844000E-02
+5.72818000E-02
+5.72689000E-02
+5.70801000E-02
+5.70795000E-02
+5.70635000E-02
+5.70619000E-02
+5.70590000E-02
+5.70373000E-02
+5.70237000E-02
+5.70100000E-02
+5.69973000E-02
+5.69973000E-02
+5.69781000E-02
+5.69669000E-02
+5.69553000E-02
+5.69435000E-02
+5.69434000E-02
+5.69105000E-02
+5.69096000E-02
+5.69068000E-02
+5.68927000E-02
+5.68799000E-02
+5.68461000E-02
+5.68286000E-02
+5.68151000E-02
+5.68011000E-02
+5.67756000E-02
+5.65798000E-02
+5.64922000E-02
+5.62929000E-02
+5.62371000E-02
+5.61855000E-02
+5.60366000E-02
+5.59616000E-02
+5.61010000E-02
+5.60141000E-02
+5.59730000E-02
+5.59031000E-02
+5.56991000E-02
+5.56701000E-02
+5.58027000E-02
+5.58028000E-02
+5.58682000E-02
+5.58867000E-02
+5.58917000E-02
+5.58917000E-02
+5.58530000E-02
+5.59012000E-02
+5.59986000E-02
+5.60140000E-02
+5.68534000E-02
+5.68063000E-02
+5.67658000E-02
+5.67522000E-02
+5.67386000E-02
+5.67115000E-02
+5.66843000E-02
+5.66804000E-02
+5.66660000E-02
+5.66670000E-02
+5.66191000E-02
+5.66191000E-02
+5.66061000E-02
+5.66243000E-02
+5.66565000E-02
+5.66822000E-02
+5.66803000E-02
+5.66749000E-02
+5.66639000E-02
+5.66669000E-02
+5.66694000E-02
+5.60869000E-02
+5.60031000E-02
+5.61380000E-02
+5.60575000E-02
+5.60939000E-02
+5.61186000E-02
+5.61189000E-02
+5.61747000E-02
+5.62259000E-02
+5.62551000E-02
+5.62188000E-02
+5.61191000E-02
+5.60171000E-02
+5.57282000E-02
+5.59654000E-02
+5.59711000E-02
+5.60028000E-02
+5.59218000E-02
+5.58666000E-02
+5.59132000E-02
+5.60046000E-02
+5.61046000E-02
+5.60739000E-02
+5.62839000E-02
+5.63076000E-02
+5.62882000E-02
+5.64968000E-02
+5.65629000E-02
+5.66050000E-02
+5.65398000E-02
+5.64584000E-02
+5.64661000E-02
+5.63299000E-02
+5.63680000E-02
+5.63253000E-02
+5.63577000E-02
+5.63132000E-02
+5.62386000E-02
+5.62147000E-02
+5.62585000E-02
+5.62796000E-02
+5.62811000E-02
+5.62805000E-02
+5.62572000E-02
+5.63120000E-02
+5.62778000E-02
+5.58559000E-02
+5.52188000E-02
+5.50982000E-02
+5.55300000E-02
+5.49453000E-02
+5.49449000E-02
+5.52875000E-02
+5.54631000E-02
+5.55573000E-02
+5.52025000E-02
+5.53750000E-02
+5.55207000E-02
+5.53906000E-02
+5.50893000E-02
+5.55166000E-02
+5.48700000E-02
+5.23783000E-02
+5.33654000E-02
+5.30464000E-02
+5.29682000E-02
+5.43483000E-02
+5.35307000E-02
+5.27512000E-02
+5.35130000E-02
+5.23244000E-02
+5.24218000E-02
+5.34348000E-02
+5.18008000E-02
+4.86741000E-02
+4.97270000E-02
+2.10000000E-05
-1.50000000E-07
+5.52743000E-02
+0.00000000E+00
+9.90000000E+37
+3.50000000E-06
-4.70000000E-07
-7.52000000E-05
+5.40724000E-02
+5.69759000E-02
+5.74125000E-02
+5.76880000E-02
+5.77060000E-02
+5.77022000E-02
+5.77026000E-02
+5.77171000E-02
+5.77138000E-02
+5.77024000E-02
+5.77058000E-02
+5.77200000E-02
+5.77073000E-02
+5.77091000E-02
+5.77069000E-02
+5.77084000E-02
+5.76902000E-02
+5.76795000E-02
+5.76651000E-02
+5.76652000E-02
+5.76512000E-02
+5.76247000E-02
+5.75939000E-02
+5.75690000E-02
+5.75509000E-02
+5.75225000E-02
+5.75213000E-02
+5.75003000E-02
+5.74854000E-02
+5.74683000E-02
+5.74406000E-02
+5.74143000E-02
+5.73831000E-02
+5.73674000E-02
+5.73063000E-02
+5.73112000E-02
+5.72642000E-02
+5.72327000E-02
+5.72327000E-02
+5.71530000E-02
+5.62508000E-02
+5.70951000E-02
+5.69168000E-02
+5.65071000E-02
+5.64776000E-02
+5.65988000E-02
+5.66321000E-02
+5.67692000E-02
+5.69377000E-02
+5.67397000E-02
+5.64191000E-02
+5.66645000E-02
+5.68575000E-02
+5.68573000E-02
+5.68535000E-02
+5.69999000E-02
+5.69850000E-02
+5.69006000E-02
+5.68629000E-02
+5.68355000E-02
+5.66702000E-02
+5.65508000E-02
+5.58574000E-02
+5.50388000E-02
+5.51039000E-02
+5.54074000E-02
+5.56682000E-02
+5.56383000E-02
+5.56595000E-02
+5.64155000E-02
+5.65494000E-02
+5.66352000E-02
+5.66664000E-02
+5.66491000E-02
+5.66306000E-02
+5.66014000E-02
+5.65829000E-02
+5.65460000E-02
+5.65341000E-02
+5.64875000E-02
+5.64633000E-02
+5.64417000E-02
+5.64179000E-02
+5.63792000E-02
+5.60820000E-02
+5.56990000E-02
+5.55328000E-02
+5.50437000E-02
+5.63577000E-02
+5.55850000E-02
+5.63253000E-02
+5.63839000E-02
+5.64108000E-02
+5.62344000E-02
+5.58106000E-02
+5.57739000E-02
+5.57739000E-02
+5.48324000E-02
+5.49419000E-02
+5.47188000E-02
+5.53536000E-02
+5.52562000E-02
+5.51581000E-02
+5.46540000E-02
+5.55269000E-02
+5.56505000E-02
+5.57068000E-02
+5.57324000E-02
+5.57251000E-02
+5.57247000E-02
+5.56803000E-02
+5.57062000E-02
+5.57045000E-02
+5.56904000E-02
+5.56610000E-02
+5.56804000E-02
+5.56393000E-02
+5.56152000E-02
+5.55876000E-02
+5.55878000E-02
+5.55732000E-02
+5.55388000E-02
+5.54236000E-02
+5.54239000E-02
+5.54140000E-02
+5.53067000E-02
+5.51449000E-02
+5.45702000E-02
+5.53449000E-02
+5.52230000E-02
+5.48700000E-02
+5.51687000E-02
+5.51055000E-02
+5.49470000E-02
+5.50704000E-02
+5.53167000E-02
+5.54044000E-02
+5.53014000E-02
+5.53136000E-02
+5.53375000E-02
+5.53547000E-02
+5.53102000E-02
+5.52642000E-02
+5.53293000E-02
+5.51847000E-02
+5.52050000E-02
+5.51176000E-02
+5.51191000E-02
+5.51404000E-02
+5.51790000E-02
+5.51400000E-02
+5.50421000E-02
+5.50423000E-02
+5.48561000E-02
+5.47426000E-02
+5.49218000E-02
+5.50258000E-02
+5.52617000E-02
+5.52683000E-02
+5.52621000E-02
+5.52464000E-02
+5.51946000E-02
+5.51339000E-02
+5.50156000E-02
+5.55152000E-02
+5.56103000E-02
+5.55935000E-02
+5.56052000E-02
+5.55603000E-02
+5.56004000E-02
+5.55910000E-02
+5.55654000E-02
+5.56056000E-02
+5.55545000E-02
+5.56696000E-02
+5.56754000E-02
+5.56764000E-02
+5.56601000E-02
+5.56002000E-02
+5.55237000E-02
+5.45499000E-02
+5.44532000E-02
+5.47063000E-02
+5.48664000E-02
+5.48665000E-02
+5.48651000E-02
+5.50490000E-02
+5.51011000E-02
+5.51001000E-02
+5.51021000E-02
+5.51008000E-02
+5.50868000E-02
+5.50695000E-02
+5.50417000E-02
+5.50299000E-02
+5.50300000E-02
+5.50829000E-02
+5.50046000E-02
+5.49729000E-02
+5.49055000E-02
+5.49133000E-02
+5.48758000E-02
+5.47787000E-02
+5.46986000E-02
+5.47934000E-02
+5.48182000E-02
+5.48091000E-02
+5.47794000E-02
+5.47775000E-02
+5.47795000E-02
+5.47821000E-02
+5.47817000E-02
+5.47617000E-02
+5.47457000E-02
+5.47276000E-02
+5.46837000E-02
+5.46835000E-02
+5.46683000E-02
+5.46413000E-02
+5.45867000E-02
+5.45170000E-02
+5.44396000E-02
+5.44063000E-02
+5.43271000E-02
+5.42736000E-02
+5.40595000E-02
+5.39856000E-02
+5.38780000E-02
+5.34141000E-02
+5.33872000E-02
+5.31919000E-02
+5.31805000E-02
+5.36969000E-02
+5.36969000E-02
+5.35068000E-02
+5.40704000E-02
+5.40705000E-02
+5.40187000E-02
+5.39350000E-02
+5.36621000E-02
+5.36229000E-02
+5.34911000E-02
+5.32243000E-02
+5.39299000E-02
+5.40075000E-02
+5.40007000E-02
+5.39522000E-02
+5.39332000E-02
+5.39377000E-02
+5.39307000E-02
+5.38901000E-02
+5.38276000E-02
+5.37943000E-02
+5.37073000E-02
+5.37073000E-02
+5.36306000E-02
+5.35956000E-02
+5.35603000E-02
