2021/08/29,13:59:18
-2.90000000E-08
-2.70000000E-08
-2.80000000E-08
-2.80000000E-08
-2.80000000E-08
+0.00000000E+00
+2.67944000E-03
+5.41600000E-03
+5.96940000E-03
+5.83683000E-03
+5.84057000E-03
+5.91223000E-03
+5.94785000E-03
+6.11373000E-03
+5.94913000E-03
+6.02399000E-03
+5.99653000E-03
+5.93625000E-03
+6.37055000E-03
+5.84331000E-03
+5.86774000E-03
+5.95893000E-03
+5.80026000E-03
+5.77370000E-03
+5.71248000E-03
+5.88372000E-03
+5.80465000E-03
+6.27908000E-03
+5.84354000E-03
+5.94109000E-03
+5.80291000E-03
+5.73119000E-03
+5.74746000E-03
+5.68775000E-03
+5.81303000E-03
+5.88978000E-03
+6.00144000E-03
+5.65266000E-03
+5.79153000E-03
+5.81567000E-03
+6.05153000E-03
+5.77731000E-03
+5.80384000E-03
+5.81110000E-03
+5.88167000E-03
+6.13750000E-03
+5.79597000E-03
+5.69469000E-03
+5.82459000E-03
+6.11507000E-03
+5.79725000E-03
+5.81100000E-03
+5.83805000E-03
+5.86885000E-03
+5.78973000E-03
+5.83923000E-03
+5.82582000E-03
+6.10177000E-03
+5.84273000E-03
+6.00166000E-03
+5.86857000E-03
+5.83917000E-03
+5.83913000E-03
+5.86133000E-03
+5.85707000E-03
+5.85706000E-03
+5.84996000E-03
+6.09775000E-03
+5.91083000E-03
+5.93986000E-03
+5.85872000E-03
+5.98376000E-03
+5.77445000E-03
+5.77078000E-03
+5.76069000E-03
+5.76112000E-03
+6.03502000E-03
+5.70944000E-03
+5.70543000E-03
+5.75864000E-03
+5.91141000E-03
+5.73218000E-03
+5.81608000E-03
+5.88443000E-03
+6.07699000E-03
+5.74262000E-03
+5.82634000E-03
+5.84407000E-03
+6.16783000E-03
+6.02761000E-03
+5.79550000E-03
+5.94048000E-03
+5.81153000E-03
+5.82267000E-03
+5.72758000E-03
+5.77061000E-03
+5.77060000E-03
+5.97811000E-03
+5.83567000E-03
+5.77375000E-03
+5.76367000E-03
+5.75582000E-03
+5.78845000E-03
+6.03863000E-03
+5.75603000E-03
+5.75598000E-03
+5.87374000E-03
+5.74593000E-03
+6.10212000E-03
+5.72793000E-03
+5.71580000E-03
+5.75428000E-03
+5.76650000E-03
+5.77294000E-03
+5.72367000E-03
+5.76770000E-03
+5.79614000E-03
+5.76425000E-03
+6.09437000E-03
+5.72927000E-03
+5.74862000E-03
+5.80057000E-03
+5.81563000E-03
+5.79270000E-03
+5.81981000E-03
+6.07425000E-03
+5.80366000E-03
+5.81783000E-03
+5.85285000E-03
+6.25523000E-03
+6.24629000E-03
+5.87958000E-03
+5.87949000E-03
+5.86629000E-03
+6.26823000E-03
+6.29278000E-03
+6.04428000E-03
+5.89403000E-03
+5.90505000E-03
+5.90321000E-03
+6.04866000E-03
+5.89721000E-03
+5.84409000E-03
+6.17194000E-03
+5.82850000E-03
+5.81800000E-03
+6.10096000E-03
+5.84474000E-03
+5.78757000E-03
+5.82422000E-03
+5.83011000E-03
+5.85672000E-03
+6.19054000E-03
+5.86171000E-03
+5.87460000E-03
+6.03134000E-03
+5.93298000E-03
+6.04679000E-03
+5.87060000E-03
+5.86453000E-03
+6.08632000E-03
+5.77737000E-03
+5.80856000E-03
+5.81134000E-03
+5.78075000E-03
+6.11606000E-03
+5.80605000E-03
+5.80680000E-03
+5.91992000E-03
+6.10300000E-03
+5.73341000E-03
+5.82465000E-03
+5.83703000E-03
+5.91234000E-03
+5.79229000E-03
+5.84244000E-03
+5.85054000E-03
+5.85122000E-03
+6.21745000E-03
+5.85264000E-03
+5.84296000E-03
+5.84914000E-03
+5.85515000E-03
+6.07886000E-03
+5.71673000E-03
+5.83089000E-03
+5.82812000E-03
+5.82351000E-03
+6.16398000E-03
+5.82355000E-03
+5.83041000E-03
+6.21482000E-03
+5.83136000E-03
+5.84366000E-03
+5.83970000E-03
+5.83164000E-03
+6.11985000E-03
+5.84914000E-03
+5.95310000E-03
+5.82649000E-03
+5.81897000E-03
+5.82056000E-03
+5.78186000E-03
+5.89345000E-03
+5.82162000E-03
+5.82441000E-03
+5.85840000E-03
+6.12719000E-03
+5.82827000E-03
+5.83620000E-03
+5.84405000E-03
+5.88261000E-03
+5.82168000E-03
+5.88518000E-03
+5.85262000E-03
+6.01525000E-03
+5.80349000E-03
+5.81557000E-03
+5.80216000E-03
+5.98132000E-03
+5.67306000E-03
+5.79638000E-03
+5.79393000E-03
+5.84069000E-03
+6.00837000E-03
+5.79078000E-03
+5.78951000E-03
+6.17203000E-03
+5.88774000E-03
+5.79439000E-03
+5.80734000E-03
+5.81078000E-03
+5.92463000E-03
+6.00533000E-03
+5.81938000E-03
+5.81507000E-03
+5.84797000E-03
+6.06469000E-03
+5.94820000E-03
+5.74380000E-03
+5.80594000E-03
+5.79822000E-03
+5.79927000E-03
+5.72915000E-03
+5.68041000E-03
+5.80463000E-03
+5.80843000E-03
+6.18754000E-03
+5.78524000E-03
+5.92604000E-03
+5.93409000E-03
+5.93263000E-03
+5.93263000E-03
+5.91514000E-03
+5.73271000E-03
+5.82903000E-03
+5.82092000E-03
+5.80827000E-03
+5.81634000E-03
+6.04456000E-03
+5.79463000E-03
+5.79410000E-03
+5.99403000E-03
+6.00452000E-03
+5.80961000E-03
+5.80955000E-03
+5.80891000E-03
+5.80553000E-03
+5.92523000E-03
+5.80513000E-03
+5.96225000E-03
+5.67515000E-03
+5.80465000E-03
+5.86850000E-03
+6.13530000E-03
+5.77894000E-03
+6.15681000E-03
+5.79930000E-03
+5.83567000E-03
+6.13862000E-03
+5.81573000E-03
+5.80615000E-03
+6.10993000E-03
+5.71781000E-03
+5.81173000E-03
+5.81148000E-03
+5.81103000E-03
+6.14439000E-03
+5.81380000E-03
+5.81719000E-03
+5.82263000E-03
+5.82755000E-03
+5.78326000E-03
+5.81247000E-03
+5.81236000E-03
+5.84267000E-03
+5.81294000E-03
+5.81597000E-03
+5.81800000E-03
+6.14684000E-03
+5.74763000E-03
+5.80885000E-03
+5.81031000E-03
+6.07676000E-03
+5.91199000E-03
+5.96423000E-03
+5.79853000E-03
+5.79614000E-03
+6.01490000E-03
+5.85048000E-03
+5.74425000E-03
+5.79498000E-03
+5.80617000E-03
+5.69050000E-03
+5.79399000E-03
+5.79858000E-03
+5.79535000E-03
+6.05909000E-03
+5.75236000E-03
+5.73801000E-03
+5.79656000E-03
+6.03111000E-03
+5.79091000E-03
+5.86290000E-03
+5.78436000E-03
+5.79349000E-03
+5.78843000E-03
+6.06236000E-03
+5.79241000E-03
+5.79825000E-03
+5.79302000E-03
+5.85445000E-03
+5.78654000E-03
+6.13769000E-03
+5.80576000E-03
+5.79043000E-03
+5.78908000E-03
+5.81037000E-03
+6.15004000E-03
+5.77818000E-03
+5.78401000E-03
+5.88360000E-03
+6.21039000E-03
+5.66601000E-03
+5.90785000E-03
+6.06842000E-03
+5.94412000E-03
+5.77609000E-03
+5.81317000E-03
+5.81178000E-03
+6.00429000E-03
+5.80833000E-03
+5.79932000E-03
+5.79462000E-03
+5.92698000E-03
+5.91770000E-03
+6.03080000E-03
+5.80330000E-03
+5.87753000E-03
+6.13974000E-03
+5.81629000E-03
+5.80337000E-03
+6.17471000E-03
+5.85039000E-03
+5.81241000E-03
+5.81229000E-03
+5.81798000E-03
+5.94872000E-03
+5.81620000E-03
+5.80014000E-03
+5.83188000E-03
+6.13635000E-03
+5.84663000E-03
+6.16130000E-03
+5.72571000E-03
+5.86843000E-03
+6.21506000E-03
+5.87847000E-03
+5.74991000E-03
+5.83482000E-03
+5.84832000E-03
+6.14282000E-03
+5.83591000E-03
+5.84803000E-03
+5.84701000E-03
+5.86153000E-03
+6.18765000E-03
+5.86943000E-03
+5.87668000E-03
+6.11259000E-03
+6.25809000E-03
+5.88051000E-03
+5.88372000E-03
+6.01519000E-03
+6.11757000E-03
+5.79259000E-03
+5.91666000E-03
+5.91381000E-03
+6.17226000E-03
+5.91497000E-03
+5.86576000E-03
+5.86774000E-03
+5.86332000E-03
+5.89753000E-03
+6.20066000E-03
+5.74699000E-03
+5.87596000E-03
+5.87427000E-03
+5.87436000E-03
+5.87377000E-03
+5.80734000E-03
+6.25540000E-03
+5.89264000E-03
+5.90136000E-03
+5.98674000E-03
+6.21558000E-03
+5.93351000E-03
+5.93688000E-03
+5.95150000E-03
+5.94186000E-03
+5.87065000E-03
+5.82139000E-03
+5.92889000E-03
+5.98581000E-03
+6.18923000E-03
+5.92831000E-03
+5.92690000E-03
+6.17500000E-03
+5.84593000E-03
+5.93360000E-03
+5.92136000E-03
+5.88978000E-03
+6.08994000E-03
+6.00096000E-03
+5.91992000E-03
+6.06982000E-03
+6.06755000E-03
+5.81066000E-03
+5.92698000E-03
+5.92778000E-03
+6.01093000E-03
+6.19168000E-03
+5.92342000E-03
+5.94144000E-03
+6.31907000E-03
+5.94015000E-03
+5.92925000E-03
+5.92214000E-03
+6.08486000E-03
+6.12783000E-03
+6.07973000E-03
+6.19343000E-03
+5.92295000E-03
+5.93053000E-03
+5.93199000E-03
+5.97916000E-03
+5.94208000E-03
+6.22328000E-03
+5.96079000E-03
+5.95327000E-03
+6.37324000E-03
+5.91462000E-03
+5.91917000E-03
+5.93368000E-03
+5.94034000E-03
+6.27342000E-03
+5.88890000E-03
+5.97045000E-03
+5.96336000E-03
+5.96331000E-03
+6.00324000E-03
+5.94587000E-03
+5.94237000E-03
+5.94480000E-03
+5.94925000E-03
+6.18066000E-03
+6.03682000E-03
+5.92934000E-03
+5.93207000E-03
+6.31079000E-03
+5.92295000E-03
+5.94552000E-03
+5.91526000E-03
+6.02522000E-03
+5.92359000E-03
+5.92360000E-03
+5.86570000E-03
+5.93123000E-03
+6.21523000E-03
+5.98306000E-03
+5.94943000E-03
+5.94176000E-03
+5.95398000E-03
+6.02003000E-03
+5.97986000E-03
+5.96454000E-03
+5.95669000E-03
+6.08533000E-03
+6.11985000E-03
+5.81926000E-03
+5.94762000E-03
+5.97940000E-03
+5.95943000E-03
+6.30490000E-03
+5.96038000E-03
+5.96529000E-03
+6.17349000E-03
+6.03962000E-03
+5.84652000E-03
+5.93945000E-03
+5.94196000E-03
+6.22759000E-03
+6.00744000E-03
+5.93321000E-03
+5.94050000E-03
+5.93890000E-03
+6.22631000E-03
+5.94354000E-03
+5.94523000E-03
+5.95572000E-03
+6.05892000E-03
+5.80017000E-03
+5.89433000E-03
+5.87022000E-03
+6.01420000E-03
+6.06807000E-03
+5.84990000E-03
+5.84582000E-03
+5.84727000E-03
+5.90476000E-03
+5.72530000E-03
+5.84597000E-03
+6.23733000E-03
+5.83777000E-03
+5.73067000E-03
+5.87181000E-03
+5.87559000E-03
+6.25505000E-03
+5.89368000E-03
+5.80238000E-03
+5.90698000E-03
+5.91870000E-03
+6.31231000E-03
+5.92690000E-03
+6.24024000E-03
+5.92983000E-03
+5.92986000E-03
+5.94454000E-03
+5.93759000E-03
+6.07565000E-03
+5.94132000E-03
+5.96487000E-03
+5.96190000E-03
+6.03023000E-03
+5.91211000E-03
+5.90873000E-03
+5.89414000E-03
+6.15576000E-03
+5.89998000E-03
+5.89473000E-03
+5.89295000E-03
+6.19109000E-03
+5.88867000E-03
+5.88870000E-03
+5.85340000E-03
+5.85613000E-03
+5.84392000E-03
+5.97444000E-03
+5.83159000E-03
+5.83084000E-03
+5.82403000E-03
+6.10527000E-03
+5.95671000E-03
+5.81863000E-03
+5.94966000E-03
+6.19506000E-03
+5.84593000E-03
+5.81678000E-03
+5.81894000E-03
+5.81831000E-03
+6.15286000E-03
+6.11185000E-03
+5.81620000E-03
+5.86045000E-03
+6.08381000E-03
+5.70670000E-03
+5.81789000E-03
+5.82169000E-03
+5.83013000E-03
+6.15314000E-03
+5.81538000E-03
+5.81459000E-03
+6.12457000E-03
+5.74763000E-03
+5.81701000E-03
+5.81433000E-03
+5.90570000E-03
+6.10527000E-03
+5.81917000E-03
+5.81900000E-03
+5.81815000E-03
+5.99560000E-03
+6.03449000E-03
+5.81806000E-03
+5.81603000E-03
+6.10247000E-03
+5.82250000E-03
+5.81637000E-03
+5.81638000E-03
+5.81712000E-03
+5.87520000E-03
+6.06632000E-03
+5.82267000E-03
+5.82279000E-03
+5.82570000E-03
+5.82546000E-03
+6.13407000E-03
+5.75620000E-03
+5.82016000E-03
+5.96944000E-03
+6.16608000E-03
+5.81935000E-03
+5.76233000E-03
+5.82500000E-03
+5.83267000E-03
+6.21880000E-03
+5.81200000E-03
+5.83818000E-03
+5.83760000E-03
+5.84136000E-03
+5.88016000E-03
+5.85124000E-03
+5.85031000E-03
+5.85433000E-03
+6.21342000E-03
+6.18392000E-03
+5.86302000E-03
+5.86598000E-03
+6.09297000E-03
+6.04522000E-03
+5.88016000E-03
+5.88383000E-03
+5.88381000E-03
+6.19232000E-03
+5.91520000E-03
+5.79165000E-03
+5.89152000E-03
+5.90795000E-03
+6.21605000E-03
+5.88820000E-03
+5.91287000E-03
+5.91457000E-03
+6.01828000E-03
+6.16697000E-03
+5.92752000E-03
+5.92791000E-03
+5.97461000E-03
+6.26794000E-03
+5.94732000E-03
+5.97601000E-03
+5.98445000E-03
+5.74230000E-03
+5.61460000E-03
+0.00000000E+00
+5.67878000E-03
+5.81806000E-03
+5.78232000E-03
+5.82215000E-03
+5.82434000E-03
+5.87736000E-03
+5.90986000E-03
+5.82684000E-03
+5.83072000E-03
+5.86972000E-03
+5.93788000E-03
+6.05962000E-03
+5.89538000E-03
+5.83975000E-03
+5.84922000E-03
+5.84556000E-03
+6.02563000E-03
+5.85724000E-03
+5.85162000E-03
+5.93432000E-03
+6.16544000E-03
+5.84321000E-03
+5.83958000E-03
+5.84092000E-03
+5.99653000E-03
+5.70402000E-03
+5.83194000E-03
+5.83199000E-03
+5.82785000E-03
+5.75469000E-03
+5.73148000E-03
+5.82343000E-03
+5.85369000E-03
+5.82333000E-03
+6.14340000E-03
+5.92225000E-03
+5.82868000E-03
+5.83556000E-03
+5.83249000E-03
+5.97677000E-03
+5.95170000E-03
+5.88447000E-03
+5.83771000E-03
+6.01117000E-03
+6.03944000E-03
+5.80821000E-03
+5.81250000E-03
+5.84284000E-03
+5.86275000E-03
+6.18515000E-03
+5.73795000E-03
+5.84990000E-03
+5.84582000E-03
+5.87853000E-03
+6.14791000E-03
+5.85888000E-03
+5.86580000E-03
+5.86846000E-03
+5.90400000E-03
+5.85561000E-03
+5.87828000E-03
+5.89414000E-03
+5.98051000E-03
+6.27976000E-03
+5.75055000E-03
+5.89309000E-03
+6.28566000E-03
+5.85019000E-03
+5.88482000E-03
+5.91903000E-03
+5.86507000E-03
+5.94540000E-03
+5.86500000E-03
+5.87291000E-03
+5.87812000E-03
+5.95445000E-03
+5.84844000E-03
+5.93467000E-03
+5.92453000E-03
+5.87733000E-03
+6.05711000E-03
+6.12987000E-03
+5.82605000E-03
+5.88163000E-03
+6.19757000E-03
+5.96761000E-03
+5.83526000E-03
+5.85654000E-03
+5.84629000E-03
+5.83305000E-03
+5.98627000E-03
+5.83031000E-03
+5.82704000E-03
+5.95292000E-03
+5.95286000E-03
+5.82174000E-03
+5.81461000E-03
+5.82211000E-03
+5.76816000E-03
+6.01747000E-03
+5.80320000E-03
+5.80746000E-03
+6.12189000E-03
+5.67580000E-03
+5.79877000E-03
+5.80047000E-03
+5.80244000E-03
+5.72647000E-03
+5.71615000E-03
+5.79457000E-03
+5.79465000E-03
+5.88348000E-03
+6.05437000E-03
+5.79480000E-03
+5.79644000E-03
+6.16223000E-03
+5.83521000E-03
+6.11367000E-03
+5.79573000E-03
+5.79587000E-03
+5.96184000E-03
+6.02971000E-03
+5.79777000E-03
+5.89444000E-03
+5.80757000E-03
+5.70874000E-03
+5.79993000E-03
+5.80182000E-03
+5.85188000E-03
+5.80197000E-03
+5.80296000E-03
+5.80528000E-03
+6.18532000E-03
+5.70280000E-03
+5.93415000E-03
+5.77078000E-03
+5.80291000E-03
+5.80378000E-03
+5.90613000E-03
+6.11104000E-03
+5.80430000E-03
+5.81276000E-03
+5.81100000E-03
+6.26537000E-03
+5.68292000E-03
+5.82051000E-03
+5.81894000E-03
+5.81523000E-03
+5.82873000E-03
+5.98590000E-03
+5.70933000E-03
+5.81585000E-03
+5.81834000E-03
+5.77935000E-03
+5.68676000E-03
+5.81602000E-03
+5.84098000E-03
+6.20013000E-03
+5.69603000E-03
+5.82442000E-03
+5.82504000E-03
+5.83053000E-03
+6.13256000E-03
+5.76629000E-03
+5.83287000E-03
+5.84825000E-03
+6.17535000E-03
+5.84865000E-03
+5.85453000E-03
+5.86423000E-03
+6.13734000E-03
+6.14727000E-03
+5.84034000E-03
+5.90167000E-03
+5.96228000E-03
+6.29884000E-03
+5.94995000E-03
+5.92809000E-03
+5.95101000E-03
+5.92803000E-03
+5.94295000E-03
+5.94540000E-03
+5.93460000E-03
+5.97012000E-03
+6.22987000E-03
+5.93718000E-03
+5.92656000E-03
+5.92727000E-03
+5.92249000E-03
+5.93840000E-03
+5.82774000E-03
+5.89578000E-03
+5.89581000E-03
+5.98015000E-03
+6.14304000E-03
+5.73743000E-03
+5.88084000E-03
+5.88686000E-03
+6.17249000E-03
+5.83252000E-03
+5.87413000E-03
+5.86552000E-03
+5.86332000E-03
+5.78442000E-03
+5.75976000E-03
+5.86914000E-03
+6.17459000E-03
+5.95322000E-03
+5.87023000E-03
+5.87024000E-03
+5.85648000E-03
+5.88581000E-03
+5.85602000E-03
+5.78367000E-03
+5.84862000E-03
+5.84214000E-03
+5.87771000E-03
+6.20299000E-03
+5.74740000E-03
+5.84634000E-03
+5.83873000E-03
+6.17932000E-03
+5.79947000E-03
+5.84407000E-03
+5.83996000E-03
+5.83978000E-03
+5.77702000E-03
+6.00516000E-03
+5.84413000E-03
+5.84106000E-03
+6.19323000E-03
+5.89655000E-03
+5.84500000E-03
+5.84536000E-03
+6.23250000E-03
+6.03140000E-03
+5.85322000E-03
+5.85648000E-03
+5.85475000E-03
+5.83958000E-03
+5.85118000E-03
+5.85484000E-03
+5.85791000E-03
+5.94307000E-03
+6.06562000E-03
+5.85031000E-03
+5.84127000E-03
+5.84248000E-03
+5.81696000E-03
+6.21727000E-03
+5.78792000E-03
+5.78133000E-03
+5.83099000E-03
+5.83928000E-03
+5.83763000E-03
+5.84978000E-03
+5.83765000E-03
+5.83705000E-03
+5.97496000E-03
+5.91654000E-03
+5.83777000E-03
+6.04872000E-03
+6.05140000E-03
+5.86156000E-03
+5.84226000E-03
+5.83743000E-03
+5.84573000E-03
+5.84567000E-03
+5.92668000E-03
+5.84582000E-03
+5.84582000E-03
+5.88949000E-03
+6.17197000E-03
+5.85730000E-03
+5.84747000E-03
+5.86302000E-03
+5.96120000E-03
+5.96155000E-03
+6.13022000E-03
+5.85607000E-03
+5.81608000E-03
+5.85450000E-03
+5.85811000E-03
+5.91144000E-03
+5.87649000E-03
+5.72961000E-03
+5.88162000E-03
+6.16492000E-03
+5.82699000E-03
+5.84148000E-03
+5.85272000E-03
+5.86447000E-03
+5.96951000E-03
+5.77014000E-03
+5.85241000E-03
+5.85241000E-03
+5.92062000E-03
+5.97846000E-03
+5.85777000E-03
+5.85315000E-03
+5.85305000E-03
+6.06545000E-03
+5.86185000E-03
+5.85573000E-03
+5.85684000E-03
+5.99035000E-03
+5.85818000E-03
+5.85857000E-03
+5.85830000E-03
+5.86025000E-03
+5.93724000E-03
+5.87369000E-03
+5.85899000E-03
+6.24170000E-03
+6.13087000E-03
+5.84745000E-03
+5.86756000E-03
+5.86388000E-03
+5.95304000E-03
+6.21447000E-03
+5.86399000E-03
+5.86541000E-03
+6.09664000E-03
+5.92319000E-03
+5.86634000E-03
+5.87396000E-03
+5.87052000E-03
+6.03146000E-03
+5.85847000E-03
+5.87106000E-03
+5.87107000E-03
+5.87635000E-03
+5.73434000E-03
+5.86322000E-03
+5.86127000E-03
+5.91199000E-03
+6.14876000E-03
+5.86547000E-03
+5.86721000E-03
+6.18491000E-03
+5.87054000E-03
+5.83736000E-03
+5.88173000E-03
+5.88068000E-03
+5.88066000E-03
+5.88629000E-03
+6.22246000E-03
+5.88397000E-03
+5.89339000E-03
+6.20433000E-03
+5.92244000E-03
+5.87404000E-03
+5.86337000E-03
+5.92126000E-03
+6.16003000E-03
+6.25110000E-03
+6.01580000E-03
+5.95017000E-03
+5.96015000E-03
+5.94639000E-03
+5.82261000E-03
+5.95203000E-03
+6.31592000E-03
+6.01963000E-03
+6.09419000E-03
+5.95345000E-03
+5.96289000E-03
+6.03181000E-03
+5.93275000E-03
+5.90768000E-03
+5.95110000E-03
+5.94849000E-03
+5.95010000E-03
+6.33201000E-03
+6.27336000E-03
+5.95607000E-03
+5.95604000E-03
+5.86179000E-03
+5.94073000E-03
+5.93916000E-03
+6.16183000E-03
+5.96977000E-03
+6.08283000E-03
+5.91800000E-03
+5.92319000E-03
+5.91223000E-03
+6.05892000E-03
+6.28578000E-03
+5.84506000E-03
+5.83975000E-03
+5.89643000E-03
+5.89559000E-03
+6.19348000E-03
+5.88897000E-03
+6.14428000E-03
+6.23441000E-03
+5.88716000E-03
+5.89485000E-03
+5.89500000E-03
+5.89025000E-03
+5.83946000E-03
+5.87555000E-03
+5.90020000E-03
+5.89164000E-03
+5.89258000E-03
+5.94120000E-03
+6.10253000E-03
+5.86430000E-03
+5.90156000E-03
+5.82751000E-03
+5.89922000E-03
+5.90096000E-03
+5.91782000E-03
+6.07891000E-03
+5.93811000E-03
+6.32335000E-03
+5.90400000E-03
+5.90278000E-03
+5.90482000E-03
+6.20619000E-03
+5.97824000E-03
+5.89042000E-03
+5.94693000E-03
+5.95001000E-03
+5.94721000E-03
+6.04084000E-03
+5.93700000E-03
+6.01432000E-03
+5.97397000E-03
+6.04643000E-03
+5.95944000E-03
+6.02444000E-03
+6.29103000E-03
+5.94499000E-03
+5.96802000E-03
+5.98598000E-03
+5.99039000E-03
+6.05478000E-03
+6.03274000E-03
+5.96120000E-03
+6.00265000E-03
+5.99811000E-03
+5.99758000E-03
+6.01542000E-03
+6.08790000E-03
+5.89794000E-03
+6.00225000E-03
+5.99962000E-03
+5.99566000E-03
+6.01537000E-03
+6.00665000E-03
+6.44618000E-03
+0.00000000E+00
+5.44200000E-03
+0.00000000E+00
+5.74361000E-03
+5.75195000E-03
+5.75148000E-03
+5.81602000E-03
+5.74612000E-03
+5.74294000E-03
+5.74151000E-03
+5.74404000E-03
+5.75951000E-03
+5.80224000E-03
+5.74682000E-03
+5.77474000E-03
+5.74577000E-03
+5.74571000E-03
+6.12130000E-03
+6.00837000E-03
+6.05502000E-03
+5.74804000E-03
+5.69119000E-03
+5.74927000E-03
+5.75138000E-03
+5.76066000E-03
+5.75032000E-03
+5.82098000E-03
+5.70297000E-03
+5.75323000E-03
+5.75148000E-03
+5.74768000E-03
+6.10352000E-03
+5.76227000E-03
+5.76641000E-03
+5.71708000E-03
+5.75306000E-03
+5.75298000E-03
+5.94447000E-03
+5.88995000E-03
+5.66496000E-03
+5.79579000E-03
+5.75463000E-03
+5.75463000E-03
+5.75696000E-03
+5.85564000E-03
+6.06183000E-03
+6.11796000E-03
+5.75451000E-03
+5.75399000E-03
+5.75727000E-03
+5.95584000E-03
+5.75625000E-03
+6.06216000E-03
+5.75941000E-03
+5.75801000E-03
+5.75935000E-03
+5.75648000E-03
+5.91718000E-03
+5.76164000E-03
+6.13214000E-03
+5.76011000E-03
+5.76180000E-03
+5.75890000E-03
+5.79550000E-03
+6.00615000E-03
+5.69557000E-03
+5.77311000E-03
+5.77200000E-03
+5.77202000E-03
+5.76775000E-03
+5.76909000E-03
+5.78821000E-03
+6.01589000E-03
+5.74303000E-03
+5.76477000E-03
+5.76961000E-03
+5.76743000E-03
+5.75801000E-03
+5.76824000E-03
+6.06818000E-03
+5.73416000E-03
+5.77477000E-03
+5.76489000E-03
+5.76317000E-03
+5.79521000E-03
+5.76553000E-03
+5.71200000E-03
+5.97041000E-03
+5.76903000E-03
+5.76460000E-03
+5.76868000E-03
+5.76338000E-03
+6.07542000E-03
+5.77008000E-03
+5.72338000E-03
+5.76536000E-03
+5.76536000E-03
+5.76337000E-03
+6.10964000E-03
+5.76942000E-03
+5.95875000E-03
+5.76361000E-03
+5.73119000E-03
+5.76329000E-03
+5.76646000E-03
+5.84442000E-03
+5.72664000E-03
+5.76670000E-03
+5.76658000E-03
+5.76495000E-03
+5.79678000E-03
+5.76497000E-03
+5.76676000E-03
+5.72997000E-03
+5.67708000E-03
+5.76757000E-03
+5.76416000E-03
+5.76606000E-03
+6.00534000E-03
+5.76816000E-03
+5.76577000E-03
+5.77054000E-03
+5.77072000E-03
+5.76770000E-03
+5.97323000E-03
+5.76647000E-03
+5.76681000E-03
+5.73982000E-03
+5.76812000E-03
+5.76600000E-03
+5.78110000E-03
+6.08889000E-03
+5.70000000E-03
+5.68455000E-03
+5.75749000E-03
+5.76868000E-03
+5.77947000E-03
+5.91846000E-03
+5.86121000E-03
+5.77241000E-03
+5.70226000E-03
+5.76746000E-03
+5.76749000E-03
2021/08/29,14:30:55
