42.144775390625,42.144775390625,42.144775390625,42.144775390625
42.510986328125,42.510986328125,42.510986328125,42.510986328125
42.1142578125,42.1142578125,42.1142578125
42.144775390625,42.144775390625,42.144775390625,42.144775390625,42.144775390625
42.29736328125,42.29736328125,42.29736328125,42.266845703125,42.29736328125
42.29736328125,42.29736328125,42.29736328125,42.29736328125,42.29736328125
42.144775390625,42.144775390625,42.144775390625,42.144775390625,42.144775390625
42.755126953125,42.755126953125,42.755126953125,42.755126953125,42.755126953125
46.173095703125,46.173095703125,46.173095703125,46.173095703125,46.173095703125
42.66357421875,42.66357421875,42.66357421875,42.66357421875,42.66357421875
