8490.53955078125,8490.53955078125,8490.53955078125,8490.53955078125
8490.53955078125,8490.53955078125,8490.53955078125,8490.53955078125
8490.53955078125,8490.53955078125,8490.53955078125
8490.53955078125,8490.53955078125,8490.53955078125,8490.53955078125,8490.53955078125
8490.53955078125,8490.53955078125,8490.53955078125,8490.53955078125,8490.53955078125
8490.53955078125,8490.53955078125,8490.53955078125,8490.53955078125,8490.53955078125
8490.53955078125,8490.53955078125,8490.53955078125,8490.53955078125,8490.53955078125
8490.53955078125,8490.53955078125,8490.53955078125,8490.53955078125,8490.53955078125
8490.53955078125,8490.53955078125,8490.53955078125,8490.53955078125,8490.53955078125
8490.53955078125,8490.53955078125,8490.53955078125,8490.53955078125,8490.53955078125
