TT,07,29,21,22,10,14,989958
[INFO: Main      ] Starting Contiki-NG-release/v4.6-70-g9ff7b4bdb-dirty
[INFO: Main      ] - Routing: RPL Lite
[INFO: Main      ] - Net: sicslowpan
[INFO: Main      ] - MAC: CSMA
[INFO: Main      ] - 802.15.4 PANID: 0xabcd
[INFO: Main      ] - 802.15.4 Default channel: 26
[INFO: Main      ] No[INFO: Main      ] Starting Contiki-NG-release/v4.6-70-g9ff7b4bdb-dirty
[INFO: Main      ] - Routing: RPL Lite
[INFO: Main      ] - Net: sicslowpan
[INFO: Main      ] - MAC: CSMA
[INFO: Main      ] - 802.15.4 PANID: 0xabcd
[INFO: Main      ] - 802.15.4 Default channel: 26
[INFO: Main      ] Node ID: 65491
[INFO: Main      ] Link-layer address: 0012.4b00.1204.ffd3
[INFO: Main      ] Tentative link-local IPv6 address: fe80::212:4b00:1204:ffd3
[INFO: CC26xx/CC13xx] TI CC2650 SensorTag
[INFO: CC26xx/CC13xx]  RF: Channel 26, PANID 0xABCD
EC,  29, 992,   0,1021
ER,1013,   0,   8
EC,  38,1984,   0,2022
ER,2014,   0,   8
EC,  48,2974,   0,3022
ER,3012,   1,   8
decrypt, 2636326,2636340
encrypt, 2636666,2636680
htfin:2636840
#,#EC,  78,3944,   0,4023
ER,4010,   4,   8
decrypt, 2648146,2648158
encrypt, 2648310,2648320
p,2567,2648308,0,0,2648480
EC, 119,4904,   0,5023
ER,5010,   5,   8
EC, 166,5857,   0,6024
ER,6010,   5,   8
EC, 199,6825,   0,7025
ER,7011,   5,   8
EC, 234,7791,   0,8025
ER,8011,   5,   8
EC, 274,8751,   0,9025
ER,9011,   5,   8
EC, 310,9716,   0,10027
ER,10012,   6,   8
EC, 349,10678,   0,11027
ER,11013,   6,   8
EC, 387,11640,   0,12027
ER,12013,   6,   8
EC, 434,12594,   0,13028
ER,13013,   6,   8
EC, 470,13558,   0,14028
ER,14014,   6,   8
EC, 503,14526,   0,15029
ER,15014,   6,   8
EC, 533,15496,   0,16030
ER,16015,   6,   8
EC, 561,16469,   0,17030
ER,17015,   6,   8
EC, 586,17444,   0,18031
ER,18016,   6,   8
EC, 631,18400,   0,19031
ER,19016,   6,   8
EC, 665,19367,   0,20032
ER,20017,   6,   8
EC, 693,20339,   0,21032
ER,21017,   6,   8
EC, 730,21302,   0,22033
ER,22018,   6,   8
EC, 759,22273,   0,23033
ER,23017,   7,   8
EC, 797,23236,   0,24034
ER,24018,   7,   8
EC, 830,24204,   0,25035
ER,25019,   7,   8
EC, 866,25169,   0,26035
ER,26019,   7,   8
EC, 893,26143,   0,27036
ER,27020,   7,   8
EC, 916,27119,   0,28036
ER,28020,   7,   8
EC, 954,28082,   0,29037
ER,29021,   7,   8
EC, 983,29054,   0,30037
ER,30021,   7,   8
EC,1011,30026,   0,31038
ER,31021,   7,   8
EC,1053,30985,   0,32039
ER,32022,   7,   8
EC,1084,31954,   0,33039
ER,33023,   7,   8
EC,1118,32921,   0,34039
ER,34023,   7,   8
decrypt, 22324694,22324706
llego jejeje
encrypt, 22324944,22324954
n,2573,22324942,0,0,22325124
encrypt, 22325302,22325314
S,17442,22325300,0,0,22325482
encrypt, 22623114,22623128
S,17442,22623112,0,0,22623298
EC,1150,33890,   0,35040
ER,35023,   8,   8
encrypt, 23217590,23217604
S,17442,23217590,0,0,23217774
EC,1178,34862,   0,36041
ER,36022,   9,   8
EC,1215,35825,   0,37041
ER,37022,   9,   8
encrypt, 24405904,24405916
S,17442,24405902,0,0,24406088
EC,1249,36792,   0,38041
ER,38023,  10,   8
EC,1286,37755,   0,39042
ER,39024,  10,   8
EC,1314,38728,   0,40043
ER,40024,  10,   8
encrypt, 26781970,26781982
S,17442,26781968,0,0,26782154
EC,1336,39707,   0,41043
ER,41024,  10,   8
EC,1361,40682,   0,42044
ER,42024,  10,   8
EC,1392,41651,   0,43044
ER,43025,  11,   8
EC,1425,42620,   0,44045
ER,44026,  11,   8
EC,1451,43594,   0,45046
ER,45026,  11,   8
EC,1475,44570,   0,46046
ER,46027,  11,   8
EC,1505,45542,   0,47047
ER,47028,  11,   8
EC,1529,46518,   0,48047
ER,48028,  11,   8
EC,1556,47491,   0,49048
ER,49028,  11,   8
EC,1584,48464,   0,50049
ER,50029,  11,   8
EC,1621,49428,   0,51049
ER,51030,  11,   8
EC,1648,50401,   0,52050
ER,52030,  11,   8
EC,1676,51374,   0,53050
ER,53030,  11,   8
EC,1700,52350,   0,54050
ER,54031,  11,   8
EC,1724,53326,   0,55051
ER,55031,  11,   8
EC,1758,54294,   0,56052
ER,56033,  11,   8
EC,1787,55265,   0,57052
ER,57033,  11,   8
EC,1821,56232,   0,58053
ER,58034,  11,   8
EC,1854,57199,   0,59054
ER,59034,  11,   8
EC,1884,58169,   0,60054
ER,60034,  11,   8
EC,1907,59146,   0,61054
ER,61035,  11,   8
EC,1934,60119,   0,62054
ER,62035,  11,   8
EC,1958,61097,   0,63055
ER,63036,  11,   8
EC,1982,62074,   0,64056
ER,64037,  11,   8
EC,2021,63035,   0,65057
ER,65037,  11,   8
decrypt, 42722730,42722744
llego jejeje
encrypt, 42722982,42722990
n,2579,42722980,0,0,42723160
encrypt, 42723338,42723350
S,17443,42723336,0,0,42723520
encrypt, 42942982,42942994
S,17443,42942980,0,0,42943166
EC,2047,64010,   0,66057
ER,66037,  12,   8
encrypt, 43382336,43382348
S,17443,43382334,0,0,43382520
EC,2073,64984,   0,67057
ER,67036,  12,   8
encrypt, 44260822,44260836
S,17443,44260822,0,0,44261006
EC,2097,65960,   0,68058
ER,68037,  12,   8
EC,2119,66940,   0,69059
ER,69038,  12,   8
EC,2142,67916,   0,70059
ER,70038,  12,   8
encrypt, 46017528,46017542
S,17443,46017526,0,0,46017712
EC,2166,68893,   0,71060
ER,71039,  13,   8
EC,2193,69867,   0,72060
ER,72038,  13,   8
EC,2222,70838,   0,73061
ER,73039,  13,   8
EC,2245,71816,   0,74062
ER,74040,  13,   8
EC,2265,72796,   0,75062
ER,75041,  13,   8
EC,2287,73775,   0,76062
ER,76041,  13,   8
EC,2315,74747,   0,77063
ER,77042,  13,   8
EC,2337,75726,   0,78064
ER,78042,  13,   8
EC,2361,76703,   0,79065
ER,79043,  13,   8
EC,2387,77676,   0,80064
ER,80043,  13,   8
EC,2408,78657,   0,81065
ER,81044,  13,   8
EC,2433,79632,   0,82066
ER,82044,  13,   8
EC,2458,80609,   0,83067
ER,83045,  13,   8
EC,2485,81582,   0,84067
ER,84046,  13,   8
EC,2505,82562,   0,85068
ER,85046,  13,   8
EC,2531,83537,   0,86068
ER,86046,  13,   8
EC,2555,84513,   0,87068
ER,87047,  13,   8
EC,2577,85491,   0,88069
ER,88048,  13,   8
EC,2599,86471,   0,89070
ER,89048,  13,   8
EC,2617,87453,   0,90070
ER,90048,  13,   8
EC,2638,88432,   0,91071
ER,91049,  13,   8
EC,2662,89409,   0,92072
ER,92050,  13,   8
EC,2682,90389,   0,93072
ER,93050,  13,   8
EC,2706,91366,   0,94072
ER,94051,  13,   8
decrypt, 61639450,61639462
llego jejeje
encrypt, 61639700,61639710
n,2585,61639698,0,0,61639880
encrypt, 61640058,61640070
S,17444,61640056,0,0,61640238
encrypt, 61920896,61920908
S,17444,61920894,0,0,61921080
EC,2737,92335,   0,95073
ER,95050,  14,   8
encrypt, 62482270,62482282
S,17444,62482268,0,0,62482454
EC,2763,93311,   0,96074
ER,96050,  15,   8
EC,2795,94279,   0,97074
ER,97050,  15,   8
encrypt, 63604752,63604766
S,17444,63604752,0,0,63604936
EC,2817,95257,   0,98075
ER,98051,  15,   8
EC,2846,96229,   0,99075
ER,99050,  16,   8
EC,2884,97192,   0,100076
ER,100051,  16,   8
encrypt, 65850314,65850326
S,17444,65850312,0,0,65850498
EC,2919,98157,   0,101076
ER,101051,  16,   8
EC,2978,99099,   0,102077
ER,102052,  16,   8
EC,3029,100048,   0,103078
ER,103052,  16,   8
EC,3080,100997,   0,104078
ER,104053,  16,   8
EC,3127,101951,   0,105079
ER,105053,  16,   8
EC,3167,102911,   0,106079
ER,106054,  16,   8
EC,3208,103871,   0,107079
ER,107054,  16,   8
EC,3242,104838,   0,108080
ER,108055,  16,   8
EC,3298,105782,   0,109081
ER,109055,  16,   8
EC,3338,106743,   0,110081
ER,110056,  16,   8
EC,3384,107698,   0,111082
ER,111057,  16,   8
EC,3427,108655,   0,112083
ER,112057,  16,   8
EC,3466,109617,   0,113083
ER,113058,  17,   8
EC,3506,110577,   0,114083
ER,114058,  17,   8
EC,3544,111540,   0,115084
ER,115059,  17,   8
EC,3579,112505,   0,116084
ER,116059,  17,   8
EC,3617,113467,   0,117085
ER,117060,  17,   8
EC,3660,114426,   0,118086
ER,118060,  17,   8
EC,3687,115398,   0,119086
ER,119060,  17,   8
EC,3730,116357,   0,120087
ER,120061,  17,   8
EC,3754,117332,   0,121087
ER,121061,  17,   8
EC,3798,118289,   0,122088
ER,122062,  17,   8
EC,3831,119257,   0,123089
ER,123063,  17,   8
EC,3865,120223,   0,124089
ER,124063,  17,   8
decrypt, 81299848,81299860
llego jejeje
encrypt, 81300098,81300108
n,2591,81300096,0,0,81300278
encrypt, 81300454,81300466
S,17445,81300454,0,0,81300636
encrypt, 81601528,81601542
S,17445,81601526,0,0,81601712
EC,3900,121189,   0,125089
ER,125063,  18,   8
encrypt, 82202648,82202662
S,17445,82202648,0,0,82202832
EC,3940,122150,   0,126090
ER,126063,  18,   8
EC,3988,123102,   0,127091
ER,127064,  18,   8
encrypt, 83404614,83404626
S,17445,83404612,0,0,83404798
EC,4035,124056,   0,128091
ER,128064,  19,   8
EC,4071,125020,   0,129092
ER,129065,  19,   8
EC,4102,125990,   0,130092
ER,130065,  19,   8
encrypt, 85808256,85808268
S,17445,85808254,0,0,85808440
EC,4142,126950,   0,131093
ER,131065,  19,   8
EC,4175,127918,   0,132093
ER,132065,  19,   8
EC,4220,128873,   0,133094
ER,133066,  19,   8
EC,4248,129845,   0,134094
ER,134066,  19,   8
EC,4280,130814,   0,135095
ER,135067,  19,   8
EC,4312,131783,   0,136095
ER,136067,  19,   8
EC,4349,132747,   0,137096
ER,137068,  19,   8
EC,4394,133702,   0,138097
ER,138069,  19,   8
EC,4438,134659,   0,139098
ER,139069,  19,   8
EC,4469,135628,   0,140097
ER,140069,  19,   8
EC,4515,136582,   0,141098
ER,141070,  19,   8
EC,4540,137558,   0,142099
ER,142071,  19,   8
EC,4581,138518,   0,143099
ER,143071,  19,   8
EC,4614,139485,   0,144100
ER,144072,  19,   8
EC,4649,140451,   0,145100
ER,145072,  19,   8
EC,4689,141412,   0,146101
ER,146073,  19,   8
EC,4720,142381,   0,147102
ER,147073,  19,   8
EC,4758,143343,   0,148102
ER,148074,  19,   8
EC,4792,144310,   0,149103
ER,149075,  19,   8
EC,4831,145272,   0,150103
ER,150075,  19,   8
EC,4859,146244,   0,151103
ER,151075,  19,   8
EC,4883,147221,   0,152105
ER,152076,  19,   8
EC,4937,148167,   0,153105
ER,153077,  19,   8
EC,4990,149115,   0,154105
ER,154077,  19,   8
decrypt, 100959520,100959532
llego jejeje
encrypt, 100959782,100959792
n,2597,100959780,0,0,100959974
encrypt, 100960162,100960174
S,17446,100960160,0,0,100960356
encrypt, 101259860,101259872
S,17446,101259860,0,0,101260056
EC,5027,150079,   0,155106
ER,155077,  20,   8
encrypt, 101858378,101858392
S,17446,101858376,0,0,101858574
EC,5078,151029,   0,156107
ER,156077,  21,   8
EC,5104,152003,   0,157107
ER,157078,  21,   8
encrypt, 103055808,103055820
S,17446,103055806,0,0,103056004
EC,5161,152947,   0,158108
ER,158078,  21,   8
EC,5203,153904,   0,159108
ER,159078,  21,   8
EC,5250,154858,   0,160109
ER,160079,  21,   8
encrypt, 105450450,105450464
S,17446,105450450,0,0,105450646
EC,5300,155809,   0,161109
ER,161079,  21,   8
EC,5334,156775,   0,162110
ER,162079,  21,   8
EC,5381,157729,   0,163110
ER,163080,  21,   8
EC,5430,158681,   0,164111
ER,164081,  21,   8
EC,5473,159638,   0,165111
ER,165081,  21,   8
EC,5523,160589,   0,166112
ER,166082,  21,   8
EC,5553,161558,   0,167112
ER,167082,  21,   8
EC,5594,162519,   0,168113
ER,168083,  21,   8
EC,5637,163476,   0,169113
ER,169083,  21,   8
EC,5677,164437,   0,170114
ER,170084,  21,   8
EC,5734,165380,   0,171115
ER,171085,  21,   8
EC,5782,166332,   0,172115
ER,172085,  21,   8
EC,5821,167294,   0,173116
ER,173085,  22,   8
EC,5861,168255,   0,174116
ER,174085,  22,   8
EC,5900,169217,   0,175117
ER,175086,  22,   8
EC,5939,170178,   0,176118
ER,176087,  22,   8
EC,5994,171124,   0,177118
ER,177087,  22,   8
EC,6028,172090,   0,178119
ER,178088,  22,   8
EC,6064,173055,   0,179119
ER,179088,  22,   8
