TT,07,28,21,18,58,14,910430
 120526266,120526284
S,27433,120526264,120526266,120526284,120526468
EC, 599,183523,   0,184122
ER,184090,  22,   8
encrypt, 121092146,121092164
S,27433,121092144,121092146,121092164,121092346
EC, 602,184520,   0,185122
ER,185091,  23,   8
EC, 604,185518,   0,186123
ER,186091,  23,   8
encrypt, 122223682,122223700
S,27433,122223680,122223682,122223700,122223882
EC, 626,186497,   0,187123
ER,187061,  53,   8
EC, 629,187495,   0,188124
ER,188060,  55,   8
[INFO: Main      ] Starting Contiki-NG-release/v4.6-70-g9ff7b4bdb-dirty
[INFO: Main      ] - Routing: RPL Lite
[INFO: Main      ] - Net: sicslowpan
[INFO: Main      ] - MAC:[INFO: Main      ] Starting Contiki-NG-release/v4.6-70-g9ff7b4bdb-dirty
[INFO: Main      ] - Routing: RPL Lite
[INFO: Main      ] - Net: sicslowpan
[INFO: Main      ] - MAC: CSMA
[INFO: Main      ] - 802.15.4 PANID: 0xabcd
[INFO: Main      ] - 802.15.4 Default channel: 26
[INFO: Main      ] Node ID: 65491
[INFO: Main      ] Link-layer address: 0012.4b00.1204.ffd3
[INFO: Main      ] Tentative link-local IPv6 address: fe80::212:4b00:1204:ffd3
[INFO: CC26xx/CC13xx] TI CC2650 SensorTag
[INFO: CC26xx/CC13xx]  RF: Channel 26, PANID 0xABCD
EC,  29, 992,   0,1021
ER,1013,   0,   8
EC,  39,1982,   0,2022
ER,2013,   0,   8
EC,  49,2973,   0,3022
ER,3012,   1,   8
decrypt, 2354756,2354768
encrypt, 2355096,2355108
htfin:2355270
#,#decrypt, 2375340,2375354
encrypt, 2375506,2375516
p,64367,2375504,0,0,2375676
EC,  95,3928,   0,4023
ER,4011,   4,   8
EC, 124,4899,   0,5024
ER,5011,   4,   8
EC, 176,5848,   0,6024
ER,6011,   4,   8
EC, 210,6814,   0,7025
ER,7011,   4,   8
EC, 274,7751,   0,8025
ER,8012,   4,   8
EC, 305,8721,   0,9026
ER,9012,   5,   8
EC, 338,9688,   0,10026
ER,10012,   5,   8
EC, 393,10633,   0,11027
ER,11013,   5,   8
EC, 429,11598,   0,12027
ER,12013,   5,   8
EC, 461,12566,   0,13028
ER,13014,   5,   8
EC, 503,13525,   0,14029
ER,14015,   5,   8
EC, 551,14478,   0,15029
ER,15015,   5,   8
EC, 587,15442,   0,16030
ER,16016,   5,   8
EC, 638,16392,   0,17030
ER,17016,   5,   8
EC, 676,17354,   0,18031
ER,18016,   5,   8
EC, 720,18311,   0,19032
ER,19017,   5,   8
EC, 765,19266,   0,20031
ER,20017,   5,   8
EC, 798,20234,   0,21032
ER,21018,   6,   8
EC, 845,21188,   0,22033
ER,22018,   6,   8
EC, 893,22140,   0,23033
ER,23019,   6,   8
EC, 940,23093,   0,24034
ER,24020,   6,   8
EC, 991,24043,   0,25035
ER,25020,   6,   8
EC,1041,24994,   0,26035
ER,26021,   6,   8
EC,1076,25959,   0,27036
ER,27021,   6,   8
EC,1111,26924,   0,28036
ER,28020,   6,   8
EC,1150,27886,   0,29037
ER,29022,   6,   8
EC,1184,28853,   0,30037
ER,30022,   6,   8
EC,1229,29809,   0,31038
ER,31023,   6,   8
EC,1270,30769,   0,32039
ER,32023,   6,   8
EC,1300,31738,   0,33039
ER,33024,   6,   8
decrypt, 22049316,22049328
llego jejeje
encrypt, 22049566,22049576
n,64373,22049566,0,0,22049748
encrypt, 22049930,22049942
S,16057,22049928,0,0,22050114
EC,1348,32691,   0,34040
ER,34024,   7,   8
encrypt, 22347098,22347110
S,16057,22347096,0,0,22347282
encrypt, 22941494,22941506
S,16057,22941492,0,0,22941678
EC,1388,33651,   0,35040
ER,35023,   8,   8
EC,1414,34626,   0,36041
ER,36024,   8,   8
encrypt, 24130014,24130026
S,16057,24130012,0,0,24130198
EC,1450,35591,   0,37041
ER,37024,   9,   8
EC,1481,36560,   0,38042
ER,38024,   9,   8
EC,1524,37518,   0,39042
ER,39025,   9,   8
EC,1552,38490,   0,40042
ER,40025,   9,   8
encrypt, 26505658,26505670
S,16057,26505656,0,0,26505842
EC,1588,39455,   0,41043
ER,41026,   9,   8
EC,1613,40430,   0,42044
ER,42026,   9,   8
EC,1654,41390,   0,43045
ER,43027,   9,   8
EC,1694,42351,   0,44045
ER,44027,   9,   8
EC,1731,43315,   0,45046
ER,45028,   9,   8
EC,1772,44274,   0,46046
ER,46028,   9,   8
EC,1809,45237,   0,47047
ER,47029,   9,   8
EC,1844,46203,   0,48047
ER,48029,   9,   8
EC,1882,47165,   0,49048
ER,49030,   9,   8
EC,1921,48127,   0,50049
ER,50031,   9,   8
EC,1948,49101,   0,51049
ER,51031,   9,   8
EC,1980,50068,   0,52049
ER,52031,   9,   8
EC,2016,51034,   0,53050
ER,53032,   9,   8
EC,2048,52003,   0,54051
ER,54033,   9,   8
EC,2071,52979,   0,55051
ER,55033,   9,   8
EC,2102,53949,   0,56051
ER,56033,   9,   8
EC,2140,54911,   0,57052
ER,57034,   9,   8
EC,2159,55893,   0,58053
ER,58035,   9,   8
EC,2184,56869,   0,59054
ER,59035,   9,   8
EC,2214,57839,   0,60054
ER,60036,   9,   8
EC,2245,58809,   0,61055
ER,61036,   9,   8
EC,2271,59783,   0,62055
ER,62037,   9,   8
EC,2309,60746,   0,63056
ER,63037,   9,   8
decrypt, 41706832,41706846
llego jejeje
encrypt, 41707082,41707092
n,64379,41707082,0,0,41707264
encrypt, 41707446,41707458
S,16058,41707446,0,0,41707630
encrypt, 41927210,41927222
S,16058,41927208,0,0,41927394
EC,2337,61718,   0,64056
ER,64037,  10,   8
encrypt, 42366440,42366452
S,16058,42366438,0,0,42366624
EC,2366,62690,   0,65056
ER,65036,  11,   8
encrypt, 43244770,43244782
S,16058,43244768,0,0,43244954
EC,2391,63666,   0,66057
ER,66037,  11,   8
EC,2424,64633,   0,67058
ER,67038,  11,   8
EC,2461,65597,   0,68058
ER,68038,  11,   8
encrypt, 45001660,45001672
S,16058,45001658,0,0,45001844
EC,2488,66571,   0,69059
ER,69039,  12,   8
EC,2516,67543,   0,70059
ER,70039,  12,   8
EC,2535,68525,   0,71060
ER,71040,  12,   8
EC,2564,69496,   0,72060
ER,72040,  12,   8
EC,2589,70471,   0,73061
ER,73041,  12,   8
EC,2617,71444,   0,74061
ER,74041,  12,   8
EC,2637,72424,   0,75062
ER,75041,  12,   8
EC,2646,73416,   0,76063
ER,76042,  12,   8
EC,2655,74408,   0,77063
ER,77043,  12,   8
EC,2664,75399,   0,78064
ER,78043,  12,   8
EC,2673,76391,   0,79064
ER,79044,  12,   8
EC,2682,77383,   0,80065
ER,80045,  12,   8
EC,2691,78374,   0,81065
ER,81045,  12,   8
EC,2700,79365,   0,82066
ER,82046,  12,   8
EC,2709,80357,   0,83066
ER,83046,  12,   8
EC,2718,81348,   0,84067
ER,84047,  12,   8
EC,2727,82339,   0,85067
ER,85047,  12,   8
EC,2736,83331,   0,86068
ER,86047,  12,   8
EC,2746,84323,   0,87069
ER,87048,  12,   8
EC,2755,85314,   0,88069
ER,88049,  12,   8
EC,2764,86305,   0,89069
ER,89049,  12,   8
EC,2773,87297,   0,90070
ER,90050,  12,   8
EC,2782,88288,   0,91071
ER,91050,  12,   8
EC,2791,89280,   0,92072
ER,92051,  12,   8
EC,2800,90271,   0,93072
ER,93051,  12,   8
decrypt, 61369476,61369490
llego jejeje
encrypt, 61369726,61369736
n,64385,61369726,0,0,61369908
encrypt, 61370090,61370102
S,16059,61370090,0,0,61370274
EC,2811,91261,   0,94072
ER,94051,  12,   8
encrypt, 61651700,61651712
S,16059,61651698,0,0,61651884
encrypt, 62214110,62214122
S,16059,62214108,0,0,62214294
EC,2821,92251,   0,95073
ER,95051,  13,   8
EC,2830,93242,   0,96073
ER,96051,  13,   8
encrypt, 63337190,63337202
S,16059,63337188,0,0,63337374
EC,2840,94233,   0,97074
ER,97051,  14,   8
EC,2850,95224,   0,98075
ER,98052,  14,   8
EC,2859,96216,   0,99075
ER,99052,  14,   8
EC,2868,97208,   0,100076
ER,100053,  14,   8
encrypt, 65582670,65582682
S,16059,65582668,0,0,65582854
EC,2878,98198,   0,101076
ER,101053,  14,   8
EC,2887,99190,   0,102077
ER,102054,  14,   8
EC,2896,100181,   0,103077
ER,103054,  14,   8
EC,2905,101173,   0,104078
ER,104055,  15,   8
EC,2914,102164,   0,105078
ER,105055,  15,   8
EC,2923,103156,   0,106079
ER,106056,  15,   8
EC,2932,104147,   0,107080
ER,107056,  15,   8
EC,2942,105138,   0,108080
ER,108056,  15,   8
EC,2951,106130,   0,109081
ER,109057,  15,   8
EC,2960,107121,   0,110081
ER,110057,  15,   8
EC,2969,108113,   0,111082
ER,111058,  15,   8
EC,2978,109104,   0,112082
ER,112058,  15,   8
EC,2987,110096,   0,113083
ER,113059,  15,   8
EC,2996,111087,   0,114083
ER,114059,  15,   8
EC,3005,112078,   0,115084
ER,115060,  15,   8
EC,3014,113070,   0,116084
ER,116060,  15,   8
EC,3024,114061,   0,117085
ER,117061,  15,   8
EC,3033,115052,   0,118086
ER,118062,  15,   8
EC,3042,116044,   0,119086
ER,119062,  15,   8
EC,3051,117035,   0,120087
ER,120063,  15,   8
EC,3060,118027,   0,121088
ER,121063,  15,   8
EC,3069,119018,   0,122088
ER,122064,  15,   8
EC,3078,120010,   0,123089
ER,123065,  15,   8
decrypt, 81032298,81032310
llego jejeje
encrypt, 81032548,81032558
n,64391,81032548,0,0,81032730
encrypt, 81032912,81032924
S,16060,81032912,0,0,81033096
EC,3089,120999,   0,124089
ER,124064,  16,   8
encrypt, 81334054,81334066
S,16060,81334052,0,0,81334238
encrypt, 81935432,81935444
S,16060,81935430,0,0,81935616
EC,3099,121989,   0,125089
ER,125064,  17,   8
EC,3109,122981,   0,126090
ER,126065,  17,   8
encrypt, 83137444,83137456
S,16060,83137442,0,0,83137628
EC,3118,123972,   0,127091
ER,127065,  17,   8
EC,3127,124963,   0,128091
ER,128065,  17,   8
EC,3137,125955,   0,129092
ER,129066,  17,   8
EC,3146,126946,   0,130092
ER,130066,  17,   8
encrypt, 85540414,85540426
S,16060,85540412,0,0,85540598
EC,3155,127937,   0,131093
ER,131067,  17,   8
EC,3165,128928,   0,132093
ER,132067,  17,   8
EC,3174,129920,   0,133094
ER,133068,  17,   8
EC,3183,130911,   0,134094
ER,134068,  17,   8
EC,3192,131903,   0,135095
ER,135069,  17,   8
EC,3201,132894,   0,136095
ER,136069,  17,   8
EC,3210,133885,   0,137096
ER,137069,  17,   8
EC,3219,134877,   0,138097
ER,138070,  17,   8
EC,3228,135868,   0,139097
ER,139071,  17,   8
EC,3237,136860,   0,140098
ER,140072,  17,   8
EC,3246,137851,   0,141098
ER,141072,  17,   8
EC,3256,138843,   0,142099
ER,142073,  17,   8
EC,3265,139834,   0,143099
ER,143073,  17,   8
EC,3274,140826,   0,144100
ER,144074,  17,   8
EC,3283,141817,   0,145100
ER,145074,  17,   8
EC,3292,142809,   0,146101
ER,146075,  17,   8
EC,3301,143800,   0,147101
ER,147075,  17,   8
EC,3310,144792,   0,148102
ER,148076,  17,   8
EC,3319,145783,   0,149103
ER,149076,  17,   8
EC,3328,146775,   0,150103
ER,150077,  17,   8
EC,3337,147766,   0,151104
ER,151077,  17,   8
EC,3346,148758,   0,152105
ER,152078,  17,   8
EC,3356,149749,   0,153105
ER,153079,  17,   8
decrypt, 100688616,100688628
llego jejeje
encrypt, 100688876,100688886
n,64397,100688876,0,0,100689070
encrypt, 100689264,100689276
S,16061,100689262,0,0,100689458
EC,3367,150738,   0,154105
ER,154078,  18,   8
encrypt, 100989222,100989236
S,16061,100989222,0,0,100989418
encrypt, 101588548,101588560
S,16061,101588546,0,0,101588744
EC,3377,151728,   0,155106
ER,155078,  19,   8
EC,3386,152720,   0,156107
ER,156079,  19,   8
encrypt, 102785930,102785942
S,16061,102785928,0,0,102786126
EC,3396,153710,   0,157107
ER,157079,  20,   8
EC,3405,154702,   0,158108
ER,158079,  20,   8
EC,3415,155693,   0,159108
ER,159080,  20,   8
EC,3424,156685,   0,160109
ER,160081,  20,   8
encrypt, 105180460,105180472
S,16061,105180458,0,0,105180656
EC,3433,157676,   0,161109
ER,161081,  20,   8
EC,3443,158667,   0,162110
ER,162081,  20,   8
EC,3452,159658,   0,163111
ER,163082,  20,   8
EC,3461,160650,   0,164111
ER,164082,  20,   8
EC,3470,161641,   0,165112
ER,165083,  20,   8
EC,3479,162633,   0,166112
ER,166083,  20,   8
EC,3488,163624,   0,167113
ER,167084,  20,   8
EC,3497,164615,   0,168113
ER,168084,  20,   8
EC,3506,165607,   0,169114
ER,169085,  20,   8
EC,3516,166598,   0,170114
ER,170085,  20,   8
EC,3525,167590,   0,171115
ER,171086,  20,   8
EC,3535,168580,   0,172115
ER,172084,  22,   8
EC,3544,169572,   0,173116
ER,173084,  22,   8
EC,3553,170563,   0,174117
ER,174085,  23,   8
EC,3562,171554,   0,175117
ER,175085,  23,   8
EC,3571,172546,   0,176118
ER,176086,  23,   8
EC,3581,173537,   0,177118
ER,177086,  23,   8
EC,3590,174528,   0,178119
ER,178087,  23,   8
EC,3599,175520,   0,179119
ER,179087,  23,   8
