TT,07,29,21,02,28,28,587581
: Main      ] - 802.15.4 Default channel: 26
[INFO: Main      ] Node ID: 65491
[INFO: ý[INFO: Main      ] Starting Contiki-NG-release/v4.6-70-g9ff7b4bdb-dirty
[INFO: Main      ] - Routing: RPL Lite
[INFO: Main      ] - Net: sicslowpan
[INFO: Main      ] - MAC: CSMA
[INFO: Main      ] - 802.15.4 PANID: 0xabcd
[INFO: Main      ] - 802.15.4 Default channel: 26
[INFO: Main      ] Node ID: 65491
[INFO: Main      ] Link-layer address: 0012.4b00.1204.ffd3
[INFO: Main      ] Tentative link-local IPv6 address: fe80::212:4b00:1204:ffd3
[INFO: CC26xx/CC13xx] TI CC2650 SensorTag
[INFO: CC26xx/CC13xx]  RF: Channel 26, PANID 0xABCD
EC,  29, 992,   0,1021
ER,1013,   0,   8
EC,  37,1984,   0,2022
ER,2013,   0,   8
p,51084,1972984,1972996
EC,  47,2975,   0,3022
ER,3012,   2,   8
EC,  86,3937,   0,4023
ER,4012,   2,   8
EC, 127,4897,   0,5024
ER,5013,   2,   8
EC, 165,5859,   0,6024
ER,6013,   3,   8
EC, 199,6824,   0,7024
ER,7013,   3,   8
EC, 231,7794,   0,8025
ER,8014,   3,   8
EC, 257,8769,   0,9026
ER,9014,   3,   8
EC, 284,9742,   0,10026
ER,10014,   3,   8
EC, 308,10719,   0,11027
ER,11015,   3,   8
EC, 346,11681,   0,12028
ER,12016,   3,   8
EC, 394,12634,   0,13028
ER,13015,   4,   8
EC, 423,13605,   0,14029
ER,14015,   4,   8
EC, 464,14565,   0,15029
ER,15016,   4,   8
EC, 505,15524,   0,16029
ER,16016,   4,   8
EC, 538,16492,   0,17030
ER,17017,   4,   8
EC, 590,17440,   0,18031
ER,18017,   5,   8
EC, 631,18400,   0,19031
ER,19018,   5,   8
EC, 664,19367,   0,20032
ER,20018,   5,   8
EC, 703,20330,   0,21033
ER,21019,   5,   8
EC, 736,21296,   0,22032
ER,22019,   5,   8
EC, 784,22249,   0,23034
ER,23020,   5,   8
EC, 837,23197,   0,24034
ER,24020,   5,   8
EC, 884,24149,   0,25034
ER,25020,   5,   8
EC, 923,25112,   0,26035
ER,26021,   5,   8
EC, 952,26083,   0,27036
ER,27022,   5,   8
EC, 999,27037,   0,28036
ER,28022,   5,   8
EC,1048,27988,   0,29036
ER,29022,   5,   8
EC,1090,28947,   0,30038
ER,30024,   5,   8
EC,1139,29899,   0,31038
ER,31024,   5,   8
EC,1166,30873,   0,32039
ER,32025,   5,   8
EC,1218,31821,   0,33039
ER,33025,   5,   8
EC,1265,32774,   0,34040
ER,34026,   5,   8
EC,1308,33732,   0,35040
ER,35026,   5,   8
EC,1339,34701,   0,36040
ER,36026,   5,   8
EC,1385,35656,   0,37041
ER,37027,   5,   8
EC,1416,36625,   0,38042
ER,38028,   5,   8
EC,1453,37589,   0,39042
ER,39028,   5,   8
EC,1492,38550,   0,40043
ER,40029,   5,   8
EC,1524,39518,   0,41043
ER,41029,   5,   8
EC,1565,40479,   0,42044
ER,42030,   5,   8
EC,1603,41441,   0,43045
ER,43030,   6,   8
EC,1655,42390,   0,44045
ER,44031,   6,   8
EC,1689,43356,   0,45045
ER,45031,   6,   8
EC,1735,44311,   0,46046
ER,46031,   6,   8
EC,1765,45281,   0,47046
ER,47032,   6,   8
EC,1812,46235,   0,48047
ER,48033,   6,   8
EC,1843,47205,   0,49048
ER,49034,   6,   8
EC,1882,48166,   0,50049
ER,50034,   6,   8
EC,1929,49120,   0,51049
ER,51035,   6,   8
EC,1974,50076,   0,52050
ER,52035,   6,   8
EC,2005,51045,   0,53050
ER,53036,   6,   8
EC,2034,52017,   0,54051
ER,54036,   6,   8
EC,2064,52986,   0,55051
ER,55037,   6,   8
EC,2097,53955,   0,56052
ER,56037,   6,   8
EC,2128,54923,   0,57052
ER,57037,   6,   8
EC,2161,55891,   0,58052
ER,58038,   6,   8
EC,2182,56871,   0,59054
ER,59039,   6,   8
EC,2210,57843,   0,60053
ER,60039,   6,   8
EC,2240,58815,   0,61055
ER,61040,   6,   8
EC,2269,59786,   0,62055
ER,62041,   6,   8
EC,2299,60757,   0,63056
ER,63041,   6,   8
EC,2325,61731,   0,64056
ER,64042,   6,   8
EC,2351,62706,   0,65057
ER,65042,   6,   8
EC,2382,63675,   0,66057
ER,66043,   6,   8
EC,2409,64648,   0,67057
ER,67043,   6,   8
EC,2432,65626,   0,68059
ER,68044,   6,   8
EC,2456,66602,   0,69059
ER,69044,   6,   8
EC,2495,67564,   0,70059
ER,70044,   6,   8
EC,2515,68544,   0,71060
ER,71045,   6,   8
EC,2535,69525,   0,72060
ER,72046,   6,   8
EC,2562,70499,   0,73061
ER,73046,   6,   8
EC,2579,71482,   0,74061
ER,74046,   6,   8
EC,2591,72471,   0,75062
ER,75047,   6,   8
EC,2599,73463,   0,76063
ER,76048,   6,   8
EC,2607,74455,   0,77063
ER,77048,   6,   8
EC,2616,75447,   0,78064
ER,78048,   6,   8
EC,2625,76439,   0,79064
ER,79049,   6,   8
EC,2633,77431,   0,80065
ER,80050,   6,   8
EC,2641,78423,   0,81065
ER,81050,   6,   8
EC,2650,79416,   0,82066
ER,82051,   6,   8
EC,2658,80407,   0,83066
ER,83051,   6,   8
EC,2667,81400,   0,84067
ER,84052,   6,   8
EC,2675,82392,   0,85067
ER,85052,   6,   8
EC,2684,83384,   0,86068
ER,86053,   6,   8
EC,2692,84376,   0,87068
ER,87053,   6,   8
EC,2701,85368,   0,88069
ER,88054,   6,   8
EC,2709,86360,   0,89070
ER,89054,   6,   8
EC,2718,87352,   0,90070
ER,90055,   6,   8
EC,2726,88344,   0,91071
ER,91056,   6,   8
EC,2735,89336,   0,92072
ER,92056,   6,   8
EC,2744,90328,   0,93072
ER,93057,   6,   8
EC,2752,91320,   0,94073
ER,94057,   7,   8
EC,2761,92312,   0,95073
ER,95057,   7,   8
EC,2769,93304,   0,96074
ER,96058,   7,   8
EC,2778,94296,   0,97074
ER,97059,   7,   8
EC,2786,95288,   0,98075
ER,98059,   7,   8
EC,2795,96280,   0,99075
ER,99059,   7,   8
EC,2803,97272,   0,100076
ER,100060,   7,   8
EC,2812,98264,   0,101076
ER,101060,   7,   8
EC,2820,99256,   0,102077
ER,102061,   7,   8
EC,2829,100247,   0,103077
ER,103061,   7,   8
EC,2838,101239,   0,104078
ER,104062,   7,   8
EC,2847,102231,   0,105078
ER,105063,   7,   8
EC,2856,103223,   0,106079
ER,106063,   7,   8
EC,2864,104215,   0,107080
ER,107064,   7,   8
EC,2873,105207,   0,108080
ER,108064,   7,   8
EC,2881,106199,   0,109081
ER,109065,   7,   8
EC,2890,107191,   0,110081
ER,110065,   7,   8
EC,2899,108183,   0,111082
ER,111066,   7,   8
EC,2907,109174,   0,112082
ER,112066,   7,   8
EC,2916,110167,   0,113083
ER,113067,   7,   8
EC,2924,111159,   0,114083
ER,114067,   7,   8
EC,2933,112151,   0,115084
ER,115068,   7,   8
EC,2941,113143,   0,116084
ER,116068,   7,   8
EC,2950,114135,   0,117085
ER,117069,   7,   8
EC,2959,115127,   0,118086
ER,118068,   9,   8
EC,2967,116119,   0,119086
ER,119068,   9,   8
EC,2976,117111,   0,120087
ER,120069,   9,   8
EC,2984,118103,   0,121087
ER,121069,   9,   8
EC,2992,119095,   0,122088
ER,122070,   9,   8
EC,3002,120087,   0,123089
ER,123071,   9,   8
EC,3010,121078,   0,124089
ER,124071,   9,   8
EC,3018,122070,   0,125089
ER,125071,   9,   8
EC,3027,123063,   0,126090
ER,126072,   9,   8
EC,3035,124054,   0,127090
ER,127072,   9,   8
EC,3044,125046,   0,128091
ER,128073,   9,   8
EC,3053,126039,   0,129092
ER,129074,   9,   8
EC,3061,127031,   0,130092
ER,130074,   9,   8
EC,3070,128023,   0,131093
ER,131075,   9,   8
EC,3078,129015,   0,132093
ER,132075,   9,   8
EC,3086,130007,   0,133094
ER,133076,   9,   8
EC,3095,130999,   0,134095
ER,134077,   9,   8
EC,3103,131991,   0,135095
ER,135077,   9,   8
EC,3112,132983,   0,136096
ER,136078,   9,   8
EC,3120,133975,   0,137096
ER,137078,   9,   8
EC,3129,134968,   0,138097
ER,138079,   9,   8
EC,3137,135959,   0,139097
ER,139079,   9,   8
EC,3146,136951,   0,140097
ER,140079,   9,   8
EC,3155,137943,   0,141098
ER,141080,   9,   8
EC,3163,138935,   0,142099
ER,142081,   9,   8
EC,3172,139927,   0,143100
ER,143082,   9,   8
EC,3180,140919,   0,144100
ER,144082,   9,   8
EC,3189,141912,   0,145101
ER,145083,   9,   8
EC,3197,142903,   0,146101
ER,146083,   9,   8
EC,3206,143895,   0,147101
ER,147083,   9,   8
EC,3214,144888,   0,148102
ER,148084,   9,   8
EC,3222,145880,   0,149103
ER,149085,   9,   8
EC,3231,146872,   0,150103
ER,150085,   9,   8
EC,3239,147864,   0,151104
ER,151086,   9,   8
EC,3248,148856,   0,152105
ER,152087,   9,   8
EC,3256,149848,   0,153105
ER,153087,   9,   8
EC,3265,150840,   0,154106
ER,154088,   9,   8
EC,3273,151832,   0,155106
ER,155088,   9,   8
EC,3282,152824,   0,156106
ER,156088,   9,   8
EC,3291,153816,   0,157107
ER,157089,  10,   8
EC,3299,154808,   0,158108
ER,158089,  10,   8
EC,3308,155799,   0,159108
ER,159090,  10,   8
EC,3316,156792,   0,160109
ER,160090,  10,   8
EC,3325,157784,   0,161109
ER,161091,  10,   8
EC,3333,158776,   0,162110
ER,162092,  10,   8
EC,3342,159768,   0,163110
ER,163092,  10,   8
EC,3350,160760,   0,164111
ER,164093,  10,   8
EC,3359,161752,   0,165111
ER,165093,  10,   8
EC,3367,162744,   0,166112
ER,166094,  10,   8
EC,3376,163736,   0,167112
ER,167094,  10,   8
EC,3384,164729,   0,168113
ER,168095,  10,   8
EC,3393,165720,   0,169114
ER,169095,  10,   8
EC,3402,166712,   0,170114
ER,170096,  10,   8
EC,3410,167704,   0,171115
ER,171096,  10,   8
EC,3419,168696,   0,172116
ER,172097,  10,   8
EC,3427,169688,   0,173116
ER,173097,  10,   8
EC,3436,170680,   0,174116
ER,174098,  10,   8
EC,3444,171672,   0,175117
ER,175098,  10,   8
EC,3454,172663,   0,176117
ER,176098,  10,   8
EC,3462,173655,   0,177118
ER,177099,  10,   8
EC,3471,174647,   0,178119
ER,178099,  10,   8
EC,3479,175640,   0,179119
ER,179100,  10,   8
