TT,07,29,21,01,03,25,811992
, 608,184514,   0,185123
ER,185089,  25,   8
encrypt, 121440340,121440352
S,8927,121440338,0,0,121440534
EC, 611,185511,   0,186123
ER,186088,  26,   8
EC, 628,186495,   0,187123
ER,187065,  49,   8
EC, 634,187489,   0,188124
ER,188056,  59,   8
[INFO: Main      ] Starting Contiki-NG-release/v4.6-70-g9ff7b4bdb-dirty
[INFO: Main      ] - Routing: RPL Lite
[INFO: Main      ] - Net: sicslowpan
[INFO: Main      ] - MAC: CSMA
[INFO: Main      ] - 802.15.4 PANID: 0xabcd
[INFO: Main      ] - 802.15.4 Defa[INFO: Main      ] Starting Contiki-NG-release/v4.6-70-g9ff7b4bdb-dirty
[INFO: Main      ] - Routing: RPL Lite
[INFO: Main      ] - Net: sicslowpan
[INFO: Main      ] - MAC: CSMA
[INFO: Main      ] - 802.15.4 PANID: 0xabcd
[INFO: Main      ] - 802.15.4 Default channel: 26
[INFO: Main      ] Node ID: 65491
[INFO: Main      ] Link-layer address: 0012.4b00.1204.ffd3
[INFO: Main      ] Tentative link-local IPv6 address: fe80::212:4b00:1204:ffd3
[INFO: CC26xx/CC13xx] TI CC2650 SensorTag
[INFO: CC26xx/CC13xx]  RF: Channel 26, PANID 0xABCD
EC,  29, 992,   0,1021
ER,1013,   0,   8
EC,  38,1984,   0,2022
ER,2014,   0,   8
EC,  47,2975,   0,3023
ER,3013,   1,   8
decrypt, 2034374,2034384
encrypt, 2034712,2034722
htfin:2034882
#,#decrypt, 2043042,2043052
encrypt, 2043204,2043214
p,53784,2043204,0,0,2043372
EC,  79,3944,   0,4023
ER,4010,   4,   8
EC, 141,4883,   0,5024
ER,5010,   5,   8
EC, 188,5836,   0,6024
ER,6010,   5,   8
EC, 240,6784,   0,7024
ER,7011,   5,   8
EC, 295,7730,   0,8025
ER,8012,   5,   8
EC, 339,8686,   0,9026
ER,9012,   5,   8
EC, 386,9640,   0,10027
ER,10012,   6,   8
EC, 424,10602,   0,11026
ER,11012,   6,   8
EC, 459,11568,   0,12028
ER,12013,   6,   8
EC, 507,12521,   0,13028
ER,13014,   6,   8
EC, 545,13484,   0,14029
ER,14014,   6,   8
EC, 590,14438,   0,15029
ER,15014,   6,   8
EC, 621,15408,   0,16029
ER,16015,   6,   8
EC, 655,16375,   0,17030
ER,17015,   6,   8
EC, 691,17339,   0,18030
ER,18015,   6,   8
EC, 733,18297,   0,19031
ER,19016,   6,   8
EC, 777,19254,   0,20031
ER,20016,   6,   8
EC, 813,20219,   0,21032
ER,21017,   6,   8
EC, 847,21185,   0,22033
ER,22018,   6,   8
EC, 881,22153,   0,23034
ER,23018,   7,   8
EC, 906,23128,   0,24034
ER,24018,   7,   8
EC, 938,24096,   0,25034
ER,25019,   7,   8
EC, 968,25066,   0,26035
ER,26020,   7,   8
EC,1004,26031,   0,27035
ER,27020,   7,   8
EC,1038,26998,   0,28036
ER,28020,   7,   8
EC,1078,27958,   0,29036
ER,29021,   7,   8
EC,1117,28920,   0,30037
ER,30021,   7,   8
EC,1150,29887,   0,31038
ER,31022,   7,   8
EC,1179,30858,   0,32038
ER,32022,   7,   8
EC,1209,31829,   0,33039
ER,33023,   7,   8
decrypt, 21709986,21709996
llego jejeje
encrypt, 21710234,21710240
n,53792,21710232,0,0,21710410
encrypt, 21710592,21710602
S,50602,21710590,0,0,21710772
encrypt, 22008196,22008206
S,50602,22008194,0,0,22008376
EC,1243,32796,   0,34039
ER,34022,   8,   8
encrypt, 22602438,22602448
S,50602,22602436,0,0,22602618
EC,1287,33753,   0,35040
ER,35023,   9,   8
EC,1343,34697,   0,36041
ER,36023,   9,   8
encrypt, 23790478,23790488
S,50602,23790478,0,0,23790660
EC,1388,35653,   0,37041
ER,37023,   9,   8
EC,1426,36616,   0,38042
ER,38024,   9,   8
EC,1471,37571,   0,39042
ER,39025,   9,   8
encrypt, 26166018,26166028
S,50602,26166016,0,0,26166198
EC,1516,38526,   0,40043
ER,40025,   9,   8
EC,1559,39484,   0,41043
ER,41025,   9,   8
EC,1602,40441,   0,42044
ER,42026,   9,   8
EC,1649,41394,   0,43044
ER,43026,   9,   8
EC,1690,42355,   0,44045
ER,44027,   9,   8
EC,1738,43307,   0,45045
ER,45027,   9,   8
EC,1788,44258,   0,46046
ER,46028,   9,   8
EC,1822,45224,   0,47047
ER,47029,   9,   8
EC,1861,46186,   0,48047
ER,48029,  10,   8
EC,1892,47156,   0,49048
ER,49029,  10,   8
EC,1930,48118,   0,50048
ER,50030,  10,   8
EC,1982,49066,   0,51048
ER,51030,  10,   8
EC,2020,50029,   0,52049
ER,52031,  10,   8
EC,2060,50990,   0,53050
ER,53031,  10,   8
EC,2110,51940,   0,54051
ER,54032,  10,   8
EC,2142,52908,   0,55051
ER,55032,  10,   8
EC,2179,53872,   0,56052
ER,56033,  10,   8
EC,2225,54827,   0,57052
ER,57034,  10,   8
EC,2263,55789,   0,58053
ER,58034,  10,   8
EC,2299,56753,   0,59053
ER,59035,  10,   8
EC,2336,57717,   0,60053
ER,60035,  10,   8
EC,2372,58682,   0,61054
ER,61036,  10,   8
EC,2412,59642,   0,62055
ER,62036,  10,   8
EC,2442,60613,   0,63055
ER,63037,  10,   8
decrypt, 41371682,41371692
llego jejeje
encrypt, 41371928,41371934
n,53798,41371928,0,0,41372104
encrypt, 41372288,41372298
S,50603,41372286,0,0,41372466
encrypt, 41592094,41592104
S,50603,41592094,0,0,41592276
EC,2485,61571,   0,64056
ER,64036,  12,   8
encrypt, 42032038,42032048
S,50603,42032036,0,0,42032218
EC,2519,62537,   0,65057
ER,65036,  12,   8
encrypt, 42910642,42910652
S,50603,42910642,0,0,42910824
EC,2566,63490,   0,66057
ER,66036,  12,   8
EC,2598,64459,   0,67058
ER,67037,  12,   8
EC,2643,65415,   0,68058
ER,68037,  12,   8
encrypt, 44666398,44666408
S,50603,44666396,0,0,44666578
EC,2669,66390,   0,69059
ER,69037,  13,   8
EC,2699,67359,   0,70059
ER,70038,  13,   8
EC,2750,68310,   0,71060
ER,71038,  13,   8
EC,2794,69266,   0,72061
ER,72039,  13,   8
EC,2836,70224,   0,73061
ER,73039,  13,   8
EC,2880,71182,   0,74062
ER,74040,  13,   8
EC,2921,72141,   0,75062
ER,75041,  13,   8
EC,2953,73109,   0,76063
ER,76041,  13,   8
EC,2998,74065,   0,77063
ER,77041,  13,   8
EC,3032,75031,   0,78064
ER,78042,  13,   8
EC,3064,75999,   0,79064
ER,79043,  13,   8
EC,3089,76975,   0,80064
ER,80043,  13,   8
EC,3135,77930,   0,81066
ER,81044,  13,   8
EC,3171,78895,   0,82066
ER,82044,  13,   8
EC,3200,79865,   0,83066
ER,83044,  13,   8
EC,3241,80826,   0,84067
ER,84045,  13,   8
EC,3287,81780,   0,85068
ER,85046,  13,   8
EC,3318,82749,   0,86068
ER,86047,  13,   8
EC,3341,83727,   0,87069
ER,87047,  13,   8
EC,3372,84696,   0,88069
ER,88048,  13,   8
EC,3400,85670,   0,89070
ER,89048,  13,   8
EC,3426,86644,   0,90070
ER,90049,  13,   8
EC,3453,87618,   0,91071
ER,91049,  13,   8
EC,3489,88582,   0,92072
ER,92050,  13,   8
EC,3526,89546,   0,93072
ER,93050,  13,   8
decrypt, 61032966,61032976
llego jejeje
encrypt, 61033214,61033220
n,53804,61033212,0,0,61033390
encrypt, 61033574,61033584
S,50604,61033572,0,0,61033752
encrypt, 61314954,61314964
S,50604,61314952,0,0,61315134
EC,3552,90520,   0,94073
ER,94050,  14,   8
encrypt, 61877232,61877242
S,50604,61877230,0,0,61877412
EC,3590,91483,   0,95073
ER,95050,  14,   8
EC,3622,92451,   0,96074
ER,96050,  14,   8
encrypt, 63000570,63000580
S,50604,63000568,0,0,63000752
EC,3658,93416,   0,97074
ER,97050,  15,   8
EC,3688,94387,   0,98075
ER,98051,  15,   8
EC,3723,95352,   0,99075
ER,99052,  15,   8
encrypt, 65246594,65246604
S,50604,65246594,0,0,65246776
EC,3747,96329,   0,100076
ER,100052,  15,   8
EC,3778,97298,   0,101076
ER,101052,  15,   8
EC,3800,98276,   0,102077
ER,102052,  15,   8
EC,3828,99249,   0,103077
ER,103053,  15,   8
EC,3861,100216,   0,104078
ER,104054,  15,   8
EC,3896,101183,   0,105079
ER,105054,  15,   8
EC,3931,102147,   0,106079
ER,106055,  16,   8
EC,3960,103119,   0,107079
ER,107055,  16,   8
EC,3990,104090,   0,108080
ER,108056,  16,   8
EC,4024,105056,   0,109080
ER,109056,  16,   8
EC,4064,106016,   0,110081
ER,110057,  16,   8
EC,4094,106987,   0,111082
ER,111057,  16,   8
EC,4124,107958,   0,112083
ER,112058,  16,   8
EC,4160,108922,   0,113083
ER,113059,  16,   8
EC,4188,109895,   0,114083
ER,114058,  16,   8
EC,4225,110859,   0,115084
ER,115060,  16,   8
EC,4255,111828,   0,116084
ER,116060,  16,   8
EC,4286,112799,   0,117085
ER,117061,  16,   8
EC,4317,113768,   0,118086
ER,118061,  16,   8
EC,4339,114746,   0,119086
ER,119062,  16,   8
EC,4371,115715,   0,120087
ER,120062,  16,   8
EC,4401,116685,   0,121087
ER,121062,  16,   8
EC,4432,117655,   0,122088
ER,122063,  16,   8
EC,4454,118634,   0,123088
ER,123064,  16,   8
decrypt, 80920290,80920300
llego jejeje
encrypt, 80920538,80920544
n,53810,80920536,0,0,80920714
encrypt, 80920896,80920906
S,50605,80920894,0,0,80921076
encrypt, 81221660,81221670
S,50605,81221658,0,0,81221840
EC,4488,119600,   0,124089
ER,124063,  17,   8
encrypt, 81822744,81822754
S,50605,81822742,0,0,81822924
EC,4519,120571,   0,125090
ER,125064,  17,   8
EC,4552,121538,   0,126090
ER,126064,  17,   8
encrypt, 83024884,83024894
S,50605,83024884,0,0,83025066
EC,4583,122508,   0,127091
ER,127064,  18,   8
EC,4613,123477,   0,128091
ER,128065,  18,   8
EC,4643,124449,   0,129092
ER,129066,  18,   8
EC,4673,125419,   0,130092
ER,130066,  18,   8
encrypt, 85428898,85428908
S,50605,85428898,0,0,85429080
EC,4697,126395,   0,131093
ER,131066,  18,   8
EC,4728,127366,   0,132094
ER,132067,  18,   8
EC,4759,128335,   0,133094
ER,133067,  18,   8
EC,4783,129311,   0,134094
ER,134068,  18,   8
EC,4808,130287,   0,135095
ER,135068,  18,   8
EC,4832,131263,   0,136095
ER,136068,  18,   8
EC,4855,132241,   0,137096
ER,137069,  18,   8
EC,4891,133206,   0,138097
ER,138070,  18,   8
EC,4916,134181,   0,139097
ER,139071,  18,   8
EC,4948,135149,   0,140097
ER,140071,  18,   8
EC,4979,136119,   0,141098
ER,141071,  18,   8
EC,5001,137097,   0,142098
ER,142072,  18,   8
EC,5026,138073,   0,143100
ER,143073,  18,   8
EC,5047,139053,   0,144100
ER,144073,  18,   8
EC,5071,140029,   0,145100
ER,145074,  18,   8
EC,5091,141009,   0,146101
ER,146074,  18,   8
EC,5112,141988,   0,147101
ER,147075,  18,   8
EC,5137,142964,   0,148102
ER,148075,  18,   8
EC,5166,143936,   0,149103
ER,149076,  18,   8
EC,5189,144914,   0,150104
ER,150077,  18,   8
EC,5214,145890,   0,151104
ER,151077,  18,   8
EC,5233,146870,   0,152104
ER,152077,  18,   8
EC,5250,147854,   0,153104
ER,153078,  18,   8
decrypt, 100355346,100355356
llego jejeje
encrypt, 100355606,100355612
n,53816,100355604,0,0,100355794
encrypt, 100355988,100355998
S,50606,100355986,0,0,100356178
encrypt, 100655892,100655902
S,50606,100655892,0,0,100656084
EC,5271,148835,   0,154106
ER,154078,  19,   8
encrypt, 101254736,101254746
S,50606,101254736,0,0,101254928
EC,5293,149813,   0,155106
ER,155078,  19,   8
EC,5318,150789,   0,156107
ER,156079,  19,   8
encrypt, 102452586,102452596
S,50606,102452586,0,0,102452778
EC,5339,151768,   0,157107
ER,157078,  20,   8
EC,5354,152753,   0,158108
ER,158079,  20,   8
EC,5372,153735,   0,159108
ER,159079,  20,   8
encrypt, 104847386,104847396
S,50606,104847384,0,0,104847578
EC,5394,154714,   0,160108
ER,160080,  20,   8
EC,5411,155698,   0,161109
ER,161080,  20,   8
EC,5432,156678,   0,162110
ER,162081,  21,   8
EC,5455,157655,   0,163110
ER,163081,  21,   8
EC,5476,158634,   0,164111
ER,164081,  21,   8
EC,5502,159609,   0,165112
ER,165082,  21,   8
EC,5524,160588,   0,166112
ER,166083,  21,   8
EC,5547,161564,   0,167112
ER,167083,  21,   8
EC,5576,162537,   0,168113
ER,168084,  21,   8
EC,5607,163506,   0,169114
ER,169084,  21,   8
EC,5626,164487,   0,170114
ER,170084,  21,   8
EC,5656,165458,   0,171115
ER,171085,  21,   8
EC,5682,166433,   0,172116
ER,172086,  21,   8
EC,5723,167392,   0,173116
ER,173086,  21,   8
EC,5759,168356,   0,174116
ER,174087,  21,   8
EC,5804,169312,   0,175117
ER,175088,  21,   8
EC,5853,170264,   0,176118
ER,176088,  21,   8
EC,5894,171224,   0,177118
ER,177089,  21,   8
EC,5944,172174,   0,178118
ER,178088,  21,   8
EC,5999,173120,   0,179119
ER,179090,  21,   8
