TT,07,28,21,19,29,42,614602

EC,3657,181464,   0,185122
ER,185089,  25,   8
EC,3667,182456,   0,186123
ER,186090,  25,   8
encrypt, 122443648,122443660
S,16062,122443646,0,0,122443844
EC,3677,183446,   0,187124
ER,187090,  25,   8
EC,3686,184438,   0,188124
ER,188090,  25,   8
[INFO: Main      ] Starting Contiki-NG-release/v4.6-70-g9ff7b4bdb-dirty
[INFO: Main      ] - Routing: RPL Lite
[INFO: Main      ] - Net: sicslowpan
[INFO: Main      ] - MAC: CSMA
[INFO: Main      ] - 802.15.4 PANID: 0xabcd
[INFO: Main      ] - 802.15.4 [INFO: Main      ] Starting Contiki-NG-release/v4.6-70-g9ff7b4bdb-dirty
[INFO: Main      ] - Routing: RPL Lite
[INFO: Main      ] - Net: sicslowpan
[INFO: Main      ] - MAC: CSMA
[INFO: Main      ] - 802.15.4 PANID: 0xabcd
[INFO: Main      ] - 802.15.4 Default channel: 26
[INFO: Main      ] Node ID: 65491
[INFO: Main      ] Link-layer address: 0012.4b00.1204.ffd3
[INFO: Main      ] Tentative link-local IPv6 address: fe80::212:4b00:1204:ffd3
[INFO: CC26xx/CC13xx] TI CC2650 SensorTag
[INFO: CC26xx/CC13xx]  RF: Channel 26, PANID 0xABCD
EC,  23, 998,   0,1022
ER,1013,   0,   8
EC,  26,1996,   0,2022
ER,2013,   0,   8
decrypt, 1926726,1926738
encrypt, 1927066,1927078
htfin:1927238
#,#decrypt, 1937100,1937114
encrypt, 1937266,1937276
p,58561,1937264,0,0,1937434
EC,  33,2989,   0,3023
ER,3011,   3,   8
EC,  37,3985,   0,4023
ER,4011,   4,   8
EC,  44,4980,   0,5024
ER,5011,   4,   8
EC,  49,5975,   0,6024
ER,6011,   4,   8
EC,  52,6972,   0,7025
ER,7012,   4,   8
EC,  56,7969,   0,8025
ER,8012,   4,   8
EC,  60,8965,   0,9026
ER,9012,   5,   8
EC,  63,9963,   0,10026
ER,10013,   5,   8
EC,  67,10960,   0,11027
ER,11014,   5,   8
EC,  72,11955,   0,12028
ER,12014,   5,   8
EC,  75,12952,   0,13028
ER,13014,   5,   8
EC,  79,13949,   0,14028
ER,14014,   5,   8
EC,  83,14946,   0,15029
ER,15015,   5,   8
EC,  87,15942,   0,16029
ER,16015,   5,   8
EC,  90,16940,   0,17030
ER,17016,   5,   8
EC,  93,17937,   0,18031
ER,18017,   5,   8
EC,  97,18933,   0,19031
ER,19016,   6,   8
EC, 101,19931,   0,20032
ER,20017,   6,   8
EC, 104,20928,   0,21032
ER,21018,   6,   8
EC, 108,21925,   0,22033
ER,22018,   6,   8
EC, 111,22922,   0,23034
ER,23019,   6,   8
EC, 116,23918,   0,24034
ER,24019,   6,   8
EC, 120,24914,   0,25035
ER,25019,   6,   8
EC, 124,25911,   0,26035
ER,26020,   6,   8
EC, 127,26908,   0,27035
ER,27020,   6,   8
EC, 131,27904,   0,28036
ER,28021,   6,   8
EC, 136,28900,   0,29037
ER,29022,   6,   8
EC, 143,29895,   0,30038
ER,30022,   6,   8
EC, 148,30890,   0,31038
ER,31023,   6,   8
EC, 151,31887,   0,32039
ER,32023,   6,   8
decrypt, 21612472,21612486
llego jejeje
encrypt, 21612722,21612732
n,58569,21612722,0,0,21612904
encrypt, 21613086,21613098
S,57407,21613084,0,0,21613268
EC, 158,32881,   0,33039
ER,33023,   7,   8
encrypt, 21897092,21897104
S,57407,21897090,0,0,21897276
EC, 163,33876,   0,34040
ER,34023,   8,   8
encrypt, 22464250,22464262
S,57407,22464248,0,0,22464434
EC, 168,34872,   0,35040
ER,35023,   8,   8
encrypt, 23598008,23598020
S,57407,23598006,0,0,23598192
EC, 174,35866,   0,36041
ER,36023,   8,   8
EC, 181,36860,   0,37041
ER,37023,   9,   8
EC, 185,37856,   0,38042
ER,38024,   9,   8
EC, 190,38852,   0,39042
ER,39025,   9,   8
encrypt, 25864578,25864590
S,57407,25864576,0,0,25864762
EC, 195,39848,   0,40043
ER,40025,   9,   8
EC, 199,40844,   0,41043
ER,41025,   9,   8
EC, 204,41840,   0,42044
ER,42026,   9,   8
EC, 207,42836,   0,43044
ER,43026,   9,   8
EC, 211,43833,   0,44045
ER,44027,   9,   8
EC, 216,44830,   0,45046
ER,45027,   9,   8
EC, 220,45826,   0,46046
ER,46028,   9,   8
EC, 224,46822,   0,47047
ER,47029,   9,   8
EC, 230,47817,   0,48047
ER,48029,   9,   8
EC, 234,48813,   0,49047
ER,49029,   9,   8
EC, 238,49810,   0,50048
ER,50030,   9,   8
EC, 242,50807,   0,51049
ER,51031,   9,   8
EC, 246,51804,   0,52050
ER,52031,   9,   8
EC, 249,52800,   0,53050
ER,53032,   9,   8
EC, 254,53796,   0,54051
ER,54032,  10,   8
EC, 258,54792,   0,55051
ER,55032,  10,   8
EC, 263,55788,   0,56052
ER,56033,  10,   8
EC, 267,56785,   0,57052
ER,57034,  10,   8
EC, 271,57781,   0,58052
ER,58034,  10,   8
EC, 276,58776,   0,59053
ER,59035,  10,   8
EC, 280,59773,   0,60054
ER,60035,  10,   8
EC, 284,60770,   0,61054
ER,61036,  10,   8
EC, 287,61767,   0,62055
ER,62037,  10,   8
decrypt, 41268206,41268218
llego jejeje
encrypt, 41268456,41268466
n,58575,41268454,0,0,41268636
encrypt, 41268820,41268832
S,57408,41268818,0,0,41269000
EC, 293,62762,   0,63056
ER,63036,  11,   8
encrypt, 41478552,41478564
S,57408,41478550,0,0,41478736
encrypt, 41897964,41897976
S,57408,41897962,0,0,41898148
EC, 299,63757,   0,64056
ER,64036,  12,   8
EC, 305,64750,   0,65056
ER,65036,  12,   8
encrypt, 42736114,42736126
S,57408,42736112,0,0,42736298
EC, 309,65747,   0,66057
ER,66037,  12,   8
EC, 313,66744,   0,67058
ER,67037,  12,   8
encrypt, 44411428,44411440
S,57408,44411426,0,0,44411612
EC, 317,67741,   0,68058
ER,68037,  12,   8
EC, 321,68738,   0,69059
ER,69038,  12,   8
EC, 324,69734,   0,70059
ER,70038,  12,   8
EC, 329,70730,   0,71059
ER,71038,  12,   8
EC, 332,71727,   0,72060
ER,72039,  12,   8
EC, 336,72724,   0,73061
ER,73039,  12,   8
EC, 340,73721,   0,74061
ER,74040,  12,   8
EC, 349,74712,   0,75062
ER,75041,  12,   8
EC, 352,75710,   0,76063
ER,76042,  12,   8
EC, 356,76707,   0,77063
ER,77042,  12,   8
EC, 361,77703,   0,78064
ER,78043,  12,   8
EC, 367,78697,   0,79064
ER,79043,  12,   8
EC, 371,79693,   0,80064
ER,80043,  12,   8
EC, 374,80691,   0,81065
ER,81044,  12,   8
EC, 379,81686,   0,82065
ER,82044,  12,   8
EC, 384,82682,   0,83067
ER,83046,  12,   8
EC, 387,83679,   0,84067
ER,84045,  12,   8
EC, 392,84675,   0,85067
ER,85046,  12,   8
EC, 396,85671,   0,86068
ER,86047,  12,   8
EC, 400,86667,   0,87068
ER,87047,  12,   8
EC, 405,87663,   0,88069
ER,88048,  12,   8
EC, 411,88658,   0,89069
ER,89048,  12,   8
EC, 414,89655,   0,90070
ER,90049,  12,   8
EC, 419,90651,   0,91070
ER,91049,  12,   8
EC, 423,91647,   0,92071
ER,92050,  12,   8
decrypt, 60927150,60927162
llego jejeje
encrypt, 60927400,60927410
n,58581,60927398,0,0,60927580
encrypt, 60927762,60927774
S,57409,60927762,0,0,60927944
EC, 431,92640,   0,93072
ER,93050,  13,   8
encrypt, 61195818,61195830
S,57409,61195816,0,0,61196002
EC, 435,93636,   0,94072
ER,94049,  14,   8
encrypt, 61731950,61731962
S,57409,61731948,0,0,61732134
EC, 440,94633,   0,95073
ER,95050,  15,   8
encrypt, 62802964,62802976
S,57409,62802962,0,0,62803148
EC, 448,95625,   0,96073
ER,96049,  16,   8
EC, 457,96617,   0,97074
ER,97049,  16,   8
EC, 462,97612,   0,98074
ER,98050,  16,   8
EC, 466,98609,   0,99075
ER,99051,  16,   8
encrypt, 64945196,64945208
S,57409,64945194,0,0,64945380
EC, 470,99605,   0,100075
ER,100051,  16,   8
EC, 479,100596,   0,101076
ER,101051,  16,   8
EC, 483,101593,   0,102077
ER,102052,  16,   8
EC, 494,102584,   0,103078
ER,103053,  16,   8
EC, 502,103575,   0,104078
ER,104053,  16,   8
EC, 509,104568,   0,105078
ER,105053,  16,   8
EC, 513,105565,   0,106079
ER,106053,  17,   8
EC, 518,106561,   0,107079
ER,107053,  17,   8
EC, 524,107555,   0,108080
ER,108054,  17,   8
EC, 531,108549,   0,109081
ER,109055,  17,   8
EC, 540,109541,   0,110081
ER,110055,  17,   8
EC, 546,110535,   0,111081
ER,111056,  17,   8
EC, 549,111533,   0,112082
ER,112056,  17,   8
EC, 552,112530,   0,113083
ER,113057,  17,   8
EC, 557,113526,   0,114083
ER,114057,  17,   8
EC, 565,114518,   0,115084
ER,115058,  17,   8
EC, 572,115512,   0,116084
ER,116058,  17,   8
EC, 578,116507,   0,117085
ER,117059,  17,   8
EC, 581,117504,   0,118085
ER,118060,  17,   8
EC, 585,118501,   0,119086
ER,119060,  17,   8
EC, 588,119498,   0,120086
ER,120061,  17,   8
EC, 594,120492,   0,121087
ER,121061,  17,   8
EC, 602,121485,   0,122088
ER,122062,  17,   8
decrypt, 80591696,80591710
llego jejeje
encrypt, 80591948,80591956
n,58587,80591946,0,0,80592128
encrypt, 80592310,80592322
S,57410,80592308,0,0,80592492
EC, 610,122477,   0,123088
ER,123062,  18,   8
encrypt, 80879322,80879334
S,57410,80879320,0,0,80879506
EC, 617,123472,   0,124089
ER,124062,  18,   8
encrypt, 81453170,81453182
S,57410,81453168,0,0,81453354
EC, 622,124466,   0,125089
ER,125062,  18,   8
EC, 628,125461,   0,126090
ER,126063,  18,   8
encrypt, 82599952,82599964
S,57410,82599950,0,0,82600136
EC, 635,126455,   0,127090
ER,127063,  19,   8
EC, 640,127450,   0,128091
ER,128063,  19,   8
EC, 644,128447,   0,129091
ER,129064,  19,   8
encrypt, 84893302,84893314
S,57410,84893300,0,0,84893486
EC, 652,129440,   0,130092
ER,130064,  19,   8
EC, 656,130436,   0,131093
ER,131065,  19,   8
EC, 661,131432,   0,132093
ER,132065,  19,   8
EC, 667,132426,   0,133094
ER,133066,  19,   8
EC, 673,133421,   0,134095
ER,134067,  19,   8
EC, 682,134413,   0,135095
ER,135067,  19,   8
EC, 688,135407,   0,136095
ER,136067,  19,   8
EC, 692,136403,   0,137096
ER,137068,  19,   8
EC, 696,137400,   0,138096
ER,138068,  19,   8
EC, 703,138394,   0,139097
ER,139069,  19,   8
EC, 709,139388,   0,140098
ER,140070,  19,   8
EC, 712,140385,   0,141098
ER,141070,  19,   8
EC, 716,141382,   0,142098
ER,142070,  19,   8
EC, 720,142379,   0,143099
ER,143071,  19,   8
EC, 726,143373,   0,144100
ER,144072,  19,   8
EC, 734,144365,   0,145100
ER,145072,  19,   8
EC, 738,145362,   0,146101
ER,146073,  19,   8
EC, 744,146356,   0,147101
ER,147073,  19,   8
EC, 749,147352,   0,148102
ER,148074,  19,   8
EC, 755,148347,   0,149103
ER,149074,  19,   8
EC, 760,149343,   0,150103
ER,150075,  19,   8
EC, 764,150339,   0,151104
ER,151076,  19,   8
EC, 768,151336,   0,152104
ER,152076,  19,   8
decrypt, 100253472,100253484
llego jejeje
encrypt, 100253734,100253742
n,58593,100253732,0,0,100253924
encrypt, 100254120,100254132
S,57411,100254118,0,0,100254312
EC, 774,152330,   0,153105
ER,153076,  20,   8
encrypt, 100539990,100540002
S,57411,100539988,0,0,100540186
EC, 778,153326,   0,154105
ER,154076,  21,   8
encrypt, 101111362,101111374
S,57411,101111360,0,0,101111558
EC, 787,154319,   0,155106
ER,155076,  21,   8
encrypt, 102253748,102253760
S,57411,102253746,0,0,102253944
EC, 792,155314,   0,156106
ER,156076,  21,   8
EC, 795,156311,   0,157107
ER,157077,  21,   8
EC, 800,157307,   0,158107
ER,158077,  21,   8
EC, 808,158300,   0,159108
ER,159078,  21,   8
encrypt, 104538480,104538492
S,57411,104538478,0,0,104538676
EC, 812,159296,   0,160109
ER,160078,  22,   8
EC, 816,160293,   0,161109
ER,161079,  22,   8
EC, 820,161289,   0,162110
ER,162079,  22,   8
EC, 826,162283,   0,163110
ER,163079,  22,   8
EC, 831,163279,   0,164111
ER,164080,  22,   8
EC, 835,164276,   0,165111
ER,165081,  22,   8
EC, 841,165271,   0,166112
ER,166081,  22,   8
EC, 847,166265,   0,167113
ER,167082,  22,   8
EC, 852,167261,   0,168113
ER,168082,  22,   8
EC, 856,168257,   0,169114
ER,169083,  22,   8
EC, 860,169253,   0,170114
ER,170083,  22,   8
EC, 864,170250,   0,171115
ER,171084,  22,   8
EC, 867,171247,   0,172115
ER,172084,  22,   8
EC, 872,172243,   0,173116
ER,173084,  23,   8
EC, 878,173238,   0,174116
ER,174084,  23,   8
EC, 883,174234,   0,175117
ER,175085,  23,   8
EC, 887,175230,   0,176117
ER,176086,  23,   8
EC, 891,176227,   0,177118
ER,177086,  23,   8
EC, 895,177223,   0,178119
ER,178087,  23,   8
EC, 900,178219,   0,179119
ER,179088,  23,   8
