TT,07,29,21,02,59,58,420221
ing: RPL Lite
[INFO: Main      ] - Net: sicslowpan
[INFO: Main      ] - MAC: CSMA
[INFO: Main      ] - 802.15.4 PANID: 0xabcd
[INFO: Main      ] - 802.15.4 Default channel: 26
[INFO: Main      ] Node ID: [INFO: Main      ] Starting Contiki-NG-release/v4.6-70-g9ff7b4bdb-dirty
[INFO: Main      ] - Routing: RPL Lite
[INFO: Main      ] - Net: sicslowpan
[INFO: Main      ] - MAC: CSMA
[INFO: Main      ] - 802.15.4 PANID: 0xabcd
[INFO: Main      ] - 802.15.4 Default channel: 26
[INFO: Main      ] Node ID: 65491
[INFO: Main      ] Link-layer address: 0012.4b00.1204.ffd3
[INFO: Main      ] Tentative link-local IPv6 address: fe80::212:4b00:1204:ffd3
[INFO: CC26xx/CC13xx] TI CC2650 SensorTag
[INFO: CC26xx/CC13xx]  RF: Channel 26, PANID 0xABCD
EC,  23, 998,   0,1022
ER,1013,   0,   8
EC,  25,1996,   0,2022
ER,2013,   0,   8
p,10423,1874860,1874872
EC,  29,2993,   0,3022
ER,3012,   2,   8
EC,  35,3987,   0,4023
ER,4012,   2,   8
EC,  39,4984,   0,5023
ER,5012,   3,   8
EC,  43,5980,   0,6024
ER,6013,   3,   8
EC,  50,6974,   0,7025
ER,7013,   3,   8
EC,  56,7968,   0,8025
ER,8013,   3,   8
EC,  60,8965,   0,9026
ER,9014,   3,   8
EC,  66,9960,   0,10026
ER,10014,   3,   8
EC,  72,10954,   0,11027
ER,11015,   3,   8
EC,  78,11949,   0,12028
ER,12016,   3,   8
EC,  82,12945,   0,13028
ER,13016,   3,   8
EC,  87,13941,   0,14028
ER,14017,   3,   8
EC,  92,14936,   0,15029
ER,15017,   3,   8
EC,  98,15931,   0,16030
ER,16017,   4,   8
EC, 109,16920,   0,17030
ER,17018,   4,   8
EC, 116,17914,   0,18031
ER,18018,   4,   8
EC, 121,18910,   0,19031
ER,19019,   4,   8
EC, 125,19906,   0,20032
ER,20019,   4,   8
EC, 133,20898,   0,21032
ER,21019,   4,   8
EC, 144,21889,   0,22033
ER,22020,   4,   8
EC, 153,22880,   0,23033
ER,23021,   4,   8
EC, 160,23873,   0,24034
ER,24021,   4,   8
EC, 165,24869,   0,25035
ER,25021,   4,   8
EC, 174,25861,   0,26035
ER,26022,   4,   8
EC, 182,26853,   0,27036
ER,27022,   4,   8
EC, 189,27846,   0,28036
ER,28023,   5,   8
EC, 200,28837,   0,29037
ER,29023,   5,   8
EC, 205,29832,   0,30037
ER,30024,   5,   8
EC, 210,30827,   0,31038
ER,31024,   5,   8
EC, 214,31824,   0,32038
ER,32025,   5,   8
EC, 219,32820,   0,33039
ER,33025,   5,   8
EC, 226,33813,   0,34040
ER,34026,   5,   8
EC, 230,34810,   0,35040
ER,35026,   5,   8
EC, 237,35804,   0,36041
ER,36027,   5,   8
EC, 240,36800,   0,37041
ER,37028,   5,   8
EC, 248,37793,   0,38041
ER,38028,   5,   8
EC, 254,38787,   0,39042
ER,39028,   5,   8
EC, 260,39782,   0,40043
ER,40029,   5,   8
EC, 266,40777,   0,41044
ER,41030,   5,   8
EC, 273,41770,   0,42044
ER,42030,   5,   8
EC, 278,42766,   0,43044
ER,43030,   5,   8
EC, 281,43763,   0,44045
ER,44031,   5,   8
EC, 283,44762,   0,45046
ER,45032,   5,   8
EC, 286,45760,   0,46046
ER,46032,   5,   8
EC, 288,46758,   0,47047
ER,47033,   5,   8
EC, 291,47756,   0,48047
ER,48034,   5,   8
EC, 293,48754,   0,49048
ER,49034,   5,   8
EC, 296,49751,   0,50048
ER,50034,   5,   8
EC, 299,50750,   0,51049
ER,51035,   5,   8
EC, 301,51748,   0,52050
ER,52035,   5,   8
EC, 304,52746,   0,53050
ER,53036,   5,   8
EC, 306,53744,   0,54051
ER,54036,   5,   8
EC, 309,54742,   0,55051
ER,55037,   5,   8
EC, 311,55740,   0,56052
ER,56038,   5,   8
EC, 314,56738,   0,57052
ER,57038,   5,   8
EC, 317,57736,   0,58053
ER,58039,   5,   8
EC, 319,58734,   0,59053
ER,59039,   5,   8
EC, 322,59732,   0,60054
ER,60040,   5,   8
EC, 324,60730,   0,61055
ER,61040,   5,   8
EC, 327,61727,   0,62055
ER,62041,   5,   8
EC, 329,62725,   0,63055
ER,63041,   5,   8
EC, 332,63723,   0,64056
ER,64042,   5,   8
EC, 335,64721,   0,65056
ER,65042,   5,   8
EC, 337,65719,   0,66057
ER,66043,   5,   8
EC, 340,66717,   0,67058
ER,67043,   6,   8
EC, 343,67715,   0,68058
ER,68044,   6,   8
EC, 345,68713,   0,69059
ER,69044,   6,   8
EC, 348,69711,   0,70060
ER,70045,   6,   8
EC, 350,70709,   0,71060
ER,71045,   6,   8
EC, 353,71707,   0,72061
ER,72046,   6,   8
EC, 355,72705,   0,73061
ER,73047,   6,   8
EC, 358,73703,   0,74062
ER,74047,   6,   8
EC, 361,74701,   0,75062
ER,75047,   6,   8
EC, 363,75699,   0,76063
ER,76048,   6,   8
EC, 366,76697,   0,77063
ER,77049,   6,   8
EC, 368,77695,   0,78064
ER,78049,   6,   8
EC, 371,78693,   0,79064
ER,79050,   6,   8
EC, 373,79692,   0,80065
ER,80050,   6,   8
EC, 375,80690,   0,81066
ER,81051,   6,   8
EC, 378,81688,   0,82066
ER,82051,   6,   8
EC, 380,82686,   0,83067
ER,83052,   6,   8
EC, 383,83684,   0,84067
ER,84053,   6,   8
EC, 385,84682,   0,85068
ER,85053,   6,   8
EC, 388,85680,   0,86068
ER,86054,   6,   8
EC, 390,86678,   0,87069
ER,87054,   6,   8
EC, 393,87676,   0,88069
ER,88055,   6,   8
EC, 395,88674,   0,89070
ER,89055,   6,   8
EC, 398,89672,   0,90070
ER,90056,   6,   8
EC, 400,90670,   0,91071
ER,91056,   6,   8
EC, 403,91668,   0,92072
ER,92057,   6,   8
EC, 406,92666,   0,93072
ER,93058,   6,   8
EC, 409,93664,   0,94073
ER,94058,   6,   8
EC, 411,94662,   0,95073
ER,95058,   6,   8
EC, 414,95660,   0,96074
ER,96059,   6,   8
EC, 416,96658,   0,97074
ER,97059,   6,   8
EC, 419,97655,   0,98074
ER,98059,   6,   8
EC, 421,98653,   0,99075
ER,99060,   6,   8
EC, 424,99651,   0,100075
ER,100060,   7,   8
EC, 427,100648,   0,101076
ER,101061,   7,   8
EC, 430,101646,   0,102076
ER,102061,   7,   8
EC, 433,102645,   0,103078
ER,103062,   7,   8
EC, 435,103642,   0,104078
ER,104063,   7,   8
EC, 438,104640,   0,105079
ER,105063,   7,   8
EC, 440,105638,   0,106079
ER,106064,   7,   8
EC, 443,106636,   0,107080
ER,107064,   7,   8
EC, 446,107634,   0,108080
ER,108065,   7,   8
EC, 448,108632,   0,109081
ER,109065,   7,   8
EC, 451,109629,   0,110081
ER,110065,   7,   8
EC, 454,110628,   0,111082
ER,111066,   7,   8
EC, 456,111626,   0,112083
ER,112067,   7,   8
EC, 459,112624,   0,113083
ER,113067,   7,   8
EC, 461,113622,   0,114084
ER,114068,   7,   8
EC, 464,114620,   0,115084
ER,115068,   7,   8
EC, 467,115617,   0,116084
ER,116068,   7,   8
EC, 470,116615,   0,117085
ER,117069,   7,   8
EC, 472,117613,   0,118086
ER,118070,   7,   8
EC, 475,118611,   0,119086
ER,119070,   7,   8
EC, 477,119609,   0,120087
ER,120071,   7,   8
EC, 480,120607,   0,121088
ER,121071,   7,   8
EC, 482,121605,   0,122088
ER,122072,   7,   8
EC, 485,122603,   0,123088
ER,123072,   7,   8
EC, 488,123600,   0,124089
ER,124073,   7,   8
EC, 491,124598,   0,125089
ER,125073,   7,   8
EC, 494,125595,   0,126090
ER,126074,   7,   8
EC, 496,126594,   0,127091
ER,127075,   7,   8
EC, 499,127592,   0,128091
ER,128075,   7,   8
EC, 501,128590,   0,129092
ER,129076,   7,   8
EC, 504,129588,   0,130092
ER,130076,   7,   8
EC, 507,130586,   0,131093
ER,131077,   7,   8
EC, 509,131584,   0,132094
ER,132078,   7,   8
EC, 512,132582,   0,133094
ER,133078,   7,   8
EC, 514,133579,   0,134094
ER,134078,   7,   8
EC, 517,134577,   0,135095
ER,135079,   7,   8
EC, 520,135575,   0,136095
ER,136079,   7,   8
EC, 522,136574,   0,137096
ER,137080,   7,   8
EC, 525,137572,   0,138097
ER,138081,   7,   8
EC, 527,138570,   0,139097
ER,139081,   7,   8
EC, 530,139567,   0,140098
ER,140082,   7,   8
EC, 533,140565,   0,141098
ER,141082,   7,   8
EC, 535,141563,   0,142099
ER,142082,   7,   8
EC, 538,142561,   0,143099
ER,143083,   7,   8
EC, 540,143559,   0,144100
ER,144083,   7,   8
EC, 543,144557,   0,145101
ER,145085,   7,   8
EC, 546,145555,   0,146101
ER,146085,   7,   8
EC, 548,146553,   0,147102
ER,147086,   7,   8
EC, 551,147551,   0,148102
ER,148086,   7,   8
EC, 553,148549,   0,149103
ER,149087,   7,   8
EC, 556,149547,   0,150103
ER,150087,   7,   8
EC, 558,150545,   0,151104
ER,151088,   7,   8
EC, 561,151543,   0,152105
ER,152089,   7,   8
EC, 564,152540,   0,153105
ER,153089,   7,   8
EC, 567,153538,   0,154106
ER,154090,   7,   8
EC, 570,154536,   0,155106
ER,155090,   7,   8
EC, 572,155534,   0,156107
ER,156091,   7,   8
EC, 575,156532,   0,157107
ER,157091,   8,   8
EC, 578,157530,   0,158108
ER,158091,   8,   8
EC, 580,158528,   0,159108
ER,159092,   8,   8
EC, 583,159526,   0,160109
ER,160093,   8,   8
EC, 585,160524,   0,161110
ER,161093,   8,   8
EC, 588,161522,   0,162110
ER,162094,   8,   8
EC, 591,162520,   0,163111
ER,163094,   8,   8
EC, 593,163517,   0,164111
ER,164094,   8,   8
EC, 596,164515,   0,165112
ER,165095,   8,   8
EC, 598,165513,   0,166112
ER,166096,   8,   8
EC, 601,166511,   0,167113
ER,167096,   8,   8
EC, 604,167509,   0,168113
ER,168097,   8,   8
EC, 606,168507,   0,169114
ER,169097,   8,   8
EC, 609,169505,   0,170114
ER,170097,   8,   8
EC, 611,170503,   0,171115
ER,171098,   8,   8
EC, 614,171501,   0,172116
ER,172099,   8,   8
EC, 617,172499,   0,173116
ER,173099,   8,   8
EC, 620,173497,   0,174117
ER,174100,   8,   8
EC, 622,174495,   0,175117
ER,175100,   8,   8
EC, 625,175492,   0,176117
ER,176100,   8,   8
EC, 628,176490,   0,177118
ER,177101,   8,   8
EC, 630,177488,   0,178119
ER,178102,   8,   8
EC, 633,178486,   0,179119
ER,179102,   8,   8
