TT,07,28,21,17,55,15,704240
pt, 119676704,119676722
S,4681,119676702,119676704,119676722,119676902
EC,6139,176982,   0,183122
ER,183089,  24,   8
decrypt, 119956658,119956678
llego jejeje
encrypt, 119956926,119956940
n,4894,119956924,119956926,119956940,119957122
encrypt, 119957402,119957420
S,4682,119957400,119957402,119957420,119957602
encrypt, 119975446,119975464
S,4681,119975444,119975446,119975464,119975646
encrypt, 120171382,120171402
S,4682,120171382,120171382,120171402,120171584
encrypt, 120572958,120572976
S,4681,120572956,120572958,120572976,120573158
encrypt, 120598088,120598108
S,4682,120598088,120598088,120598108,120598290
EC,6157,177964,   0,184122
ER,184084,  29,   8
EC,6166,178956,   0,185122
ER,185085,  29,   8
encrypt, 121452022,121452042
S,4682,121452020,121[INFO: Main      ] Starting Contiki-NG-release/v4.6-70-g9ff7b4bdb-dirty
[INFO: Main      ] - Routing: RPL Lite
[INFO: Main      ] - Net: sicslowpan
[INFO: Main      ] - MAC: CSMA
[INFO: Main      ] - 802.15.4 PANID: 0xabcd
[INFO: Main      ] - 802.15.4 Default channel: 26
[INFO: Main      ] Node ID: 65491
[INFO: Main      ] Link-layer address: 0012.4b00.1204.ffd3
[INFO: Main      ] Tentative link-local IPv6 address: fe80::212:4b00:1204:ffd3
[INFO: CC26xx/CC13xx] TI CC2650 SensorTag
[INFO: CC26xx/CC13xx]  RF: Channel 26, PANID 0xABCD
EC,  23, 998,   0,1022
ER,1013,   0,   8
EC,  26,1996,   0,2022
ER,2014,   0,   8
EC,  29,2993,   0,3022
ER,3013,   1,   8
decrypt, 2277448,2277466
encrypt, 2277794,2277812
htfin:2277972
#,#decrypt, 2287042,2287060
encrypt, 2287212,2287226
p,13368,2287212,2287214,2287226,2287386
EC,  36,3986,   0,4023
ER,4010,   4,   8
EC,  42,4981,   0,5023
ER,5010,   4,   8
EC,  46,5977,   0,6024
ER,6011,   4,   8
EC,  51,6973,   0,7025
ER,7011,   5,   8
EC,  55,7970,   0,8025
ER,8012,   5,   8
EC,  62,8963,   0,9025
ER,9012,   5,   8
EC,  66,9960,   0,10026
ER,10012,   5,   8
EC,  72,10955,   0,11027
ER,11013,   5,   8
EC,  79,11948,   0,12027
ER,12013,   5,   8
EC,  86,12941,   0,13028
ER,13014,   5,   8
EC,  92,13936,   0,14028
ER,14014,   5,   8
EC,  96,14933,   0,15029
ER,15015,   5,   8
EC, 100,15929,   0,16030
ER,16015,   6,   8
EC, 104,16926,   0,17030
ER,17016,   6,   8
EC, 110,17920,   0,18031
ER,18016,   6,   8
EC, 113,18917,   0,19031
ER,19016,   6,   8
EC, 121,19910,   0,20031
ER,20017,   6,   8
EC, 125,20907,   0,21032
ER,21017,   6,   8
EC, 129,21903,   0,22033
ER,22018,   6,   8
EC, 133,22900,   0,23033
ER,23019,   6,   8
EC, 137,23896,   0,24034
ER,24019,   6,   8
EC, 142,24892,   0,25035
ER,25020,   6,   8
EC, 145,25889,   0,26035
ER,26020,   6,   8
EC, 150,26885,   0,27036
ER,27020,   6,   8
EC, 155,27880,   0,28036
ER,28021,   6,   8
EC, 160,28876,   0,29037
ER,29022,   6,   8
EC, 166,29870,   0,30037
ER,30022,   6,   8
EC, 170,30867,   0,31038
ER,31022,   7,   8
EC, 174,31863,   0,32038
ER,32023,   7,   8
EC, 179,32859,   0,33039
ER,33023,   7,   8
decrypt, 21955952,21955970
llego jejeje
encrypt, 21956208,21956220
n,13376,21956206,21956208,21956220,21956390
encrypt, 21956654,21956672
S,1239,21956652,21956654,21956672,21956842
encrypt, 22240548,22240566
S,1239,22240546,22240548,22240566,22240738
EC, 187,33852,   0,34040
ER,34023,   8,   8
encrypt, 22807826,22807844
S,1239,22807824,22807826,22807844,22808016
EC, 191,34848,   0,35040
ER,35023,   8,   8
EC, 197,35842,   0,36040
ER,36023,   8,   8
encrypt, 23941470,23941488
S,1239,23941468,23941470,23941488,23941660
EC, 202,36839,   0,37041
ER,37024,   9,   8
EC, 207,37835,   0,38042
ER,38024,   9,   8
EC, 214,38828,   0,39042
ER,39025,   9,   8
encrypt, 26208054,26208072
S,1239,26208052,26208054,26208072,26208244
EC, 219,39823,   0,40043
ER,40025,   9,   8
EC, 223,40820,   0,41043
ER,41025,   9,   8
EC, 227,41817,   0,42044
ER,42026,   9,   8
EC, 232,42812,   0,43045
ER,43026,   9,   8
EC, 236,43809,   0,44045
ER,44027,   9,   8
EC, 239,44806,   0,45046
ER,45027,   9,   8
EC, 244,45801,   0,46046
ER,46028,   9,   8
EC, 248,46798,   0,47047
ER,47028,   9,   8
EC, 253,47794,   0,48047
ER,48029,   9,   8
EC, 257,48790,   0,49048
ER,49030,   9,   8
EC, 261,49786,   0,50048
ER,50030,   9,   8
EC, 268,50780,   0,51048
ER,51030,   9,   8
EC, 271,51778,   0,52049
ER,52031,   9,   8
EC, 275,52774,   0,53050
ER,53032,   9,   8
EC, 281,53769,   0,54051
ER,54032,   9,   8
EC, 286,54765,   0,55051
ER,55032,  10,   8
EC, 290,55762,   0,56052
ER,56033,  10,   8
EC, 293,56759,   0,57052
ER,57034,  10,   8
EC, 298,57755,   0,58053
ER,58034,  10,   8
EC, 301,58752,   0,59053
ER,59035,  10,   8
EC, 306,59748,   0,60054
ER,60035,  10,   8
EC, 309,60745,   0,61054
ER,61036,  10,   8
EC, 314,61741,   0,62055
ER,62036,  10,   8
EC, 319,62737,   0,63056
ER,63037,  10,   8
decrypt, 41615570,41615588
llego jejeje
encrypt, 41615826,41615838
n,13382,41615824,41615826,41615838,41616008
encrypt, 41616272,41616290
S,1240,41616270,41616272,41616290,41616460
encrypt, 41826134,41826152
S,1240,41826132,41826134,41826152,41826324
EC, 326,63730,   0,64056
ER,64036,  11,   8
encrypt, 42245490,42245508
S,1240,42245488,42245490,42245508,42245680
EC, 331,64725,   0,65057
ER,65037,  11,   8
encrypt, 43083648,43083666
S,1240,43083646,43083648,43083666,43083838
EC, 336,65721,   0,66057
ER,66037,  12,   8
EC, 340,66717,   0,67057
ER,67037,  12,   8
EC, 344,67714,   0,68058
ER,68038,  12,   8
encrypt, 44759426,44759444
S,1240,44759424,44759426,44759444,44759616
EC, 348,68710,   0,69059
ER,69038,  12,   8
EC, 352,69707,   0,70059
ER,70039,  12,   8
EC, 356,70703,   0,71060
ER,71039,  12,   8
EC, 360,71700,   0,72061
ER,72040,  12,   8
EC, 364,72697,   0,73061
ER,73040,  12,   8
EC, 370,73690,   0,74061
ER,74040,  12,   8
EC, 376,74686,   0,75062
ER,75041,  12,   8
EC, 380,75682,   0,76063
ER,76042,  12,   8
EC, 386,76677,   0,77063
ER,77043,  12,   8
EC, 389,77675,   0,78064
ER,78043,  12,   8
EC, 393,78671,   0,79064
ER,79044,  12,   8
EC, 399,79665,   0,80065
ER,80044,  12,   8
EC, 403,80662,   0,81066
ER,81045,  12,   8
EC, 407,81658,   0,82066
ER,82045,  12,   8
EC, 412,82654,   0,83067
ER,83046,  12,   8
EC, 417,83650,   0,84067
ER,84047,  12,   8
EC, 421,84647,   0,85068
ER,85047,  12,   8
EC, 424,85643,   0,86068
ER,86047,  12,   8
EC, 430,86638,   0,87069
ER,87048,  12,   8
EC, 435,87634,   0,88069
ER,88048,  12,   8
EC, 440,88630,   0,89070
ER,89049,  12,   8
EC, 444,89626,   0,90071
ER,90050,  12,   8
EC, 448,90622,   0,91071
ER,91050,  12,   8
EC, 453,91618,   0,92072
ER,92051,  12,   8
EC, 457,92614,   0,93072
ER,93051,  12,   8
decrypt, 61275916,61275936
llego jejeje
encrypt, 61276172,61276186
n,13388,61276172,61276172,61276186,61276356
encrypt, 61276620,61276638
S,1241,61276618,61276620,61276638,61276808
encrypt, 61544978,61544996
S,1241,61544976,61544978,61544996,61545168
EC, 464,93608,   0,94073
ER,94051,  13,   8
encrypt, 62081526,62081546
S,1241,62081524,62081526,62081546,62081716
EC, 468,94604,   0,95073
ER,95051,  14,   8
EC, 473,95600,   0,96073
ER,96051,  14,   8
encrypt, 63153092,63153110
S,1241,63153090,63153092,63153110,63153282
EC, 477,96597,   0,97074
ER,97052,  14,   8
EC, 483,97590,   0,98074
ER,98052,  14,   8
EC, 487,98587,   0,99075
ER,99051,  15,   8
encrypt, 65294810,65294828
S,1241,65294808,65294810,65294828,65295000
EC, 493,99583,   0,100076
ER,100052,  15,   8
EC, 498,100578,   0,101076
ER,101052,  15,   8
EC, 502,101574,   0,102076
ER,102053,  15,   8
EC, 506,102571,   0,103078
ER,103054,  15,   8
EC, 512,103565,   0,104078
ER,104054,  15,   8
EC, 516,104562,   0,105079
ER,105055,  15,   8
EC, 521,105557,   0,106079
ER,106055,  15,   8
EC, 525,106554,   0,107080
ER,107056,  15,   8
EC, 529,107551,   0,108080
ER,108057,  15,   8
EC, 532,108548,   0,109081
ER,109057,  15,   8
EC, 538,109543,   0,110081
ER,110057,  15,   8
EC, 542,110539,   0,111082
ER,111058,  15,   8
EC, 546,111536,   0,112083
ER,112059,  15,   8
EC, 550,112533,   0,113083
ER,113059,  15,   8
EC, 556,113527,   0,114083
ER,114059,  15,   8
EC, 561,114523,   0,115084
ER,115060,  15,   8
EC, 566,115518,   0,116085
ER,116061,  15,   8
EC, 571,116513,   0,117085
ER,117061,  15,   8
EC, 577,117507,   0,118085
ER,118061,  15,   8
EC, 581,118504,   0,119086
ER,119062,  15,   8
EC, 589,119496,   0,120086
ER,120063,  15,   8
EC, 594,120493,   0,121087
ER,121063,  15,   8
EC, 599,121488,   0,122087
ER,122064,  15,   8
EC, 610,122478,   0,123088
ER,123065,  15,   8
decrypt, 80937276,80937294
llego jejeje
encrypt, 80937532,80937544
n,13394,80937530,80937532,80937544,80937714
encrypt, 80937978,80937996
S,1242,80937976,80937978,80937996,80938166
encrypt, 81224716,81224734
S,1242,81224714,81224716,81224734,81224906
EC, 618,123471,   0,124089
ER,124063,  16,   8
encrypt, 81798414,81798432
S,1242,81798412,81798414,81798432,81798604
EC, 622,124467,   0,125089
ER,125064,  17,   8
EC, 626,125463,   0,126090
ER,126064,  17,   8
encrypt, 82943998,82944018
S,1242,82943996,82943998,82944018,82944188
EC, 632,126458,   0,127090
ER,127064,  17,   8
EC, 637,127453,   0,128091
ER,128065,  17,   8
EC, 642,128448,   0,129091
ER,129066,  17,   8
EC, 649,129442,   0,130092
ER,130066,  17,   8
encrypt, 85233218,85233236
S,1242,85233216,85233218,85233236,85233408
EC, 656,130437,   0,131093
ER,131067,  17,   8
EC, 660,131432,   0,132093
ER,132067,  17,   8
EC, 664,132429,   0,133094
ER,133067,  17,   8
EC, 669,133425,   0,134095
ER,134068,  17,   8
EC, 679,134416,   0,135095
ER,135069,  17,   8
EC, 687,135408,   0,136095
ER,136069,  17,   8
EC, 691,136404,   0,137096
ER,137070,  17,   8
EC, 698,137398,   0,138096
ER,138070,  17,   8
EC, 704,138392,   0,139097
ER,139071,  17,   8
EC, 707,139390,   0,140097
ER,140071,  17,   8
EC, 712,140386,   0,141098
ER,141072,  17,   8
EC, 716,141382,   0,142099
ER,142072,  17,   8
EC, 720,142379,   0,143099
ER,143073,  17,   8
EC, 724,143376,   0,144100
ER,144074,  17,   8
EC, 727,144373,   0,145100
ER,145074,  17,   8
EC, 731,145369,   0,146101
ER,146075,  17,   8
EC, 735,146366,   0,147101
ER,147075,  17,   8
EC, 745,147357,   0,148102
ER,148076,  17,   8
EC, 748,148354,   0,149102
ER,149076,  17,   8
EC, 753,149350,   0,150103
ER,150077,  17,   8
EC, 761,150342,   0,151103
ER,151077,  17,   8
EC, 765,151339,   0,152104
ER,152078,  17,   8
EC, 771,152333,   0,153105
ER,153079,  17,   8
decrypt, 100597356,100597374
llego jejeje
encrypt, 100597624,100597636
n,13400,100597622,100597624,100597636,100597818
encrypt, 100598104,100598122
S,1243,100598102,100598104,100598122,100598304
encrypt, 100884218,100884236
S,1243,100884216,100884218,100884236,100884418
EC, 779,153326,   0,154106
ER,154078,  18,   8
encrypt, 101455954,101455972
S,1243,101455952,101455954,101455972,101456154
EC, 784,154321,   0,155106
ER,155078,  19,   8
EC, 791,155315,   0,156106
ER,156079,  19,   8
encrypt, 102599110,102599128
S,1243,102599108,102599110,102599128,102599310
EC, 801,156305,   0,157107
ER,157079,  19,   8
EC, 805,157302,   0,158107
ER,158079,  19,   8
EC, 810,158297,   0,159108
ER,159080,  19,   8
EC, 815,159293,   0,160108
ER,160081,  19,   8
encrypt, 104883300,104883318
S,1243,104883298,104883300,104883318,104883500
EC, 821,160288,   0,161109
ER,161081,  19,   8
EC, 826,161283,   0,162110
ER,162081,  20,   8
EC, 830,162279,   0,163110
ER,163082,  20,   8
EC, 835,163276,   0,164111
ER,164082,  20,   8
EC, 840,164270,   0,165111
ER,165083,  20,   8
EC, 844,165267,   0,166112
ER,166083,  20,   8
EC, 848,166264,   0,167112
ER,167084,  20,   8
EC, 854,167259,   0,168113
ER,168084,  20,   8
EC, 858,168255,   0,169113
ER,169085,  20,   8
EC, 862,169251,   0,170114
ER,170085,  20,   8
EC, 868,170246,   0,171115
ER,171086,  20,   8
EC, 873,171241,   0,172115
ER,172087,  20,   8
EC, 878,172238,   0,173116
ER,173087,  20,   8
EC, 885,173231,   0,174116
ER,174088,  20,   8
EC, 889,174227,   0,175117
ER,175088,  20,   8
EC, 894,175223,   0,176117
ER,176088,  20,   8
EC, 898,176219,   0,177118
ER,177089,  20,   8
EC, 903,177215,   0,178118
ER,178090,  20,   8
EC, 907,178211,   0,179119
ER,179090,  20,   8
