TT,07,28,21,18,58,15,162751
-release/v4.6-70-g9ff7b4bdb-dirty
[INFO: Main      ] - Routing: RPL Lite
[INFO: Main      ] - Net: sicslowpan
[INFO: Main      ] - MAC: CSMA
[INFO: Main      ] - 802.15.4 PANID: 0xabcd
[INFO: Main      ] - 802.15.4 Default channel: 26
[INFO: Main      ] Node ID: 56377
[INFO: Main      ] Link-layer address: 0012.4b00.1204[[INFO: Main      ] Starting Contiki-NG-release/v4.6-70-g9ff7b4bdb-dirty
[INFO: Main      ] - Routing: RPL Lite
[INFO: Main      ] - Net: sicslowpan
[INFO: Main      ] - MAC: CSMA
[INFO: Main      ] - 802.15.4 PANID: 0xabcd
[INFO: Main      ] - 802.15.4 Default channel: 26
[INFO: Main      ] Node ID: 56377
[INFO: Main      ] Link-layer address: 0012.4b00.1204.dc39
[INFO: Main      ] Tentative link-local IPv6 address: fe80::212:4b00:1204:dc39
[INFO: CC26xx/CC13xx] TI CC2650 SensorTag
[INFO: CC26xx/CC13xx]  RF: Channel 26, PANID 0xABCD
EC,  30, 992,   0,1022
ER,1013,   0,   8
decrypt, 1155008,1155022
encrypt, 1155348,1155360
htfin:1155520
#,#decrypt, 1162688,1162700
encrypt, 1162852,1162864
t,64364,1162850,0,0,1163022
EC,  43,1979,   0,2022
ER,2010,   3,   8
EC,  55,2967,   0,3022
ER,3010,   4,   8
EC, 106,3917,   0,4023
ER,3932,  82,   8
EC, 149,4874,   0,5023
ER,4870, 144,   8
EC, 209,5814,   0,6024
ER,5777, 238,   8
EC, 249,6774,   0,7024
ER,6718, 298,   8
decrypt, 5102772,5102784
encrypt, 5102940,5102950
t,64368,5102938,0,0,5103108
EC, 305,7720,   0,8025
ER,7632, 384,   8
decrypt, 5381624,5381638
encrypt, 5381792,5381802
t,64368,5381790,0,0,5381960
EC, 346,8679,   0,9025
ER,8576, 441,   8
EC, 394,9631,   0,10026
ER,9504, 513,   8
EC, 446,10580,   0,11026
ER,10423, 595,   8
EC, 501,11526,   0,12027
ER,11335, 683,   8
EC, 540,12487,   0,13028
ER,12285, 734,   8
decrypt, 9044126,9044138
encrypt, 9044292,9044302
t,64369,9044290,0,0,9044462
EC, 593,13435,   0,14028
ER,13203, 817,   8
EC, 640,14388,   0,15029
ER,14133, 887,   8
EC, 688,15340,   0,16029
ER,15064, 957,   8
EC, 748,16282,   0,17031
ER,15967,1055,   8
EC, 792,17238,   0,18030
ER,16904,1117,   8
EC, 846,18184,   0,19031
ER,17818,1204,   8
decrypt, 12962872,12962884
encrypt, 12963050,12963060
t,64370,12963048,0,0,12963230
EC, 896,19136,   0,20032
ER,18748,1275,   8
EC, 936,20096,   0,21032
ER,19689,1335,   8
EC, 993,21039,   0,22032
ER,20600,1424,   8
EC,1055,21979,   0,23034
ER,21507,1518,   8
EC,1114,22919,   0,24034
ER,22416,1609,   8
EC,1169,23865,   0,25034
ER,23329,1697,   8
decrypt, 16895582,16895596
encrypt, 16895760,16895770
t,64371,16895758,0,0,16895940
EC,1223,24812,   0,26035
ER,24246,1780,   8
EC,1273,25762,   0,27035
ER,25170,1857,   8
EC,1316,26720,   0,28036
ER,26111,1916,   8
EC,1371,27665,   0,29037
ER,27026,2002,   8
EC,1417,28620,   0,30037
ER,27954,2075,   8
EC,1474,29563,   0,31037
ER,28867,2162,   8
decrypt, 20827268,20827280
encrypt, 20827446,20827456
t,64372,20827444,0,0,20827626
EC,1536,30502,   0,32038
ER,29776,2254,   8
EC,1580,31458,   0,33039
ER,30713,2317,   8
EC,1639,32400,   0,34040
ER,31618,2413,   8
EC,1688,33351,   0,35040
ER,32542,2489,   8
EC,1732,34307,   0,36040
ER,33481,2550,   8
EC,1784,35256,   0,37041
ER,34408,2624,   8
decrypt, 24766330,24766344
encrypt, 24766508,24766518
t,64374,24766508,0,0,24766690
EC,1832,36209,   0,38041
ER,35341,2691,   8
EC,1891,37151,   0,39042
ER,36255,2778,   8
EC,1935,38107,   0,40042
ER,37190,2844,   8
EC,1990,39053,   0,41043
ER,38110,2924,   8
EC,2031,40012,   0,42044
ER,39058,2977,   8
EC,2088,40955,   0,43044
ER,39977,3058,   8
decrypt, 28697300,28697312
encrypt, 28697478,28697488
t,64375,28697476,0,0,28697656
EC,2147,41897,   0,44045
ER,40893,3143,   8
EC,2205,42840,   0,45045
ER,41811,3226,   8
EC,2261,43785,   0,46046
ER,42726,3311,   8
EC,2314,44732,   0,47046
ER,43643,3394,   8
EC,2366,45681,   0,48047
ER,44570,3468,   8
EC,2426,46621,   0,49047
ER,45483,3555,   8
decrypt, 32623722,32623736
encrypt, 32623900,32623910
t,64376,32623900,0,0,32624082
EC,2483,47564,   0,50048
ER,46394,3645,   8
EC,2528,48520,   0,51048
ER,47329,3710,   8
EC,2574,49475,   0,52049
ER,48265,3775,   8
EC,2626,50424,   0,53050
ER,49191,3850,   8
EC,2680,51370,   0,54050
ER,50106,3935,   8
EC,2723,52327,   0,55051
ER,51048,3993,   8
decrypt, 36556576,36556588
encrypt, 36556754,36556764
t,64377,36556752,0,0,36556934
EC,2768,53283,   0,56051
ER,51987,4055,   8
EC,2820,54232,   0,57052
ER,52909,4135,   8
EC,2851,55201,   0,58052
ER,53871,4172,   8
EC,2890,56162,   0,59053
ER,54814,4230,   8
EC,2933,57120,   0,60053
ER,55751,4293,   8
EC,2987,58066,   0,61054
ER,56665,4380,   8
decrypt, 40489800,40489812
encrypt, 40489978,40489988
t,64378,40489976,0,0,40490156
EC,3025,59029,   0,62055
ER,57611,4435,   8
EC,3081,59974,   0,63056
ER,58528,4518,   8
EC,3123,60933,   0,64056
ER,59467,4580,   8
EC,3169,61887,   0,65056
ER,60394,4654,   8
EC,3221,62836,   0,66057
ER,61314,4735,   8
EC,3275,63782,   0,67057
ER,62229,4819,   8
decrypt, 44423532,44423544
encrypt, 44423710,44423720
t,64380,44423708,0,0,44423890
EC,3334,64723,   0,68058
ER,63136,4913,   8
EC,3366,65692,   0,69059
ER,64093,4957,   8
EC,3424,66635,   0,70059
ER,65002,5048,   8
EC,3460,67599,   0,71059
ER,65949,5101,   8
EC,3503,68557,   0,72060
ER,66887,5165,   8
EC,3540,69520,   0,73061
ER,67835,5217,   8
decrypt, 48353170,48353184
encrypt, 48353350,48353360
t,64381,48353348,0,0,48353528
EC,3581,70480,   0,74061
ER,68776,5276,   8
EC,3611,71451,   0,75062
ER,69738,5316,   8
EC,3620,72442,   0,76063
ER,70738,5316,   8
EC,3629,73434,   0,77063
ER,71739,5316,   8
EC,3638,74425,   0,78064
ER,72740,5316,   8
EC,3647,75416,   0,79064
ER,73740,5316,   8
decrypt, 52285370,52285382
encrypt, 52285548,52285558
t,64382,52285546,0,0,52285728
EC,3657,76407,   0,80065
ER,74740,5316,   8
EC,3666,77398,   0,81065
ER,75741,5316,   8
EC,3675,78390,   0,82066
ER,76741,5316,   8
EC,3684,79381,   0,83066
ER,77742,5316,   8
EC,3693,80373,   0,84067
ER,78743,5316,   8
EC,3703,81364,   0,85067
ER,79743,5316,   8
decrypt, 56219104,56219116
encrypt, 56219282,56219292
t,64383,56219280,0,0,56219462
EC,3713,82355,   0,86068
ER,80743,5316,   8
EC,3722,83346,   0,87069
ER,81744,5316,   8
EC,3731,84338,   0,88069
ER,82744,5316,   8
EC,3740,85329,   0,89070
ER,83745,5316,   8
EC,3749,86321,   0,90070
ER,84746,5316,   8
EC,3758,87312,   0,91071
ER,85746,5316,   8
decrypt, 60148912,60148924
encrypt, 60149090,60149100
t,64384,60149088,0,0,60149270
EC,3768,88303,   0,92072
ER,86746,5316,   8
EC,3777,89294,   0,93072
ER,87747,5316,   8
EC,3787,90285,   0,94072
ER,88746,5318,   8
EC,3796,91276,   0,95073
ER,89745,5319,   8
EC,3805,92268,   0,96074
ER,90746,5319,   8
EC,3815,93259,   0,97074
ER,91746,5319,   8
decrypt, 64080944,64080956
encrypt, 64081122,64081132
t,64386,64081120,0,0,64081302
EC,3825,94249,   0,98074
ER,92746,5319,   8
EC,3834,95241,   0,99075
ER,93747,5319,   8
EC,3843,96232,   0,100076
ER,94747,5319,   8
EC,3852,97224,   0,101076
ER,95748,5320,   8
EC,3861,98215,   0,102077
ER,96748,5320,   8
EC,3870,99206,   0,103077
ER,97749,5320,   8
decrypt, 68014676,68014688
encrypt, 68014854,68014864
t,64387,68014852,0,0,68015034
EC,3881,100196,   0,104078
ER,98749,5320,   8
EC,3890,101188,   0,105078
ER,99750,5320,   8
EC,3899,102179,   0,106079
ER,100750,5320,   8
EC,3908,103170,   0,107079
ER,101750,5320,   8
EC,3918,104162,   0,108080
ER,102751,5320,   8
EC,3927,105153,   0,109081
ER,103751,5320,   8
decrypt, 71945850,71945862
encrypt, 71946028,71946038
t,64388,71946026,0,0,71946208
EC,3937,106144,   0,110081
ER,104752,5321,   8
EC,3946,107135,   0,111082
ER,105752,5321,   8
EC,3955,108127,   0,112083
ER,106753,5321,   8
EC,3964,109118,   0,113083
ER,107753,5321,   8
EC,3973,110110,   0,114084
ER,108754,5321,   8
EC,3982,111101,   0,115084
ER,109754,5321,   8
decrypt, 75878560,75878574
encrypt, 75878740,75878748
t,64389,75878738,0,0,75878920
EC,3992,112092,   0,116085
ER,110755,5321,   8
EC,4001,113083,   0,117085
ER,111755,5321,   8
EC,4010,114075,   0,118086
ER,112756,5321,   8
EC,4020,115066,   0,119086
ER,113756,5321,   8
EC,4029,116058,   0,120087
ER,114757,5321,   8
EC,4038,117049,   0,121087
ER,115757,5321,   8
decrypt, 79811784,79811796
encrypt, 79811962,79811972
t,64390,79811960,0,0,79812142
EC,4048,118040,   0,122088
ER,116758,5321,   8
EC,4057,119031,   0,123088
ER,117758,5321,   8
EC,4067,120022,   0,124089
ER,118757,5323,   8
EC,4076,121013,   0,125089
ER,119757,5323,   8
EC,4085,122004,   0,126090
ER,120758,5323,   8
EC,4095,122996,   0,127091
ER,121758,5324,   8
decrypt, 83742958,83742970
encrypt, 83743136,83743146
t,64392,83743134,0,0,83743316
EC,4105,123986,   0,128091
ER,122758,5324,   8
EC,4114,124977,   0,129092
ER,123758,5324,   8
EC,4123,125969,   0,130092
ER,124759,5324,   8
EC,4132,126960,   0,131093
ER,125759,5325,   8
EC,4141,127952,   0,132093
ER,126760,5325,   8
EC,4150,128943,   0,133094
ER,127761,5325,   8
decrypt, 87674646,87674660
encrypt, 87674824,87674834
t,64393,87674824,0,0,87675006
EC,4160,129934,   0,134095
ER,128761,5325,   8
EC,4169,130925,   0,135095
ER,129761,5325,   8
EC,4178,131917,   0,136096
ER,130762,5325,   8
EC,4188,132908,   0,137096
ER,131762,5325,   8
EC,4197,133899,   0,138097
ER,132763,5325,   8
EC,4206,134890,   0,139097
ER,133763,5325,   8
decrypt, 91606484,91606496
encrypt, 91606662,91606672
t,64394,91606660,0,0,91606844
EC,4216,135881,   0,140098
ER,134763,5326,   8
EC,4226,136872,   0,141098
ER,135764,5326,   8
EC,4235,137864,   0,142099
ER,136765,5326,   8
EC,4244,138855,   0,143099
ER,137765,5326,   8
EC,4253,139847,   0,144100
ER,138766,5326,   8
EC,4262,140838,   0,145100
ER,139766,5326,   8
decrypt, 95541602,95541614
encrypt, 95541780,95541790
t,64395,95541778,0,0,95541962
EC,4272,141829,   0,146101
ER,140766,5326,   8
EC,4281,142820,   0,147101
ER,141766,5326,   8
EC,4290,143812,   0,148102
ER,142767,5326,   8
EC,4299,144803,   0,149103
ER,143767,5326,   8
EC,4308,145795,   0,150103
ER,144768,5326,   8
EC,4318,146786,   0,151104
ER,145768,5326,   8
decrypt, 99471240,99471254
encrypt, 99471420,99471430
t,64396,99471418,0,0,99471600
EC,4328,147776,   0,152105
ER,146769,5327,   8
EC,4337,148768,   0,153105
ER,147769,5327,   8
EC,4346,149758,   0,154105
ER,148768,5328,   8
EC,4356,150749,   0,155106
ER,149768,5329,   8
EC,4365,151741,   0,156107
ER,150769,5329,   8
EC,4374,152732,   0,157107
ER,151769,5329,   8
decrypt, 103404462,103404476
encrypt, 103404652,103404662
t,64398,103404650,0,0,103404844
EC,4385,153723,   0,158108
ER,152769,5330,   8
EC,4394,154714,   0,159108
ER,153770,5330,   8
EC,4403,155706,   0,160109
ER,154771,5330,   8
EC,4412,156697,   0,161109
ER,155770,5330,   8
EC,4421,157688,   0,162110
ER,156771,5330,   8
EC,4430,158680,   0,163111
ER,157772,5330,   8
decrypt, 107337174,107337186
encrypt, 107337364,107337374
t,64399,107337362,0,0,107337556
EC,4440,159670,   0,164111
ER,158772,5330,   8
EC,4449,160661,   0,165111
ER,159772,5330,   8
EC,4459,161653,   0,166112
ER,160773,5330,   8
EC,4468,162644,   0,167112
ER,161773,5330,   8
EC,4477,163636,   0,168113
ER,162774,5330,   8
EC,4486,164627,   0,169114
ER,163774,5330,   8
decrypt, 111270398,111270410
encrypt, 111270588,111270598
t,64400,111270586,0,0,111270780
EC,4496,165618,   0,170114
ER,164775,5331,   8
EC,4505,166609,   0,171115
ER,165775,5331,   8
EC,4514,167601,   0,172115
ER,166776,5331,   8
EC,4523,168592,   0,173116
ER,167776,5331,   8
EC,4533,169583,   0,174116
ER,168776,5331,   8
EC,4542,170575,   0,175117
ER,169777,5331,   8
decrypt, 115199818,115199830
encrypt, 115200008,115200018
t,64401,115200006,0,0,115200200
EC,4553,171565,   0,176118
ER,170777,5332,   8
EC,4562,172555,   0,177118
ER,171777,5332,   8
EC,4571,173547,   0,178119
ER,172777,5332,   8
EC,4580,174538,   0,179119
ER,173778,5332,   8
