TT,07,28,21,20,01,14,019038
-g9ff7b4bdb-dirty
[INFO: Main      ] - Routing: RPL Lite
[INFO: Main      ] - Net: sicslowpan
[INFO: Main      ] - MAC: CSMA
[INFO: Main      ] - 802.15.4 PANID: 0xabcd
[INFO: Main      ] - 802.15.4 Default channel: 26
[INFO: Main      ] Node ID: 56377
[INF[INFO: Main      ] Starting Contiki-NG-release/v4.6-70-g9ff7b4bdb-dirty
[INFO: Main      ] - Routing: RPL Lite
[INFO: Main      ] - Net: sicslowpan
[INFO: Main      ] - MAC: CSMA
[INFO: Main      ] - 802.15.4 PANID: 0xabcd
[INFO: Main      ] - 802.15.4 Default channel: 26
[INFO: Main      ] Node ID: 56377
[INFO: Main      ] Link-layer address: 0012.4b00.1204.dc39
[INFO: Main      ] Tentative link-local IPv6 address: fe80::212:4b00:1204:dc39
[INFO: CC26xx/CC13xx] TI CC2650 SensorTag
[INFO: CC26xx/CC13xx]  RF: Channel 26, PANID 0xABCD
EC,  23, 998,   0,1021
ER,1012,   0,   8
decrypt, 1130636,1130650
encrypt, 1130976,1130988
htfin:1131148
#,#decrypt, 1134142,1134154
encrypt, 1134308,1134320
t,26390,1134306,0,0,1134478
EC,  29,1993,   0,2022
ER,2010,   3,   8
EC,  31,2991,   0,3022
ER,3009,   4,   8
EC,  56,3966,   0,4023
ER,3967,  47,   8
EC,  82,4942,   0,5024
ER,4926,  89,   8
EC, 111,5913,   0,6024
ER,5886, 130,   8
EC, 137,6887,   0,7025
ER,6841, 175,   8
decrypt, 5068716,5068728
encrypt, 5068882,5068892
t,26394,5068880,0,0,5069050
EC, 164,7861,   0,8025
ER,7800, 217,   8
EC, 191,8834,   0,9026
ER,8757, 260,   8
EC, 225,9801,   0,10026
ER,9715, 302,   8
EC, 256,10770,   0,11026
ER,10673, 345,   8
EC, 283,11744,   0,12027
ER,11630, 388,   8
EC, 309,12718,   0,13028
ER,12587, 432,   8
decrypt, 9003722,9003734
encrypt, 9003890,9003898
t,26395,9003888,0,0,9004058
EC, 335,13692,   0,14028
ER,13546, 473,   8
EC, 366,14662,   0,15029
ER,14503, 517,   8
EC, 392,15637,   0,16029
ER,15461, 559,   8
EC, 418,16611,   0,17030
ER,16421, 600,   8
EC, 444,17586,   0,18031
ER,17380, 642,   8
EC, 470,18561,   0,19031
ER,18337, 685,   8
decrypt, 12935642,12935654
encrypt, 12935820,12935830
t,26396,12935818,0,0,12936000
EC, 496,19534,   0,20031
ER,19296, 727,   8
EC, 522,20509,   0,21032
ER,20254, 769,   8
EC, 548,21485,   0,22033
ER,21213, 811,   8
EC, 573,22459,   0,23033
ER,22172, 852,   8
EC, 599,23435,   0,24034
ER,23131, 895,   8
EC, 627,24407,   0,25035
ER,24089, 937,   8
decrypt, 16867808,16867820
encrypt, 16867986,16867996
t,26397,16867984,0,0,16868166
EC, 654,25380,   0,26035
ER,25047, 979,   8
EC, 680,26355,   0,27035
ER,26005,1022,   8
EC, 706,27330,   0,28036
ER,26964,1063,   8
EC, 731,28305,   0,29036
ER,27923,1105,   8
EC, 757,29280,   0,30037
ER,28882,1146,   8
EC, 782,30255,   0,31037
ER,29841,1188,   8
decrypt, 20796760,20796772
encrypt, 20796938,20796948
t,26398,20796936,0,0,20797118
EC, 809,31228,   0,32038
ER,30799,1231,   8
EC, 835,32203,   0,33039
ER,31756,1274,   8
EC, 862,33177,   0,34039
ER,32713,1317,   8
EC, 888,34152,   0,35040
ER,33671,1360,   8
EC, 913,35126,   0,36040
ER,34629,1402,   8
EC, 940,36101,   0,37041
ER,35587,1445,   8
decrypt, 24729468,24729480
encrypt, 24729646,24729656
t,26400,24729644,0,0,24729826
EC, 967,37074,   0,38041
ER,36544,1488,   8
EC, 992,38049,   0,39042
ER,37504,1529,   8
EC,1018,39024,   0,40043
ER,38464,1570,   8
EC,1044,39999,   0,41043
ER,39423,1612,   8
EC,1070,40974,   0,42044
ER,40381,1654,   8
EC,1100,41945,   0,43045
ER,41338,1698,   8
decrypt, 28662314,28662328
encrypt, 28662492,28662502
t,26401,28662490,0,0,28662672
EC,1127,42918,   0,44045
ER,42296,1741,   8
EC,1152,43893,   0,45045
ER,43255,1782,   8
EC,1178,44868,   0,46046
ER,44213,1824,   8
EC,1204,45842,   0,47046
ER,45170,1868,   8
EC,1230,46817,   0,48047
ER,46128,1911,   8
EC,1255,47791,   0,49047
ER,47085,1954,   8
decrypt, 32593864,32593876
encrypt, 32594042,32594052
t,26402,32594040,0,0,32594222
EC,1282,48766,   0,50048
ER,48044,1995,   8
EC,1308,49740,   0,51048
ER,49004,2036,   8
EC,1333,50716,   0,52049
ER,49963,2078,   8
EC,1359,51690,   0,53050
ER,50920,2121,   8
EC,1385,52665,   0,54051
ER,51878,2163,   8
EC,1411,53639,   0,55051
ER,52837,2204,   8
decrypt, 36528114,36528126
encrypt, 36528292,36528302
t,26403,36528290,0,0,36528470
EC,1438,54613,   0,56051
ER,53795,2247,   8
EC,1463,55588,   0,57052
ER,54755,2288,   8
EC,1489,56563,   0,58052
ER,55714,2329,   8
EC,1515,57537,   0,59053
ER,56673,2372,   8
EC,1541,58512,   0,60053
ER,57631,2414,   8
EC,1566,59487,   0,61054
ER,58591,2455,   8
decrypt, 40457854,40457868
encrypt, 40458034,40458042
t,26404,40458032,0,0,40458212
EC,1595,60459,   0,62054
ER,59549,2497,   8
EC,1621,61434,   0,63055
ER,60509,2538,   8
EC,1647,62408,   0,64056
ER,61467,2580,   8
EC,1673,63383,   0,65056
ER,62426,2621,   8
EC,1701,64355,   0,66057
ER,63383,2665,   8
EC,1727,65330,   0,67057
ER,64342,2706,   8
decrypt, 44390100,44390112
encrypt, 44390278,44390288
t,26406,44390276,0,0,44390458
EC,1753,66304,   0,68058
ER,65301,2748,   8
EC,1780,67278,   0,69058
ER,66258,2791,   8
EC,1805,68253,   0,70059
ER,67217,2833,   8
EC,1831,69228,   0,71059
ER,68175,2876,   8
EC,1856,70203,   0,72060
ER,69134,2917,   8
EC,1882,71178,   0,73061
ER,70093,2960,   8
decrypt, 48324710,48324722
encrypt, 48324888,48324898
t,26407,48324886,0,0,48325068
EC,1909,72152,   0,74061
ER,71050,3002,   8
EC,1934,73127,   0,75062
ER,72010,3044,   8
EC,1960,74102,   0,76062
ER,72967,3086,   8
EC,1986,75077,   0,77063
ER,73927,3127,   8
EC,2012,76051,   0,78063
ER,74884,3170,   8
EC,2037,77026,   0,79064
ER,75842,3213,   8
decrypt, 52254858,52254872
encrypt, 52255038,52255046
t,26408,52255036,0,0,52255218
EC,2065,77999,   0,80064
ER,76798,3258,   8
EC,2091,78973,   0,81065
ER,77756,3300,   8
EC,2117,79948,   0,82065
ER,78714,3342,   8
EC,2143,80923,   0,83066
ER,79673,3384,   8
EC,2168,81898,   0,84067
ER,80631,3426,   8
EC,2194,82873,   0,85067
ER,81591,3467,   8
decrypt, 56186926,56186938
encrypt, 56187104,56187114
t,26409,56187102,0,0,56187282
EC,2221,83847,   0,86068
ER,82550,3509,   8
EC,2246,84822,   0,87068
ER,83508,3551,   8
EC,2272,85796,   0,88069
ER,84467,3593,   8
EC,2298,86771,   0,89069
ER,85427,3634,   8
EC,2325,87745,   0,90070
ER,86385,3676,   8
EC,2350,88720,   0,91070
ER,87344,3718,   8
decrypt, 60127456,60127468
encrypt, 60127634,60127644
t,26410,60127632,0,0,60127814
EC,2384,89687,   0,92071
ER,88303,3759,   8
EC,2410,90661,   0,93071
ER,89262,3801,   8
EC,2437,91635,   0,94072
ER,90220,3844,   8
EC,2465,92607,   0,95073
ER,91177,3886,   8
EC,2491,93582,   0,96073
ER,92137,3927,   8
EC,2519,94554,   0,97074
ER,93095,3970,   8
decrypt, 64054018,64054032
encrypt, 64054196,64054206
t,26412,64054196,0,0,64054376
EC,2547,95527,   0,98074
ER,94052,4014,   8
EC,2575,96499,   0,99075
ER,95010,4056,   8
EC,2603,97472,   0,100075
ER,95969,4098,   8
EC,2642,98433,   0,101076
ER,96926,4141,   8
EC,2668,99408,   0,102077
ER,97885,4183,   8
EC,2694,100383,   0,103077
ER,98844,4225,   8
decrypt, 67985194,67985208
encrypt, 67985372,67985382
t,26413,67985372,0,0,67985552
EC,2721,101356,   0,104078
ER,99800,4269,   8
EC,2747,102331,   0,105078
ER,100758,4312,   8
EC,2773,103305,   0,106079
ER,101715,4355,   8
EC,2798,104281,   0,107079
ER,102674,4396,   8
EC,2824,105256,   0,108080
ER,103634,4437,   8
EC,2850,106230,   0,109081
ER,104593,4479,   8
decrypt, 71918634,71918646
encrypt, 71918812,71918822
t,26414,71918810,0,0,71918992
EC,2876,107204,   0,110081
ER,105552,4521,   8
EC,2902,108179,   0,111081
ER,106508,4565,   8
EC,2928,109154,   0,112083
ER,107468,4605,   8
EC,2954,110128,   0,113082
ER,108425,4648,   8
EC,2979,111103,   0,114083
ER,109383,4691,   8
EC,3006,112078,   0,115084
ER,110343,4732,   8
decrypt, 75849078,75849090
encrypt, 75849256,75849266
t,26415,75849254,0,0,75849434
EC,3032,113051,   0,116084
ER,111301,4774,   8
EC,3058,114027,   0,117085
ER,112260,4816,   8
EC,3083,115001,   0,118085
ER,113219,4858,   8
EC,3121,115964,   0,119086
ER,114177,4900,   8
EC,3147,116939,   0,120086
ER,115136,4941,   8
EC,3173,117914,   0,121087
ER,116095,4984,   8
decrypt, 79780046,79780058
encrypt, 79780224,79780234
t,26416,79780222,0,0,79780404
EC,3199,118888,   0,122088
ER,117053,5026,   8
EC,3225,119862,   0,123088
ER,118011,5068,   8
EC,3253,120835,   0,124089
ER,118967,5113,   8
EC,3285,121804,   0,125090
ER,119924,5157,   8
EC,3315,122775,   0,126090
ER,120883,5199,   8
EC,3341,123749,   0,127090
ER,121840,5242,   8
decrypt, 83712098,83712110
encrypt, 83712276,83712286
t,26418,83712274,0,0,83712456
EC,3368,124723,   0,128092
ER,122799,5284,   8
EC,3393,125697,   0,129091
ER,123757,5326,   8
EC,3421,126670,   0,130092
ER,124716,5367,   8
EC,3448,127645,   0,131093
ER,125675,5410,   8
EC,3474,128619,   0,132093
ER,126631,5453,   8
EC,3500,129594,   0,133094
ER,127590,5495,   8
decrypt, 87645772,87645784
encrypt, 87645950,87645958
t,26419,87645948,0,0,87646130
EC,3527,130568,   0,134095
ER,128548,5537,   8
EC,3553,131542,   0,135095
ER,129506,5581,   8
EC,3578,132517,   0,136096
ER,130464,5623,   8
EC,3604,133491,   0,137096
ER,131421,5666,   8
EC,3630,134466,   0,138096
ER,132379,5708,   8
EC,3656,135440,   0,139097
ER,133338,5750,   8
decrypt, 91577362,91577374
encrypt, 91577540,91577550
t,26420,91577538,0,0,91577720
EC,3683,136414,   0,140097
ER,134296,5793,   8
EC,3708,137389,   0,141098
ER,135254,5835,   8
EC,3734,138364,   0,142098
ER,136213,5876,   8
EC,3760,139339,   0,143099
ER,137172,5919,   8
EC,3788,140311,   0,144100
ER,138131,5960,   8
EC,3813,141286,   0,145100
ER,139089,6002,   8
decrypt, 95508664,95508676
encrypt, 95508842,95508852
t,26421,95508840,0,0,95509022
EC,3841,142260,   0,146102
ER,140048,6044,   8
EC,3866,143235,   0,147101
ER,141007,6086,   8
EC,3892,144210,   0,148102
ER,141965,6128,   8
EC,3919,145184,   0,149103
ER,142923,6171,   8
EC,3944,146158,   0,150103
ER,143881,6213,   8
EC,3970,147133,   0,151103
ER,144839,6256,   8
decrypt, 99443298,99443312
encrypt, 99443476,99443486
t,26422,99443474,0,0,99443656
EC,3997,148107,   0,152104
ER,145797,6298,   8
EC,4022,149083,   0,153105
ER,146757,6339,   8
EC,4048,150057,   0,154106
ER,147715,6382,   8
EC,4074,151031,   0,155106
ER,148671,6426,   8
EC,4100,152006,   0,156106
ER,149630,6467,   8
EC,4126,152981,   0,157107
ER,150588,6510,   8
decrypt, 103373366,103373380
encrypt, 103373556,103373566
t,26424,103373554,0,0,103373748
EC,4152,153955,   0,158108
ER,151547,6552,   8
EC,4177,154931,   0,159109
ER,152507,6593,   8
EC,4203,155904,   0,160108
ER,153462,6637,   8
EC,4230,156879,   0,161109
ER,154421,6679,   8
EC,4255,157854,   0,162110
ER,155379,6722,   8
EC,4281,158828,   0,163110
ER,156337,6765,   8
decrypt, 107307696,107307708
encrypt, 107307886,107307896
t,26425,107307884,0,0,107308078
EC,4308,159803,   0,164111
ER,157295,6806,   8
EC,4334,160777,   0,165111
ER,158253,6850,   8
EC,4359,161752,   0,166112
ER,159210,6893,   8
EC,4385,162726,   0,167112
ER,160168,6935,   8
EC,4412,163700,   0,168113
ER,161126,6978,   8
EC,4438,164675,   0,169113
ER,162085,7020,   8
decrypt, 111239892,111239904
encrypt, 111240082,111240092
t,26426,111240080,0,0,111240274
EC,4465,165649,   0,170114
ER,163042,7063,   8
EC,4491,166623,   0,171114
ER,164001,7104,   8
EC,4518,167597,   0,172115
ER,164960,7146,   8
EC,4545,168571,   0,173116
ER,165918,7189,   8
EC,4571,169544,   0,174116
ER,166877,7230,   8
EC,4597,170519,   0,175117
ER,167835,7273,   8
decrypt, 115172092,115172104
encrypt, 115172280,115172290
t,26427,115172280,0,0,115172472
EC,4625,171492,   0,176117
ER,168792,7316,   8
EC,4650,172467,   0,177118
ER,169751,7358,   8
EC,4676,173442,   0,178118
ER,170710,7399,   8
EC,4702,174417,   0,179119
ER,171669,7441,   8
