TT,07,28,21,21,56,39,240841
FO: Main      ] - 802.15.4 PANID: 0xabcd
[INFO: Main      ] - 802.15.4 Default channel: 26
[INFO: Main      ] Node ID: 56377
[ÿ[INFO: Main      ] Starting Contiki-NG-release/v4.6-70-g9ff7b4bdb-dirty
[INFO: Main      ] - Routing: RPL Lite
[INFO: Main      ] - Net: sicslowpan
[INFO: Main      ] - MAC: CSMA
[INFO: Main      ] - 802.15.4 PANID: 0xabcd
[INFO: Main      ] - 802.15.4 Default channel: 26
[INFO: Main      ] Node ID: 56377
[INFO: Main      ] Link-layer address: 0012.4b00.1204.dc39
[INFO: Main      ] Tentative link-local IPv6 address: fe80::212:4b00:1204:dc39
[INFO: CC26xx/CC13xx] TI CC2650 SensorTag
[INFO: CC26xx/CC13xx]  RF: Channel 26, PANID 0xABCD
EC,  29, 991,   0,1021
ER,1012,   1,   8
decrypt, 1162650,1162662
encrypt, 1162988,1163000
htfin:1163160
#,#decrypt, 1167770,1167782
encrypt, 1167936,1167946
t,35931,1167934,0,0,1168104
EC,  42,1979,   0,2022
ER,2009,   4,   8
EC,  57,2965,   0,3023
ER,3004,  10,   8
EC, 118,3904,   0,4023
ER,3917,  97,   8
EC, 166,4857,   0,5023
ER,4852, 163,   8
EC, 212,5812,   0,6024
ER,5795, 220,   8
EC, 247,6777,   0,7024
ER,6754, 261,   8
decrypt, 5104070,5104082
encrypt, 5104236,5104246
t,35935,5104236,0,0,5104404
EC, 300,7724,   0,8025
ER,7685, 331,   8
EC, 346,8679,   0,9026
ER,8626, 391,   8
EC, 381,9644,   0,10026
ER,9582, 435,   8
EC, 438,10588,   0,11027
ER,10500, 518,   8
EC, 477,11550,   0,12028
ER,11449, 570,   8
EC, 534,12493,   0,13028
ER,12368, 651,   8
decrypt, 9035756,9035770
encrypt, 9035924,9035932
t,35936,9035922,0,0,9036090
EC, 589,13439,   0,14029
ER,13298, 722,   8
EC, 633,14395,   0,15029
ER,14244, 776,   8
EC, 677,15352,   0,16029
ER,15188, 833,   8
EC, 722,16308,   0,17030
ER,16125, 896,   8
EC, 780,17250,   0,18031
ER,17046, 976,   8
EC, 820,18210,   0,19031
ER,17991,1031,   8
decrypt, 12968466,12968480
encrypt, 12968644,12968654
t,35937,12968642,0,0,12968824
EC, 866,19165,   0,20032
ER,18930,1092,   8
EC, 932,20100,   0,21033
ER,19845,1179,   8
EC, 986,21046,   0,22032
ER,20768,1256,   8
EC,1045,21988,   0,23033
ER,21685,1340,   8
EC,1100,22933,   0,24034
ER,22610,1415,   8
EC,1156,23878,   0,25034
ER,23529,1496,   8
decrypt, 16902628,16902640
encrypt, 16902806,16902816
t,35938,16902804,0,0,16902984
EC,1198,24836,   0,26035
ER,24474,1552,   8
EC,1256,25779,   0,27035
ER,25392,1635,   8
EC,1311,26725,   0,28036
ER,26311,1716,   8
EC,1350,27686,   0,29036
ER,27259,1768,   8
EC,1406,28630,   0,30037
ER,28179,1850,   8
EC,1456,29581,   0,31038
ER,29109,1920,   8
decrypt, 20858706,20858718
encrypt, 20858884,20858892
t,35939,20858882,0,0,20859062
EC,1508,30530,   0,32038
ER,30037,1992,   8
EC,1559,31480,   0,33039
ER,30967,2063,   8
EC,1619,32420,   0,34039
ER,31878,2152,   8
EC,1676,33364,   0,35040
ER,32799,2232,   8
EC,1734,34306,   0,36040
ER,33718,2314,   8
EC,1786,35254,   0,37041
ER,34648,2384,   8
decrypt, 24764554,24764566
encrypt, 24764732,24764740
t,35941,24764730,0,0,24764910
EC,1826,36215,   0,38041
ER,35600,2433,   8
EC,1878,37163,   0,39042
ER,36527,2506,   8
EC,1925,38117,   0,40042
ER,37468,2566,   8
EC,1982,39061,   0,41043
ER,38391,2643,   8
EC,2037,40006,   0,42043
ER,39311,2724,   8
EC,2090,40954,   0,43044
ER,40237,2799,   8
decrypt, 28700338,28700352
encrypt, 28700516,28700526
t,35942,28700516,0,0,28700696
EC,2146,41898,   0,44045
ER,41159,2877,   8
EC,2203,42842,   0,45045
ER,42080,2956,   8
EC,2247,43799,   0,46046
ER,43020,3017,   8
EC,2309,44737,   0,47046
ER,43925,3113,   8
EC,2371,45675,   0,48047
ER,44834,3204,   8
EC,2437,46610,   0,49048
ER,45738,3301,   8
decrypt, 32630188,32630200
encrypt, 32630366,32630374
t,35943,32630364,0,0,32630544
EC,2495,47553,   0,50048
ER,46653,3386,   8
EC,2551,48497,   0,51048
ER,47573,3467,   8
EC,2609,49440,   0,52049
ER,48486,3554,   8
EC,2652,50397,   0,53050
ER,49425,3615,   8
EC,2685,51364,   0,54050
ER,50384,3658,   8
EC,2737,52313,   0,55051
ER,51307,3734,   8
decrypt, 36561054,36561066
encrypt, 36561232,36561240
t,35944,36561230,0,0,36561410
EC,2787,53264,   0,56051
ER,52237,3805,   8
EC,2843,54208,   0,57052
ER,53157,3886,   8
EC,2886,55166,   0,58052
ER,54100,3944,   8
EC,2947,56106,   0,59053
ER,55012,4032,   8
EC,3000,57053,   0,60054
ER,55935,4110,   8
EC,3044,58009,   0,61054
ER,56872,4173,   8
decrypt, 40493902,40493916
encrypt, 40494082,40494090
t,35945,40494080,0,0,40494260
EC,3082,58973,   0,62055
ER,57824,4223,   8
EC,3123,59932,   0,63055
ER,58766,4281,   8
EC,3166,60890,   0,64056
ER,59706,4341,   8
EC,3205,61851,   0,65056
ER,60655,4392,   8
EC,3251,62805,   0,66057
ER,61591,4457,   8
EC,3304,63753,   0,67058
ER,62516,4532,   8
decrypt, 44425548,44425560
encrypt, 44425726,44425734
t,35947,44425724,0,0,44425906
EC,3347,64711,   0,68058
ER,63458,4591,   8
EC,3408,65650,   0,69059
ER,64370,4680,   8
EC,3458,66601,   0,70059
ER,65300,4750,   8
EC,3520,67539,   0,71059
ER,66207,4844,   8
EC,3561,68498,   0,72060
ER,67152,4899,   8
EC,3608,69452,   0,73061
ER,68085,4967,   8
decrypt, 48357002,48357014
encrypt, 48357180,48357188
t,35948,48357178,0,0,48357358
EC,3664,70398,   0,74062
ER,69007,5046,   8
EC,3722,71339,   0,75062
ER,69922,5131,   8
EC,3779,72283,   0,76062
ER,70846,5208,   8
EC,3833,73230,   0,77063
ER,71766,5288,   8
EC,3888,74175,   0,78063
ER,72686,5369,   8
EC,3940,75124,   0,79064
ER,73618,5437,   8
decrypt, 52291890,52291904
encrypt, 52292068,52292078
t,35949,52292068,0,0,52292246
EC,3994,76070,   0,80064
ER,74542,5514,   8
EC,4051,77014,   0,81065
ER,75456,5600,   8
EC,4101,77964,   0,82065
ER,76389,5668,   8
EC,4146,78920,   0,83066
ER,77325,5732,   8
EC,4195,79871,   0,84067
ER,78255,5803,   8
EC,4249,80817,   0,85067
ER,79179,5879,   8
decrypt, 56223680,56223692
encrypt, 56223858,56223866
t,35950,56223856,0,0,56224036
EC,4296,81772,   0,86068
ER,80116,5943,   8
EC,4345,82722,   0,87068
ER,81048,6012,   8
EC,4397,83671,   0,88069
ER,81974,6086,   8
EC,4459,84610,   0,89069
ER,82887,6174,   8
EC,4509,85561,   0,90070
ER,83814,6247,   8
EC,4562,86508,   0,91071
ER,84737,6325,   8
decrypt, 60163558,60163572
encrypt, 60163738,60163746
t,35951,60163736,0,0,60163916
EC,4612,87458,   0,92071
ER,85670,6392,   8
EC,4671,88400,   0,93072
ER,86588,6475,   8
EC,4719,89353,   0,94072
ER,87525,6538,   8
EC,4767,90305,   0,95073
ER,88463,6601,   8
EC,4821,91252,   0,96073
ER,89387,6677,   8
EC,4873,92200,   0,97074
ER,90312,6753,   8
decrypt, 64090130,64090142
encrypt, 64090308,64090316
t,35953,64090306,0,0,64090486
EC,4925,93149,   0,98075
ER,91242,6824,   8
EC,4975,94099,   0,99075
ER,92168,6898,   8
EC,5026,95049,   0,100076
ER,93095,6972,   8
EC,5081,95994,   0,101076
ER,94025,7042,   8
EC,5130,96946,   0,102077
ER,94954,7113,   8
EC,5192,97884,   0,103077
ER,95869,7199,   8
decrypt, 68018230,68018242
encrypt, 68018408,68018416
t,35954,68018406,0,0,68018586
EC,5230,98848,   0,104078
ER,96824,7245,   8
EC,5292,99786,   0,105078
ER,97731,7338,   8
EC,5345,100733,   0,106079
ER,98660,7410,   8
EC,5405,101674,   0,107079
ER,99574,7496,   8
EC,5453,102627,   0,108080
ER,100513,7558,   8
EC,5513,103567,   0,109080
ER,101439,7633,   8
decrypt, 71955910,71955924
encrypt, 71956090,71956098
t,35955,71956088,0,0,71956266
EC,5576,104505,   0,110081
ER,102353,7719,   8
EC,5626,105456,   0,111082
ER,103288,7785,   8
EC,5681,106401,   0,112082
ER,104208,7865,   8
EC,5729,107353,   0,113083
ER,105139,7934,   8
EC,5785,108298,   0,114084
ER,106065,8010,   8
EC,5840,109243,   0,115084
ER,106984,8091,   8
decrypt, 75882206,75882218
encrypt, 75882384,75882392
t,35956,75882382,0,0,75882562
EC,5903,110180,   0,116084
ER,107898,8178,   8
EC,5965,111119,   0,117085
ER,108816,8260,   8
EC,6017,112069,   0,118086
ER,109749,8329,   8
EC,6083,113003,   0,119086
ER,110661,8416,   8
EC,6125,113961,   0,120086
ER,111602,8476,   8
EC,6177,114909,   0,121087
ER,112535,8544,   8
decrypt, 79814418,79814432
encrypt, 79814596,79814606
t,35957,79814596,0,0,79814776
EC,6232,115856,   0,122088
ER,113464,8615,   8
EC,6290,116798,   0,123088
ER,114381,8698,   8
EC,6331,117757,   0,124089
ER,115328,8752,   8
EC,6391,118698,   0,125089
ER,116248,8832,   8
EC,6436,119654,   0,126090
ER,117194,8887,   8
EC,6494,120595,   0,127090
ER,118115,8967,   8
decrypt, 83750612,83750626
encrypt, 83750792,83750800
t,35959,83750790,0,0,83750970
EC,6532,121558,   0,128091
ER,119066,9016,   8
EC,6586,122505,   0,129092
ER,119993,9090,   8
EC,6632,123460,   0,130092
ER,120927,9157,   8
EC,6685,124407,   0,131092
ER,121854,9229,   8
EC,6748,125345,   0,132093
ER,122763,9321,   8
EC,6798,126295,   0,133094
ER,123697,9388,   8
decrypt, 87684860,87684872
encrypt, 87685038,87685046
t,35960,87685036,0,0,87685216
EC,6859,127235,   0,134095
ER,124608,9478,   8
EC,6889,128205,   0,135095
ER,125573,9513,   8
EC,6898,129198,   0,136096
ER,126574,9513,   8
EC,6906,130190,   0,137096
ER,127574,9513,   8
EC,6914,131182,   0,138097
ER,128575,9513,   8
EC,6923,132174,   0,139097
ER,129575,9513,   8
decrypt, 91611422,91611436
encrypt, 91611600,91611610
t,35961,91611600,0,0,91611780
EC,6932,133165,   0,140098
ER,130576,9514,   8
EC,6941,134157,   0,141098
ER,131576,9514,   8
EC,6949,135149,   0,142099
ER,132577,9514,   8
EC,6958,136141,   0,143099
ER,133577,9514,   8
EC,6966,137134,   0,144100
ER,134578,9514,   8
EC,6974,138125,   0,145100
ER,135578,9514,   8
decrypt, 95544644,95544658
encrypt, 95544824,95544832
t,35962,95544822,0,0,95545002
EC,6984,139117,   0,146101
ER,136578,9514,   8
EC,6992,140109,   0,147101
ER,137578,9514,   8
EC,7001,141101,   0,148102
ER,138579,9514,   8
EC,7009,142093,   0,149103
ER,139580,9514,   8
EC,7018,143085,   0,150103
ER,140580,9514,   8
EC,7026,144077,   0,151104
ER,141581,9514,   8
decrypt, 99477868,99477882
encrypt, 99478048,99478056
t,35963,99478046,0,0,99478226
EC,7036,145069,   0,152105
ER,142581,9515,   8
EC,7045,146060,   0,153105
ER,143580,9516,   8
EC,7053,147051,   0,154105
ER,144580,9516,   8
EC,7062,148044,   0,155106
ER,145581,9516,   8
EC,7070,149036,   0,156107
ER,146581,9517,   8
EC,7079,150028,   0,157107
ER,147582,9517,   8
decrypt, 103408532,103408546
encrypt, 103408722,103408732
t,35965,103408720,0,0,103408912
EC,7088,151019,   0,158108
ER,148582,9517,   8
EC,7097,152011,   0,159108
ER,149582,9517,   8
EC,7105,153003,   0,160108
ER,150582,9517,   8
EC,7114,153995,   0,161109
ER,151583,9517,   8
EC,7122,154987,   0,162110
ER,152584,9517,   8
EC,7131,155979,   0,163111
ER,153585,9517,   8
decrypt, 107341244,107341256
encrypt, 107341434,107341442
t,35966,107341432,0,0,107341624
EC,7140,156971,   0,164111
ER,154585,9518,   8
EC,7149,157962,   0,165111
ER,155585,9518,   8
EC,7157,158955,   0,166112
ER,156586,9518,   8
EC,7165,159947,   0,167112
ER,157586,9518,   8
