TT,07,28,21,17,55,15,881805
FO: Main      ] Link-layer address: 0012.4[INFO: Main      ] Starting Contiki-NG-release/v4.6-70-g9ff7b4bdb-dirty
[INFO: Main      ] - Routing: RPL Lite
[INFO: Main      ] - Net: sicslowpan
[INFO: Main      ] - MAC: CSMA
[INFO: Main      ] - 802.15.4 PANID: 0xabcd
[INFO: Main      ] - 802.15.4 Default channel: 26
[INFO: Main      ] Node ID: 56377
[INFO: Main      ] Link-layer address: 0012.4b00.1204.dc39
[INFO: Main      ] Tentative link-local IPv6 address: fe80::212:4b00:1204:dc39
[INFO: CC26xx/CC13xx] TI CC2650 SensorTag
[INFO: CC26xx/CC13xx]  RF: Channel 26, PANID 0xABCD
EC,  23, 997,   0,1021
ER,1012,   0,   8
decrypt, 1225190,1225210
encrypt, 1225536,1225554
htfin:1225714
#,#decrypt, 1231336,1231354
encrypt, 1231508,1231524
t,13367,1231506,1231508,1231524,1231684
EC,  30,1991,   0,2022
ER,2010,   3,   8
EC,  33,2989,   0,3022
ER,3010,   3,   8
EC,  49,3973,   0,4023
ER,3979,  36,   8
EC,  71,4952,   0,5024
ER,4936,  79,   8
EC,  93,5931,   0,6024
ER,5896, 119,   8
EC, 115,6909,   0,7024
ER,6854, 162,   8
decrypt, 5167668,5167688
encrypt, 5167842,5167854
t,13371,5167840,5167842,5167854,5168014
EC, 137,7887,   0,8025
ER,7813, 203,   8
EC, 159,8866,   0,9025
ER,8772, 245,   8
EC, 181,9845,   0,10026
ER,9729, 289,   8
EC, 203,10823,   0,11027
ER,10686, 332,   8
EC, 230,11796,   0,12027
ER,11642, 376,   8
EC, 253,12774,   0,13028
ER,12600, 419,   8
decrypt, 9100346,9100364
encrypt, 9100518,9100532
t,13372,9100518,9100518,9100532,9100690
EC, 276,13752,   0,14028
ER,13558, 461,   8
EC, 304,14725,   0,15029
ER,14518, 502,   8
EC, 326,15703,   0,16029
ER,15474, 546,   8
EC, 347,16682,   0,17030
ER,16434, 587,   8
EC, 370,17661,   0,18031
ER,17391, 631,   8
EC, 392,18639,   0,19031
ER,18348, 674,   8
decrypt, 13035104,13035122
encrypt, 13035288,13035302
t,13373,13035286,13035288,13035302,13035472
EC, 415,19616,   0,20032
ER,19304, 718,   8
EC, 437,20594,   0,21032
ER,20261, 762,   8
EC, 459,21573,   0,22033
ER,21219, 804,   8
EC, 481,22551,   0,23033
ER,22177, 848,   8
EC, 503,23530,   0,24034
ER,23134, 891,   8
EC, 526,24508,   0,25034
ER,24092, 933,   8
decrypt, 16965768,16965788
encrypt, 16965952,16965966
t,13374,16965950,16965952,16965966,16966136
EC, 551,25483,   0,26035
ER,25048, 978,   8
EC, 573,26462,   0,27036
ER,26005,1022,   8
EC, 596,27440,   0,28036
ER,26960,1067,   8
EC, 618,28418,   0,29036
ER,27917,1110,   8
EC, 641,29396,   0,30037
ER,28872,1156,   8
EC, 663,30374,   0,31037
ER,29829,1199,   8
decrypt, 20900278,20900296
encrypt, 20900462,20900476
t,13375,20900460,20900462,20900476,20900644
EC, 687,31351,   0,32038
ER,30786,1243,   8
EC, 708,32330,   0,33039
ER,31744,1286,   8
EC, 731,33307,   0,34039
ER,32700,1330,   8
EC, 753,34286,   0,35040
ER,33658,1373,   8
EC, 775,35264,   0,36040
ER,34615,1416,   8
EC, 798,36242,   0,37041
ER,35570,1462,   8
decrypt, 24829140,24829160
encrypt, 24829324,24829338
t,13377,24829324,24829326,24829338,24829508
EC, 821,37220,   0,38041
ER,36525,1507,   8
EC, 843,38198,   0,39042
ER,37481,1552,   8
EC, 865,39176,   0,40042
ER,38437,1596,   8
EC, 887,40155,   0,41043
ER,39396,1638,   8
EC, 909,41134,   0,42044
ER,40354,1681,   8
EC, 931,42112,   0,43044
ER,41310,1725,   8
decrypt, 28761850,28761870
encrypt, 28762034,28762048
t,13378,28762032,28762034,28762048,28762218
EC, 954,43090,   0,44045
ER,42268,1768,   8
EC, 976,44068,   0,45045
ER,43225,1811,   8
EC, 998,45048,   0,46047
ER,44184,1854,   8
EC,1020,46025,   0,47046
ER,45140,1897,   8
EC,1043,47004,   0,48047
ER,46098,1940,   8
EC,1064,47983,   0,49047
ER,47056,1983,   8
decrypt, 32694050,32694068
encrypt, 32694234,32694246
t,13379,32694232,32694234,32694246,32694416
EC,1087,48960,   0,50048
ER,48012,2027,   8
EC,1109,49939,   0,51048
ER,48969,2070,   8
EC,1131,50918,   0,52049
ER,49928,2113,   8
EC,1152,51897,   0,53050
ER,50886,2154,   8
EC,1174,52875,   0,54050
ER,51844,2198,   8
EC,1196,53854,   0,55051
ER,52799,2243,   8
decrypt, 36625472,36625490
encrypt, 36625656,36625668
t,13380,36625654,36625656,36625668,36625838
EC,1220,54832,   0,56052
ER,53756,2287,   8
EC,1242,55809,   0,57052
ER,54713,2330,   8
EC,1264,56789,   0,58053
ER,55670,2375,   8
EC,1286,57766,   0,59053
ER,56627,2417,   8
EC,1308,58745,   0,60053
ER,57584,2461,   8
EC,1330,59724,   0,61054
ER,58542,2503,   8
decrypt, 40557724,40557742
encrypt, 40557908,40557920
t,13381,40557906,40557908,40557920,40558090
EC,1353,60701,   0,62054
ER,59498,2547,   8
EC,1375,61679,   0,63055
ER,60454,2592,   8
EC,1399,62657,   0,64056
ER,61409,2638,   8
EC,1421,63635,   0,65056
ER,62367,2681,   8
EC,1443,64614,   0,66058
ER,63324,2725,   8
EC,1465,65592,   0,67057
ER,64281,2768,   8
decrypt, 44490154,44490174
encrypt, 44490340,44490352
t,13383,44490338,44490340,44490352,44490522
EC,1488,66570,   0,68058
ER,65238,2812,   8
EC,1510,67548,   0,69058
ER,66195,2855,   8
EC,1532,68526,   0,70059
ER,67152,2898,   8
EC,1554,69505,   0,71059
ER,68111,2940,   8
EC,1576,70484,   0,72060
ER,69068,2983,   8
EC,1598,71462,   0,73061
ER,70024,3028,   8
decrypt, 48422332,48422350
encrypt, 48422516,48422530
t,13384,48422514,48422516,48422530,48422700
EC,1621,72440,   0,74061
ER,70983,3069,   8
EC,1643,73418,   0,75062
ER,71941,3113,   8
EC,1665,74397,   0,76062
ER,72898,3156,   8
EC,1686,75376,   0,77063
ER,73856,3197,   8
EC,1708,76354,   0,78063
ER,74813,3241,   8
EC,1731,77333,   0,79065
ER,75770,3287,   8
decrypt, 52355042,52355062
encrypt, 52355228,52355240
t,13385,52355226,52355228,52355240,52355410
EC,1754,78310,   0,80064
ER,76725,3331,   8
EC,1776,79288,   0,81065
ER,77683,3373,   8
EC,1798,80267,   0,82065
ER,78641,3416,   8
EC,1820,81246,   0,83066
ER,79599,3458,   8
EC,1842,82224,   0,84067
ER,80557,3501,   8
EC,1864,83203,   0,85067
ER,81514,3544,   8
decrypt, 56286730,56286748
encrypt, 56286914,56286928
t,13386,56286912,56286914,56286928,56287098
EC,1887,84180,   0,86068
ER,82472,3587,   8
EC,1909,85159,   0,87068
ER,83428,3631,   8
EC,1931,86137,   0,88069
ER,84386,3674,   8
EC,1953,87116,   0,89069
ER,85343,3718,   8
EC,1975,88094,   0,90070
ER,86300,3761,   8
EC,1997,89072,   0,91070
ER,87255,3806,   8
decrypt, 60226752,60226770
encrypt, 60226936,60226950
t,13387,60226934,60226936,60226950,60227118
EC,2020,90050,   0,92071
ER,88213,3849,   8
EC,2042,91029,   0,93072
ER,89171,3892,   8
EC,2065,92006,   0,94072
ER,90125,3938,   8
EC,2088,92985,   0,95073
ER,91083,3981,   8
EC,2109,93963,   0,96073
ER,92041,4023,   8
EC,2132,94942,   0,97074
ER,92997,4068,   8
decrypt, 64158300,64158318
encrypt, 64158484,64158498
t,13389,64158482,64158484,64158498,64158668
EC,2156,95918,   0,98074
ER,93952,4114,   8
EC,2178,96896,   0,99075
ER,94909,4157,   8
EC,2203,97872,   0,100075
ER,95866,4200,   8
EC,2226,98849,   0,101076
ER,96824,4244,   8
EC,2249,99827,   0,102076
ER,97782,4285,   8
EC,2272,100804,   0,103077
ER,98740,4328,   8
decrypt, 68083838,68083856
encrypt, 68084022,68084036
t,13390,68084020,68084022,68084036,68084206
EC,2295,101782,   0,104078
ER,99699,4369,   8
EC,2325,102753,   0,105078
ER,100657,4412,   8
EC,2349,103730,   0,106079
ER,101615,4455,   8
EC,2374,104705,   0,107079
ER,102572,4499,   8
EC,2403,105677,   0,108080
ER,103530,4542,   8
EC,2431,106649,   0,109081
ER,104487,4585,   8
decrypt, 72016036,72016054
encrypt, 72016220,72016234
t,13391,72016218,72016220,72016234,72016404
EC,2461,107620,   0,110081
ER,105446,4626,   8
EC,2483,108598,   0,111081
ER,106403,4669,   8
EC,2510,109571,   0,112082
ER,107360,4713,   8
EC,2533,110549,   0,113083
ER,108317,4756,   8
EC,2555,111527,   0,114083
ER,109275,4799,   8
EC,2577,112506,   0,115084
ER,110234,4841,   8
decrypt, 75949416,75949434
encrypt, 75949600,75949612
t,13392,75949598,75949600,75949612,75949782
EC,2600,113484,   0,116085
ER,111191,4885,   8
EC,2622,114462,   0,117085
ER,112148,4928,   8
EC,2644,115441,   0,118085
ER,113106,4970,   8
EC,2666,116420,   0,119086
ER,114064,5013,   8
EC,2687,117399,   0,120087
ER,115022,5056,   8
EC,2709,118377,   0,121087
ER,115979,5099,   8
decrypt, 79880434,79880452
encrypt, 79880618,79880632
t,13393,79880616,79880618,79880632,79880800
EC,2733,119354,   0,122088
ER,116936,5143,   8
EC,2755,120333,   0,123088
ER,117894,5185,   8
EC,2777,121311,   0,124089
ER,118852,5228,   8
EC,2800,122288,   0,125089
ER,119806,5275,   8
EC,2823,123267,   0,126090
ER,120760,5320,   8
EC,2845,124245,   0,127090
ER,121716,5365,   8
decrypt, 83814362,83814380
encrypt, 83814546,83814558
t,13395,83814544,83814546,83814558,83814728
EC,2868,125222,   0,128091
ER,122674,5408,   8
EC,2890,126201,   0,129091
ER,123630,5452,   8
EC,2912,127180,   0,130092
ER,124588,5495,   8
EC,2934,128158,   0,131093
ER,125547,5537,   8
EC,2955,129137,   0,132093
ER,126505,5579,   8
EC,2978,130116,   0,133094
ER,127463,5623,   8
decrypt, 87744462,87744480
encrypt, 87744646,87744658
t,13396,87744644,87744646,87744658,87744828
EC,3000,131094,   0,134095
ER,128421,5665,   8
EC,3023,132071,   0,135095
ER,129378,5708,   8
EC,3045,133050,   0,136095
ER,130337,5750,   8
EC,3067,134028,   0,137096
ER,131294,5793,   8
EC,3089,135007,   0,138096
ER,132251,5837,   8
EC,3112,135984,   0,139097
ER,133207,5881,   8
decrypt, 91678566,91678586
encrypt, 91678750,91678764
t,13397,91678748,91678750,91678764,91678934
EC,3135,136962,   0,140098
ER,134165,5924,   8
EC,3157,137940,   0,141098
ER,135122,5968,   8
EC,3180,138918,   0,142098
ER,136079,6011,   8
EC,3203,139896,   0,143099
ER,137037,6053,   8
EC,3225,140874,   0,144100
ER,137995,6096,   8
EC,3248,141852,   0,145100
ER,138951,6140,   8
decrypt, 95608330,95608348
encrypt, 95608514,95608528
t,13398,95608512,95608514,95608528,95608698
EC,3271,142830,   0,146101
ER,139909,6183,   8
EC,3292,143808,   0,147101
ER,140868,6225,   8
EC,3314,144787,   0,148102
ER,141824,6269,   8
EC,3336,145765,   0,149102
ER,142782,6312,   8
EC,3358,146744,   0,150103
ER,143741,6353,   8
EC,3380,147723,   0,151103
ER,144699,6395,   8
decrypt, 99541430,99541448
encrypt, 99541614,99541626
t,13399,99541612,99541614,99541626,99541798
EC,3403,148701,   0,152104
ER,145657,6438,   8
EC,3424,149680,   0,153104
ER,146616,6480,   8
EC,3446,150658,   0,154105
ER,147572,6524,   8
EC,3468,151638,   0,155106
ER,148532,6566,   8
EC,3489,152616,   0,156106
ER,149490,6607,   8
EC,3511,153595,   0,157107
ER,150448,6650,   8
decrypt, 103474140,103474158
encrypt, 103474334,103474348
t,13401,103474334,103474334,103474348,103474530
EC,3535,154572,   0,158107
ER,151403,6695,   8
EC,3557,155551,   0,159108
ER,152362,6737,   8
EC,3579,156529,   0,160109
ER,153318,6782,   8
EC,3600,157508,   0,161109
ER,154276,6824,   8
EC,3622,158487,   0,162109
ER,155233,6868,   8
EC,3644,159465,   0,163110
ER,156190,6911,   8
decrypt, 107405012,107405032
encrypt, 107405208,107405222
t,13402,107405206,107405208,107405222,107405404
EC,3667,160444,   0,164111
ER,157149,6953,   8
EC,3689,161422,   0,165111
ER,158104,6998,   8
EC,3711,162400,   0,166112
ER,159061,7042,   8
EC,3733,163379,   0,167112
ER,160017,7086,   8
EC,3755,164357,   0,168113
ER,160975,7129,   8
EC,3777,165336,   0,169113
ER,161931,7173,   8
decrypt, 111337512,111337530
encrypt, 111337708,111337720
t,13403,111337706,111337708,111337720,111337902
EC,3800,166314,   0,170114
ER,162887,7218,   8
EC,3821,167292,   0,171114
ER,163845,7261,   8
EC,3843,168272,   0,172115
ER,164803,7303,   8
EC,3864,169251,   0,173116
ER,165762,7345,   8
EC,3887,170229,   0,174116
ER,166717,7391,   8
EC,3908,171208,   0,175117
ER,167674,7434,   8
decrypt, 115272272,115272292
encrypt, 115272468,115272482
t,13404,115272466,115272468,115272482,115272664
EC,3932,172185,   0,176118
ER,168631,7478,   8
EC,3953,173164,   0,177118
ER,169588,7521,   8
EC,3975,174143,   0,178118
ER,170547,7563,   8
EC,3997,175122,   0,179119
ER,171506,7605,   8
