TT,07,28,21,20,53,43,219982
[INFO: Main      ] Starting Contiki-NG-rý[INFO: Main      ] Starting Contiki-NG-release/v4.6-70-g9ff7b4bdb-dirty
[INFO: Main      ] - Routing: RPL Lite
[INFO: Main      ] - Net: sicslowpan
[INFO: Main      ] - MAC: CSMA
[INFO: Main      ] - 802.15.4 PANID: 0xabcd
[INFO: Main      ] - 802.15.4 Default channel: 26
[INFO: Main      ] Node ID: 56377
[INFO: Main      ] Link-layer address: 0012.4b00.1204.dc39
[INFO: Main      ] Tentative link-local IPv6 address: fe80::212:4b00:1204:dc39
[INFO: CC26xx/CC13xx] TI CC2650 SensorTag
[INFO: CC26xx/CC13xx]  RF: Channel 26, PANID 0xABCD
EC,  23, 997,   0,1021
ER,1012,   1,   8
decrypt, 1064158,1064164
encrypt, 1064492,1064498
htfin:1064658
#,#decrypt, 1073372,1073380
encrypt, 1073532,1073538
t,25964,1073530,0,0,1073698
EC,  30,1992,   0,2022
ER,2009,   4,   8
EC,  37,2985,   0,3023
ER,3000,  14,   8
EC,  59,3964,   0,4023
ER,3955,  59,   8
EC,  81,4942,   0,5023
ER,4910, 105,   8
EC, 104,5920,   0,6024
ER,5865, 150,   8
EC, 125,6898,   0,7024
ER,6820, 195,   8
decrypt, 5010184,5010192
encrypt, 5010346,5010352
t,25968,5010344,0,0,5010512
EC, 148,7876,   0,8025
ER,7774, 242,   8
EC, 171,8854,   0,9025
ER,8726, 290,   8
EC, 193,9833,   0,10026
ER,9682, 336,   8
EC, 215,10811,   0,11027
ER,10636, 382,   8
EC, 238,11789,   0,12027
ER,11590, 429,   8
EC, 260,12767,   0,13028
ER,12544, 475,   8
decrypt, 8940468,8940476
encrypt, 8940630,8940636
t,25969,8940628,0,0,8940796
EC, 284,13744,   0,14028
ER,13498, 521,   8
EC, 306,14722,   0,15029
ER,14452, 568,   8
EC, 328,15700,   0,16029
ER,15405, 615,   8
EC, 351,16679,   0,17030
ER,16359, 662,   8
EC, 373,17657,   0,18030
ER,17314, 708,   8
EC, 395,18635,   0,19031
ER,18267, 755,   8
decrypt, 12875096,12875104
encrypt, 12875270,12875276
t,25970,12875268,0,0,12875446
EC, 418,19613,   0,20031
ER,19220, 803,   8
EC, 442,20589,   0,21032
ER,20175, 848,   8
EC, 464,21568,   0,22033
ER,21130, 894,   8
EC, 486,22546,   0,23033
ER,22085, 939,   8
EC, 508,23525,   0,24034
ER,23040, 985,   8
EC, 530,24504,   0,25034
ER,23996,1029,   8
decrypt, 16806784,16806792
encrypt, 16806958,16806964
t,25971,16806956,0,0,16807134
EC, 554,25480,   0,26035
ER,24950,1076,   8
EC, 576,26459,   0,27035
ER,25907,1120,   8
EC, 597,27439,   0,28036
ER,26862,1165,   8
EC, 619,28416,   0,29036
ER,27815,1213,   8
EC, 641,29395,   0,30037
ER,28769,1259,   8
EC, 663,30374,   0,31037
ER,29723,1305,   8
decrypt, 20739494,20739502
encrypt, 20739668,20739674
t,25972,20739666,0,0,20739844
EC, 687,31351,   0,32038
ER,30675,1354,   8
EC, 710,32328,   0,33039
ER,31626,1404,   8
EC, 732,33306,   0,34039
ER,32579,1451,   8
EC, 754,34285,   0,35040
ER,33534,1496,   8
EC, 776,35264,   0,36040
ER,34488,1543,   8
EC, 799,36243,   0,37042
ER,35441,1592,   8
decrypt, 24672720,24672728
encrypt, 24672894,24672900
t,25974,24672892,0,0,24673070
EC, 821,37220,   0,38042
ER,36395,1638,   8
EC, 843,38198,   0,39042
ER,37350,1683,   8
EC, 866,39176,   0,40042
ER,38302,1732,   8
EC, 888,40155,   0,41043
ER,39256,1778,   8
EC, 910,41133,   0,42043
ER,40208,1826,   8
EC, 932,42112,   0,43044
ER,41163,1872,   8
decrypt, 28601422,28601430
encrypt, 28601594,28601600
t,25975,28601594,0,0,28601772
EC, 955,43089,   0,44045
ER,42116,1920,   8
EC, 977,44067,   0,45045
ER,43070,1966,   8
EC, 999,45046,   0,46046
ER,44024,2014,   8
EC,1022,46024,   0,47046
ER,44977,2060,   8
EC,1044,47003,   0,48047
ER,45932,2107,   8
EC,1066,47981,   0,49047
ER,46885,2154,   8
decrypt, 32534042,32534050
encrypt, 32534214,32534220
t,25976,32534212,0,0,32534390
EC,1089,48959,   0,50048
ER,47840,2199,   8
EC,1111,49937,   0,51048
ER,48793,2247,   8
EC,1133,50915,   0,52049
ER,49746,2294,   8
EC,1156,51893,   0,53050
ER,50700,2341,   8
EC,1178,52872,   0,54050
ER,51654,2387,   8
EC,1200,53850,   0,55051
ER,52607,2434,   8
decrypt, 36467078,36467086
encrypt, 36467250,36467256
t,25977,36467248,0,0,36467426
EC,1223,54829,   0,56052
ER,53563,2480,   8
EC,1245,55807,   0,57052
ER,54516,2527,   8
EC,1267,56785,   0,58052
ER,55471,2573,   8
EC,1288,57764,   0,59053
ER,56426,2618,   8
EC,1310,58742,   0,60053
ER,57381,2664,   8
EC,1333,59721,   0,61054
ER,58334,2711,   8
decrypt, 40399978,40399986
encrypt, 40400152,40400158
t,25978,40400150,0,0,40400328
EC,1356,60698,   0,62054
ER,59288,2758,   8
EC,1378,61677,   0,63056
ER,60243,2804,   8
EC,1400,62655,   0,64056
ER,61197,2850,   8
EC,1423,63633,   0,65056
ER,62150,2897,   8
EC,1445,64612,   0,66057
ER,63105,2944,   8
EC,1467,65590,   0,67057
ER,64059,2989,   8
decrypt, 44330638,44330646
encrypt, 44330810,44330816
t,25980,44330810,0,0,44330986
EC,1490,66567,   0,68058
ER,65013,3036,   8
EC,1512,67546,   0,69059
ER,65967,3083,   8
EC,1534,68526,   0,70060
ER,66920,3131,   8
EC,1556,69503,   0,71059
ER,67874,3177,   8
EC,1578,70481,   0,72060
ER,68827,3224,   8
EC,1600,71460,   0,73061
ER,69784,3268,   8
decrypt, 48265092,48265100
encrypt, 48265264,48265270
t,25981,48265262,0,0,48265440
EC,1623,72438,   0,74061
ER,70739,3314,   8
EC,1644,73417,   0,75062
ER,71695,3358,   8
EC,1666,74396,   0,76062
ER,72650,3403,   8
EC,1688,75375,   0,77063
ER,73606,3448,   8
EC,1710,76353,   0,78063
ER,74560,3494,   8
EC,1732,77332,   0,79064
ER,75516,3540,   8
decrypt, 52194676,52194682
encrypt, 52194848,52194854
t,25982,52194846,0,0,52195024
EC,1755,78309,   0,80064
ER,76469,3586,   8
EC,1777,79288,   0,81065
ER,77423,3633,   8
EC,1799,80266,   0,82065
ER,78378,3678,   8
EC,1821,81244,   0,83066
ER,79333,3724,   8
EC,1843,82223,   0,84067
ER,80289,3769,   8
EC,1865,83202,   0,85067
ER,81243,3816,   8
decrypt, 56126726,56126734
encrypt, 56126900,56126906
t,25983,56126898,0,0,56127076
EC,1888,84179,   0,86068
ER,82195,3864,   8
EC,1912,85156,   0,87068
ER,83147,3912,   8
EC,1934,86135,   0,88069
ER,84104,3957,   8
EC,1956,87113,   0,89069
ER,85057,4003,   8
EC,1985,88085,   0,90070
ER,86012,4050,   8
EC,2007,89062,   0,91070
ER,86965,4096,   8
decrypt, 60065070,60065078
encrypt, 60065244,60065250
t,25984,60065242,0,0,60065420
EC,2031,90040,   0,92071
ER,87917,4145,   8
EC,2056,91015,   0,93072
ER,88868,4195,   8
EC,2079,91993,   0,94072
ER,89821,4242,   8
EC,2102,92971,   0,95073
ER,90774,4290,   8
EC,2126,93947,   0,96073
ER,91729,4336,   8
EC,2150,94923,   0,97074
ER,92681,4384,   8
decrypt, 63991552,63991560
encrypt, 63991724,63991730
t,25986,63991724,0,0,63991900
EC,2173,95901,   0,98074
ER,93636,4430,   8
EC,2195,96879,   0,99075
ER,94590,4476,   8
EC,2217,97858,   0,100075
ER,95544,4522,   8
EC,2239,98836,   0,101076
ER,96499,4568,   8
EC,2263,99813,   0,102076
ER,97451,4616,   8
EC,2287,100790,   0,103078
ER,98407,4662,   8
decrypt, 67923318,67923326
encrypt, 67923492,67923498
t,25987,67923490,0,0,67923668
EC,2315,101762,   0,104078
ER,99359,4710,   8
EC,2336,102741,   0,105078
ER,100315,4754,   8
EC,2361,103717,   0,106079
ER,101271,4800,   8
EC,2392,104687,   0,107080
ER,102225,4846,   8
EC,2414,105665,   0,108080
ER,103179,4892,   8
EC,2436,106644,   0,109080
ER,104133,4939,   8
decrypt, 71858590,71858598
encrypt, 71858764,71858770
t,25988,71858762,0,0,71858940
EC,2465,107616,   0,110081
ER,105088,4984,   8
EC,2487,108594,   0,111081
ER,106043,5030,   8
EC,2509,109573,   0,112082
ER,106997,5077,   8
EC,2531,110551,   0,113083
ER,107950,5124,   8
EC,2554,111529,   0,114083
ER,108903,5171,   8
EC,2576,112508,   0,115084
ER,109859,5216,   8
decrypt, 75790216,75790224
encrypt, 75790388,75790394
t,25989,75790388,0,0,75790564
EC,2599,113485,   0,116084
ER,110812,5263,   8
EC,2620,114464,   0,117085
ER,111768,5308,   8
EC,2642,115443,   0,118085
ER,112722,5354,   8
EC,2665,116421,   0,119086
ER,113676,5401,   8
EC,2687,117399,   0,120086
ER,114631,5447,   8
EC,2709,118378,   0,121087
ER,115585,5493,   8
decrypt, 79731184,79731190
encrypt, 79731356,79731362
t,25990,79731354,0,0,79731534
EC,2732,119355,   0,122087
ER,116537,5541,   8
EC,2754,120333,   0,123088
ER,117492,5587,   8
EC,2776,121312,   0,124089
ER,118447,5633,   8
EC,2799,122290,   0,125089
ER,119401,5679,   8
EC,2822,123268,   0,126090
ER,120356,5725,   8
EC,2844,124246,   0,127090
ER,121310,5772,   8
decrypt, 83654164,83654172
encrypt, 83654336,83654342
t,25992,83654336,0,0,83654514
EC,2867,125223,   0,128091
ER,122266,5816,   8
EC,2889,126202,   0,129091
ER,123221,5862,   8
EC,2911,127180,   0,130092
ER,124176,5907,   8
EC,2936,128156,   0,131092
ER,125131,5952,   8
EC,2959,129134,   0,132093
ER,126085,5999,   8
EC,2981,130112,   0,133094
ER,127039,6046,   8
decrypt, 87584972,87584980
encrypt, 87585146,87585152
t,25993,87585144,0,0,87585322
EC,3004,131089,   0,134094
ER,127993,6092,   8
EC,3026,132068,   0,135095
ER,128947,6139,   8
EC,3048,133046,   0,136095
ER,129903,6184,   8
EC,3070,134026,   0,137096
ER,130859,6229,   8
EC,3093,135003,   0,138096
ER,131813,6274,   8
EC,3115,135982,   0,139097
ER,132768,6320,   8
decrypt, 91519588,91519596
encrypt, 91519762,91519768
t,25994,91519760,0,0,91519938
EC,3138,136959,   0,140097
ER,133721,6367,   8
EC,3159,137938,   0,141098
ER,134676,6413,   8
EC,3181,138917,   0,142098
ER,135631,6458,   8
EC,3203,139895,   0,143099
ER,136586,6504,   8
EC,3226,140873,   0,144100
ER,137540,6551,   8
EC,3248,141852,   0,145100
ER,138493,6598,   8
decrypt, 95453056,95453064
encrypt, 95453230,95453236
t,25995,95453228,0,0,95453406
EC,3272,142829,   0,146101
ER,139445,6647,   8
EC,3294,143807,   0,147101
ER,140398,6695,   8
EC,3316,144786,   0,148102
ER,141352,6741,   8
EC,3337,145764,   0,149102
ER,142307,6786,   8
EC,3360,146743,   0,150103
ER,143261,6833,   8
EC,3382,147721,   0,151104
ER,144215,6879,   8
decrypt, 99381290,99381298
encrypt, 99381462,99381468
t,25996,99381462,0,0,99381638
EC,3405,148699,   0,152104
ER,145170,6925,   8
EC,3427,149677,   0,153104
ER,146123,6972,   8
EC,3450,150655,   0,154105
ER,147076,7020,   8
EC,3472,151633,   0,155106
ER,148031,7066,   8
EC,3494,152612,   0,156106
ER,148985,7112,   8
EC,3516,153590,   0,157107
ER,149939,7159,   8
decrypt, 103315158,103315168
encrypt, 103315344,103315350
t,25998,103315342,0,0,103315532
EC,3539,154568,   0,158107
ER,150893,7206,   8
EC,3561,155547,   0,159108
ER,151848,7251,   8
EC,3582,156525,   0,160108
ER,152802,7297,   8
EC,3605,157504,   0,161109
ER,153756,7345,   8
EC,3627,158482,   0,162110
ER,154708,7393,   8
EC,3649,159461,   0,163110
ER,155663,7438,   8
decrypt, 107246334,107246342
encrypt, 107246518,107246524
t,25999,107246518,0,0,107246706
EC,3673,160437,   0,164111
ER,156618,7484,   8
EC,3694,161417,   0,165111
ER,157574,7529,   8
EC,3716,162395,   0,166112
ER,158527,7576,   8
EC,3739,163373,   0,167112
ER,159479,7624,   8
EC,3760,164352,   0,168113
ER,160434,7670,   8
EC,3783,165330,   0,169113
ER,161386,7718,   8
decrypt, 111178134,111178142
encrypt, 111178318,111178324
t,26000,111178316,0,0,111178506
EC,3806,166307,   0,170114
ER,162340,7765,   8
EC,3827,167286,   0,171114
ER,163295,7811,   8
EC,3850,168265,   0,172115
ER,164249,7857,   8
EC,3871,169244,   0,173115
ER,165204,7903,   8
EC,3893,170222,   0,174116
ER,166158,7949,   8
EC,3915,171201,   0,175117
ER,167114,7994,   8
decrypt, 115116174,115116182
encrypt, 115116360,115116366
t,26001,115116358,0,0,115116546
EC,3938,172179,   0,176118
ER,168069,8040,   8
EC,3960,173157,   0,177118
ER,169022,8087,   8
EC,3982,174136,   0,178118
ER,169976,8133,   8
EC,4004,175115,   0,179119
ER,170930,8180,   8
