TT,07,29,21,02,59,58,336588
 ] Starting Contiki-NG-release/v4.6-70-g9ff7b4bdb-dirty
[INFO: Main      ] - Routing: RPL Lite
[INFO: Main      ] - Net: sicslowpan
[INFO: Main      ] - MAC: CSMA
[INFO: Main      ] - 802.15.4 PANID: 0xabcd
[INFO: Main      ] - 802.15.4 Default channel: 26
[INFO: Main      ] Node ID: 56377
[INFO: Main      ] Link-layer address: 0012.4b00[INFO: Main      ] Starting Contiki-NG-release/v4.6-70-g9ff7b4bdb-dirty
[INFO: Main      ] - Routing: RPL Lite
[INFO: Main      ] - Net: sicslowpan
[INFO: Main      ] - MAC: CSMA
[INFO: Main      ] - 802.15.4 PANID: 0xabcd
[INFO: Main      ] - 802.15.4 Default channel: 26
[INFO: Main      ] Node ID: 56377
[INFO: Main      ] Link-layer address: 0012.4b00.1204.dc39
[INFO: Main      ] Tentative link-local IPv6 address: fe80::212:4b00:1204:dc39
[INFO: CC26xx/CC13xx] TI CC2650 SensorTag
[INFO: CC26xx/CC13xx]  RF: Channel 26, PANID 0xABCD
EC,  23, 997,   0,1021
ER,1012,   1,   8
t,10422,1007144,1007156
EC,  27,1994,   0,2022
ER,2011,   2,   8
EC,  30,2991,   0,3022
ER,3010,   3,   8
EC,  54,3968,   0,4023
ER,3986,  28,   8
EC,  75,4947,   0,5023
ER,4954,  60,   8
EC, 101,5922,   0,6024
ER,5922,  93,   8
EC, 127,6897,   0,7024
ER,6890, 126,   8
EC, 150,7874,   0,8025
ER,7857, 159,   8
EC, 172,8853,   0,9025
ER,8824, 192,   8
EC, 203,9823,   0,10026
ER,9791, 226,   8
EC, 225,10801,   0,11027
ER,10759, 258,   8
EC, 253,11774,   0,12027
ER,11726, 293,   8
EC, 275,12752,   0,13028
ER,12693, 325,   8
EC, 301,13728,   0,14029
ER,13661, 360,   8
EC, 323,14706,   0,15029
ER,14627, 393,   8
EC, 345,15684,   0,16029
ER,15595, 425,   8
EC, 368,16662,   0,17030
ER,16564, 457,   8
EC, 390,17640,   0,18030
ER,17531, 490,   8
EC, 412,18618,   0,19031
ER,18498, 524,   8
EC, 442,19589,   0,20031
ER,19464, 559,   8
EC, 465,20568,   0,21033
ER,20431, 593,   8
EC, 486,21546,   0,22033
ER,21398, 626,   8
EC, 508,22524,   0,23033
ER,22365, 659,   8
EC, 531,23502,   0,24034
ER,23331, 693,   8
EC, 553,24481,   0,25034
ER,24299, 726,   8
EC, 575,25460,   0,26035
ER,25266, 760,   8
EC, 596,26438,   0,27035
ER,26233, 793,   8
EC, 618,27417,   0,28036
ER,27201, 827,   8
EC, 640,28396,   0,29036
ER,28167, 861,   8
EC, 662,29375,   0,30037
ER,29136, 893,   8
EC, 683,30354,   0,31038
ER,30103, 926,   8
EC, 705,31332,   0,32038
ER,31071, 959,   8
EC, 728,32311,   0,33039
ER,32037, 993,   8
EC, 750,33289,   0,34040
ER,33005,1026,   8
EC, 771,34268,   0,35040
ER,33973,1058,   8
EC, 794,35246,   0,36040
ER,34940,1092,   8
EC, 815,36226,   0,37041
ER,35908,1124,   8
EC, 837,37204,   0,38041
ER,36875,1157,   8
EC, 859,38183,   0,39042
ER,37843,1191,   8
EC, 881,39161,   0,40043
ER,38810,1224,   8
EC, 903,40140,   0,41043
ER,39777,1258,   8
EC, 924,41119,   0,42044
ER,40745,1290,   8
EC, 947,42097,   0,43044
ER,41710,1325,   8
EC, 959,43085,   0,44045
ER,42694,1342,   8
EC, 961,44084,   0,45046
ER,43695,1342,   8
EC, 964,45082,   0,46046
ER,44695,1342,   8
EC, 966,46080,   0,47047
ER,45696,1342,   8
EC, 969,47078,   0,48047
ER,46696,1342,   8
EC, 971,48076,   0,49047
ER,47696,1342,   8
EC, 974,49074,   0,50048
ER,48697,1343,   8
EC, 976,50072,   0,51049
ER,49697,1343,   8
EC, 979,51070,   0,52049
ER,50697,1343,   8
EC, 981,52069,   0,53050
ER,51698,1343,   8
EC, 983,53067,   0,54051
ER,52699,1343,   8
EC, 986,54065,   0,55051
ER,53699,1343,   8
EC, 989,55062,   0,56051
ER,54699,1344,   8
EC, 991,56060,   0,57052
ER,55699,1344,   8
EC, 993,57059,   0,58052
ER,56700,1344,   8
EC, 996,58057,   0,59053
ER,57701,1344,   8
EC, 998,59055,   0,60054
ER,58702,1344,   8
EC,1000,60054,   0,61055
ER,59702,1344,   8
EC,1003,61051,   0,62055
ER,60702,1344,   8
EC,1006,62049,   0,63055
ER,61701,1345,   8
EC,1009,63047,   0,64056
ER,62702,1345,   8
EC,1011,64045,   0,65057
ER,63702,1345,   8
EC,1014,65043,   0,66057
ER,64703,1346,   8
EC,1016,66041,   0,67058
ER,65703,1346,   8
EC,1019,67039,   0,68058
ER,66703,1346,   8
EC,1021,68037,   0,69059
ER,67704,1346,   8
EC,1024,69035,   0,70059
ER,68704,1346,   8
EC,1026,70033,   0,71060
ER,69705,1346,   8
EC,1029,71031,   0,72061
ER,70705,1346,   8
EC,1031,72030,   0,73061
ER,71706,1346,   8
EC,1034,73027,   0,74062
ER,72706,1347,   8
EC,1036,74025,   0,75062
ER,73706,1347,   8
EC,1039,75024,   0,76063
ER,74707,1347,   8
EC,1041,76022,   0,77063
ER,75707,1347,   8
EC,1043,77020,   0,78064
ER,76708,1347,   8
EC,1046,78018,   0,79064
ER,77708,1347,   8
EC,1048,79016,   0,80065
ER,78708,1348,   8
EC,1051,80014,   0,81065
ER,79708,1348,   8
EC,1053,81012,   0,82065
ER,80709,1348,   8
EC,1056,82011,   0,83067
ER,81710,1348,   8
EC,1058,83009,   0,84067
ER,82710,1348,   8
EC,1060,84007,   0,85068
ER,83711,1348,   8
EC,1063,85005,   0,86068
ER,84711,1348,   8
EC,1065,86003,   0,87069
ER,85712,1348,   8
EC,1068,87001,   0,88069
ER,86712,1348,   8
EC,1070,87999,   0,89070
ER,87712,1349,   8
EC,1073,88997,   0,90070
ER,88713,1349,   8
EC,1075,89995,   0,91071
ER,89713,1349,   8
EC,1078,90993,   0,92071
ER,90713,1349,   8
EC,1081,91990,   0,93072
ER,91713,1350,   8
EC,1084,92988,   0,94072
ER,92712,1351,   8
EC,1086,93986,   0,95073
ER,93713,1351,   8
EC,1089,94984,   0,96074
ER,94714,1351,   8
EC,1091,95983,   0,97074
ER,95714,1351,   8
EC,1094,96980,   0,98075
ER,96713,1352,   8
EC,1097,97978,   0,99075
ER,97714,1352,   8
EC,1099,98976,   0,100076
ER,98715,1352,   8
EC,1101,99975,   0,101076
ER,99715,1352,   8
EC,1104,100972,   0,102077
ER,100715,1353,   8
EC,1106,101970,   0,103077
ER,101716,1353,   8
EC,1109,102968,   0,104078
ER,102716,1353,   8
EC,1112,103966,   0,105078
ER,103716,1353,   8
EC,1114,104964,   0,106079
ER,104717,1353,   8
EC,1116,105963,   0,107080
ER,105718,1353,   8
EC,1119,106961,   0,108080
ER,106718,1353,   8
EC,1121,107959,   0,109081
ER,107719,1353,   8
EC,1124,108957,   0,110081
ER,108719,1354,   8
EC,1126,109955,   0,111082
ER,109719,1354,   8
EC,1129,110953,   0,112083
ER,110720,1354,   8
EC,1131,111951,   0,113083
ER,111721,1354,   8
EC,1134,112950,   0,114084
ER,112721,1354,   8
EC,1136,113948,   0,115084
ER,113722,1354,   8
EC,1139,114945,   0,116084
ER,114721,1354,   8
EC,1141,115943,   0,117085
ER,115722,1354,   8
EC,1143,116941,   0,118085
ER,116722,1354,   8
EC,1146,117940,   0,119086
ER,117723,1354,   8
EC,1148,118938,   0,120087
ER,118724,1354,   8
EC,1151,119936,   0,121087
ER,119724,1354,   8
EC,1154,120934,   0,122088
ER,120724,1355,   8
EC,1157,121931,   0,123088
ER,121723,1356,   8
EC,1159,122929,   0,124089
ER,122723,1356,   8
EC,1162,123927,   0,125089
ER,123724,1356,   8
EC,1164,124925,   0,126090
ER,124725,1357,   8
EC,1167,125924,   0,127091
ER,125725,1357,   8
EC,1170,126921,   0,128091
ER,126724,1358,   8
EC,1172,127919,   0,129092
ER,127725,1358,   8
EC,1175,128917,   0,130092
ER,128726,1358,   8
EC,1177,129915,   0,131093
ER,129726,1358,   8
EC,1179,130914,   0,132094
ER,130727,1358,   8
EC,1182,131912,   0,133094
ER,131727,1358,   8
EC,1185,132909,   0,134094
ER,132727,1359,   8
EC,1187,133907,   0,135095
ER,133727,1359,   8
EC,1189,134905,   0,136095
ER,134728,1359,   8
EC,1192,135904,   0,137096
ER,135729,1359,   8
EC,1194,136902,   0,138097
ER,136729,1359,   8
EC,1197,137900,   0,139097
ER,137730,1359,   8
EC,1199,138898,   0,140098
ER,138730,1359,   8
EC,1202,139896,   0,141098
ER,139730,1359,   8
EC,1204,140895,   0,142099
ER,140731,1359,   8
EC,1206,141893,   0,143100
ER,141732,1359,   8
EC,1209,142891,   0,144100
ER,142732,1359,   8
EC,1211,143889,   0,145101
ER,143733,1359,   8
EC,1214,144886,   0,146101
ER,144732,1360,   8
EC,1216,145884,   0,147101
ER,145733,1360,   8
EC,1219,146882,   0,148102
ER,146733,1360,   8
EC,1221,147881,   0,149103
ER,147734,1360,   8
EC,1224,148879,   0,150103
ER,148735,1360,   8
EC,1226,149877,   0,151104
ER,149735,1360,   8
EC,1229,150875,   0,152104
ER,150735,1360,   8
EC,1232,151872,   0,153105
ER,151735,1361,   8
EC,1234,152870,   0,154105
ER,152735,1361,   8
EC,1237,153869,   0,155106
ER,153736,1362,   8
EC,1240,154866,   0,156106
ER,154736,1362,   8
EC,1243,155864,   0,157107
ER,155736,1362,   8
EC,1246,156861,   0,158108
ER,156736,1363,   8
EC,1248,157859,   0,159108
ER,157736,1363,   8
EC,1251,158857,   0,160108
ER,158737,1363,   8
EC,1253,159856,   0,161109
ER,159738,1363,   8
EC,1255,160854,   0,162110
ER,160738,1363,   8
EC,1258,161852,   0,163111
ER,161739,1363,   8
EC,1261,162850,   0,164111
ER,162739,1363,   8
EC,1263,163848,   0,165112
ER,163739,1364,   8
EC,1266,164846,   0,166112
ER,164740,1364,   8
EC,1268,165844,   0,167113
ER,165740,1364,   8
EC,1270,166842,   0,168113
ER,166741,1364,   8
EC,1273,167841,   0,169114
ER,167741,1364,   8
EC,1276,168838,   0,170114
ER,168741,1364,   8
EC,1278,169836,   0,171114
ER,169741,1364,   8
EC,1281,170834,   0,172115
ER,170742,1365,   8
EC,1284,171832,   0,173116
ER,171741,1366,   8
EC,1286,172830,   0,174117
ER,172742,1366,   8
EC,1289,173828,   0,175117
ER,173742,1366,   8
EC,1291,174826,   0,176118
ER,174742,1367,   8
EC,1294,175824,   0,177118
ER,175743,1367,   8
EC,1296,176822,   0,178119
ER,176743,1367,   8
EC,1298,177820,   0,179119
ER,177744,1367,   8
