[INFO: Main      ] Starting Contiki-NG-release/v4.6-70-g9ff7b4bdb-dirty
[INFO: Main      ] - Routing: RPL Lite
[INFO: Main      ] - Net: sicslowpan
[INFO: Main      ] - MAC: CSMA
[INFO: Main      ] - 802.15.4 PANID: 0xabcd
[INFO: Main      ] - 802.15.4 Default channel: 26
[INFO: Main      ] Node ID: 56377
[INFO: Main      ] Link-layer address: 0012.4b00.1204.dc39
[INFO: Main      ] Tentative link-local IPv6 address: fe80::212:4b00:1204:dc39
[INFO: CC26xx/CC13xx] TI CC2650 SensorTag
[INFO: CC26xx/CC13xx]  RF: Channel 26, PANID 0xABCD
EC,  31, 990,   0,1021
ER,1011,   1,   8
decrypt, 1026592,1026604
encrypt, 1026930,1026942
htfin:1027102
#,#decrypt, 1031230,1031242
encrypt, 1031394,1031406
t,54677,1031394,0,0,1031564
EC,  98,1923,   0,2022
ER,2010,   3,   8
EC, 149,2873,   0,3023
ER,3010,   4,   8
EC, 210,3813,   0,4023
ER,4010,   4,   8
EC, 271,4752,   0,5024
ER,5011,   4,   8
EC, 333,5691,   0,6024
ER,6011,   4,   8
EC, 394,6630,   0,7025
ER,7011,   5,   8
decrypt, 4966474,4966488
encrypt, 4966642,4966650
t,54679,4966640,0,0,4966808
EC, 462,7563,   0,8026
ER,8012,   5,   8
EC, 523,8501,   0,9025
ER,9011,   5,   8
EC, 574,9452,   0,10026
ER,10013,   5,   8
EC, 636,10390,   0,11026
ER,11012,   5,   8
EC, 696,11331,   0,12028
ER,12014,   5,   8
EC, 756,12272,   0,13028
ER,13014,   5,   8
decrypt, 8897868,8897882
encrypt, 8898036,8898044
t,54680,8898034,0,0,8898202
EC, 819,13209,   0,14029
ER,14014,   6,   8
EC, 864,14165,   0,15029
ER,15014,   6,   8
EC, 916,15113,   0,16030
ER,16015,   6,   8
EC, 963,16067,   0,17030
ER,17015,   6,   8
EC,1007,17023,   0,18031
ER,18016,   6,   8
EC,1051,17980,   0,19031
ER,19016,   6,   8
decrypt, 12830820,12830834
encrypt, 12831000,12831008
t,54681,12830998,0,0,12831178
EC,1097,18935,   0,20032
ER,20017,   6,   8
EC,1147,19885,   0,21033
ER,21017,   7,   8
EC,1205,20828,   0,22033
ER,22017,   7,   8
EC,1257,21776,   0,23034
ER,23018,   7,   8
EC,1305,22729,   0,24034
ER,24019,   7,   8
EC,1353,23682,   0,25035
ER,25019,   7,   8
decrypt, 16761682,16761696
encrypt, 16761860,16761870
t,54682,16761860,0,0,16762040
EC,1397,24637,   0,26035
ER,26019,   7,   8
EC,1449,25587,   0,27036
ER,27020,   7,   8
EC,1494,26542,   0,28036
ER,28021,   7,   8
EC,1543,27494,   0,29037
ER,29021,   7,   8
EC,1587,28450,   0,30037
ER,30021,   7,   8
EC,1625,29413,   0,31038
ER,31022,   7,   8
decrypt, 20696292,20696306
encrypt, 20696470,20696480
t,54683,20696470,0,0,20696650
EC,1677,30361,   0,32039
ER,32022,   8,   8
EC,1711,31328,   0,33039
ER,33022,   8,   8
EC,1748,32291,   0,34040
ER,34023,   8,   8
EC,1782,33258,   0,35040
ER,35024,   8,   8
EC,1820,34220,   0,36041
ER,36024,   8,   8
EC,1857,35184,   0,37041
ER,37025,   8,   8
decrypt, 24626102,24626116
encrypt, 24626280,24626290
t,54685,24626280,0,0,24626460
EC,1906,36136,   0,38042
ER,38025,   8,   8
EC,1946,37096,   0,39043
ER,39025,   8,   8
EC,1985,38058,   0,40043
ER,40026,   8,   8
EC,2018,39026,   0,41044
ER,41026,   8,   8
EC,2054,39990,   0,42044
ER,42027,   8,   8
EC,2095,40950,   0,43045
ER,43028,   8,   8
decrypt, 28559840,28559852
encrypt, 28560018,28560026
t,54686,28560016,0,0,28560196
EC,2135,41910,   0,44045
ER,44028,   9,   8
EC,2167,42877,   0,45045
ER,45028,   9,   8
EC,2199,43847,   0,46046
ER,46028,   9,   8
EC,2226,44820,   0,47047
ER,47029,   9,   8
EC,2255,45792,   0,48048
ER,48030,   9,   8
EC,2283,46764,   0,49047
ER,49029,   9,   8
decrypt, 32490842,32490854
encrypt, 32491020,32491028
t,54687,32491018,0,0,32491200
EC,2317,47730,   0,50048
ER,50030,   9,   8
EC,2346,48703,   0,51049
ER,51031,   9,   8
EC,2378,49671,   0,52049
ER,52031,   9,   8
EC,2409,50641,   0,53050
ER,53031,  10,   8
EC,2446,51604,   0,54051
ER,54032,  10,   8
EC,2482,52569,   0,55051
ER,55033,  10,   8
decrypt, 36423040,36423052
encrypt, 36423218,36423226
t,54688,36423216,0,0,36423396
EC,2520,53531,   0,56051
ER,56032,  10,   8
EC,2545,54506,   0,57052
ER,57033,  10,   8
EC,2609,55443,   0,58052
ER,58033,  10,   8
EC,2681,56372,   0,59054
ER,59034,  10,   8
