[INFO: Main      ] Starting Contiki-NG-release/v4.6-70-g9ff7b4bdb-dirty
[INFO: Main      ] - Routing: RPL Lite
[INFO: Main      ] - Net: sicslowpan
[INFO: Main      ] - MAC: CSMA
[INFO: Main      ] - 802.15.4 PANID: 0xabcd
[INFO: Main      ] - 802.15.4 Default channel: 26
[INFO: Main      ] Node ID: 56377
[INFO: Main      ] Link-layer address: 0012.4b00.1204.dc39
[INFO: Main      ] Tentative link-local IPv6 address: fe80::212:4b00:1204:dc39
[INFO: CC26xx/CC13xx] TI CC2650 SensorTag
[INFO: CC26xx/CC13xx]  RF: Channel 26, PANID 0xABCD
EC,  31, 990,   0,1021
ER,1011,   1,   8
decrypt, 893438,893452
encrypt, 893768,893780
htfin:893928
#,#decrypt, 898556,898570
encrypt, 898712,898724
t,38671,898710,0,0,898872
EC,  57,1964,   0,2022
ER,2009,   3,   8
EC, 113,2910,   0,3023
ER,3010,   4,   8
EC, 174,3848,   0,4023
ER,4010,   4,   8
EC, 229,4795,   0,5024
ER,5011,   4,   8
EC, 296,5727,   0,6024
ER,6011,   4,   8
EC, 348,6676,   0,7025
ER,7012,   4,   8
decrypt, 4834444,4834460
encrypt, 4834614,4834624
t,38675,4834612,0,0,4834782
EC, 408,7617,   0,8025
ER,8012,   5,   8
EC, 467,8558,   0,9026
ER,9012,   5,   8
EC, 533,9493,   0,10026
ER,10012,   5,   8
EC, 597,10429,   0,11027
ER,11013,   5,   8
EC, 655,11372,   0,12027
ER,12014,   5,   8
EC, 716,12311,   0,13028
ER,13014,   5,   8
decrypt, 8765064,8765078
encrypt, 8765232,8765242
t,38676,8765230,0,0,8765400
EC, 768,13260,   0,14029
ER,14014,   6,   8
EC, 831,14197,   0,15029
ER,15014,   6,   8
EC, 874,15155,   0,16029
ER,16015,   6,   8
EC, 916,16114,   0,17030
ER,17016,   6,   8
EC, 962,17068,   0,18030
ER,18016,   6,   8
EC, 997,18034,   0,19031
ER,19017,   6,   8
decrypt, 12698230,12698246
encrypt, 12698412,12698422
t,38677,12698410,0,0,12698592
EC,1037,18993,   0,20031
ER,20016,   6,   8
EC,1091,19941,   0,21033
ER,21018,   6,   8
EC,1146,20887,   0,22033
ER,22017,   6,   8
EC,1195,21838,   0,23034
ER,23018,   7,   8
EC,1245,22789,   0,24034
ER,24019,   7,   8
EC,1286,23748,   0,25035
ER,25019,   7,   8
decrypt, 16630426,16630442
encrypt, 16630608,16630618
t,38678,16630606,0,0,16630788
EC,1334,24701,   0,26035
ER,26019,   7,   8
EC,1377,25658,   0,27036
ER,27020,   7,   8
EC,1432,26604,   0,28036
ER,28020,   7,   8
EC,1473,27562,   0,29036
ER,29020,   7,   8
EC,1514,28523,   0,30038
ER,30022,   7,   8
EC,1555,29482,   0,31038
ER,31021,   7,   8
decrypt, 20563140,20563156
encrypt, 20563320,20563330
t,38679,20563320,0,0,20563502
EC,1597,30441,   0,32039
ER,32022,   8,   8
EC,1637,31402,   0,33039
ER,33023,   8,   8
EC,1676,32364,   0,34040
ER,34023,   8,   8
EC,1714,33326,   0,35040
ER,35024,   8,   8
EC,1756,34284,   0,36041
ER,36024,   8,   8
EC,1795,35246,   0,37041
ER,37025,   8,   8
decrypt, 24496360,24496376
encrypt, 24496542,24496552
t,38681,24496540,0,0,24496722
EC,1838,36203,   0,38041
ER,38024,   8,   8
EC,1878,37164,   0,39043
ER,39025,   8,   8
EC,1916,38127,   0,40043
ER,40026,   8,   8
EC,1952,39092,   0,41044
ER,41026,   8,   8
EC,1989,40054,   0,42044
ER,42026,   9,   8
EC,2025,41019,   0,43044
ER,43026,   9,   8
decrypt, 28428562,28428576
encrypt, 28428742,28428752
t,38682,28428740,0,0,28428922
EC,2051,41993,   0,44045
ER,44027,   9,   8
EC,2088,42958,   0,45046
ER,45028,   9,   8
EC,2121,43925,   0,46046
ER,46029,   9,   8
EC,2155,44892,   0,47047
ER,47029,   9,   8
EC,2182,45865,   0,48047
ER,48029,   9,   8
EC,2207,46840,   0,49048
ER,49030,   9,   8
decrypt, 32358370,32358386
encrypt, 32358550,32358560
t,38683,32358550,0,0,32358730
EC,2243,47805,   0,50049
ER,50030,  10,   8
EC,2280,48768,   0,51048
ER,51030,  10,   8
EC,2312,49737,   0,52050
ER,52031,  10,   8
EC,2343,50706,   0,53050
ER,53031,  10,   8
EC,2372,51678,   0,54051
ER,54032,  10,   8
EC,2413,52638,   0,55051
ER,55032,  10,   8
decrypt, 36290908,36290924
encrypt, 36291088,36291098
t,38684,36291088,0,0,36291268
EC,2442,53609,   0,56051
ER,56032,  10,   8
EC,2470,54581,   0,57052
ER,57033,  10,   8
EC,2523,55529,   0,58053
ER,58034,  10,   8
EC,2595,56458,   0,59053
ER,59034,  11,   8
