[INFO: Main      ] Starting Contiki-NG-release/v4.6-70-g9ff7b4bdb-dirty
[INFO: Main      ] - Routing: RPL Lite
[INFO: Main      ] - Net: sicslowpan
[INFO: Main      ] - MAC: CSMA
[INFO: Main      ] - 802.15.4 PANID: 0xabcd
[INFO: Main      ] - 802.15.4 Default channel: 26
[INFO: Main      ] Node ID: 56377
[INFO: Main      ] Link-layer address: 0012.4b00.1204.dc39
[INFO: Main      ] Tentative link-local IPv6 address: fe80::212:4b00:1204:dc39
[INFO: CC26xx/CC13xx] TI CC2650 SensorTag
[INFO: CC26xx/CC13xx]  RF: Channel 26, PANID 0xABCD
EC,  29, 992,   0,1021
ER,1013,   0,   8
EC,  39,1983,   0,2022
ER,2012,   1,   8
decrypt, 1709740,1709746
encrypt, 1710074,1710080
htfin:1710240
#,#decrypt, 1717588,1717594
encrypt, 1717748,1717754
t,871,1717746,0,0,1717912
EC,  74,2948,   0,3023
ER,3010,   4,   8
EC, 120,3903,   0,4023
ER,4011,   4,   8
EC, 167,4857,   0,5024
ER,5011,   4,   8
EC, 217,5807,   0,6024
ER,6011,   4,   8
EC, 266,6759,   0,7025
ER,7012,   4,   8
EC, 312,7713,   0,8026
ER,8012,   4,   8
decrypt, 5651640,5651648
encrypt, 5651802,5651808
t,872,5651800,0,0,5651966
EC, 361,8665,   0,9026
ER,9012,   5,   8
EC, 417,9609,   0,10026
ER,10013,   5,   8
EC, 463,10563,   0,11026
ER,11013,   5,   8
EC, 503,11524,   0,12028
ER,12013,   6,   8
EC, 547,12481,   0,13028
ER,13014,   6,   8
EC, 588,13440,   0,14029
ER,14014,   6,   8
decrypt, 9584890,9584898
encrypt, 9585052,9585058
t,873,9585050,0,0,9585216
EC, 627,14402,   0,15029
ER,15014,   6,   8
EC, 665,15364,   0,16030
ER,16015,   6,   8
EC, 706,16324,   0,17030
ER,17015,   7,   8
EC, 742,17289,   0,18031
ER,18015,   7,   8
EC, 779,18252,   0,19032
ER,19016,   7,   8
EC, 816,19215,   0,20032
ER,20017,   7,   8
decrypt, 13518450,13518458
encrypt, 13518624,13518630
t,874,13518622,0,0,13518800
EC, 850,20182,   0,21032
ER,21016,   7,   8
EC, 881,21151,   0,22033
ER,22017,   7,   8
EC, 920,22113,   0,23034
ER,23017,   7,   8
EC, 957,23077,   0,24034
ER,24018,   8,   8
EC, 993,24041,   0,25034
ER,25018,   8,   8
EC,1027,25008,   0,26035
ER,26019,   8,   8
decrypt, 17450206,17450214
encrypt, 17450380,17450386
t,875,17450378,0,0,17450556
EC,1059,25976,   0,27036
ER,27019,   8,   8
EC,1088,26948,   0,28036
ER,28020,   8,   8
EC,1117,27919,   0,29036
ER,29019,   8,   8
EC,1146,28891,   0,30037
ER,30021,   8,   8
EC,1172,29865,   0,31037
ER,31021,   8,   8
EC,1211,30827,   0,32038
ER,32021,   8,   8
decrypt, 21382638,21382646
encrypt, 21382812,21382818
t,877,21382810,0,0,21382988
EC,1254,31785,   0,33039
ER,33021,   9,   8
EC,1282,32757,   0,34040
ER,34022,   9,   8
EC,1318,33721,   0,35040
ER,35022,   9,   8
EC,1375,34665,   0,36040
ER,36023,   9,   8
EC,1441,35600,   0,37041
ER,37023,   9,   8
EC,1519,36522,   0,38041
ER,38023,   9,   8
decrypt, 25314850,25314858
encrypt, 25315024,25315030
t,878,25315022,0,0,25315200
EC,1599,37444,   0,39043
ER,39024,   9,   8
EC,1681,38362,   0,40043
ER,40025,   9,   8
EC,1764,39279,   0,41044
ER,41025,   9,   8
EC,1840,40204,   0,42044
ER,42026,   9,   8
EC,1922,41122,   0,43044
ER,43026,   9,   8
EC,1989,42056,   0,44045
ER,44027,   9,   8
decrypt, 29246290,29246298
encrypt, 29246464,29246470
t,879,29246462,0,0,29246640
EC,2079,42966,   0,45046
ER,45027,  10,   8
EC,2158,43888,   0,46046
ER,46028,  10,   8
EC,2221,44826,   0,47047
ER,47028,  10,   8
EC,2280,45767,   0,48047
ER,48028,  10,   8
EC,2347,46700,   0,49048
ER,49029,  10,   8
EC,2420,47628,   0,50048
ER,50029,  10,   8
decrypt, 33184204,33184212
encrypt, 33184378,33184384
t,880,33184376,0,0,33184554
EC,2492,48556,   0,51049
ER,51029,  11,   8
EC,2548,49501,   0,52049
ER,52030,  11,   8
EC,2601,50448,   0,53050
ER,53030,  11,   8
EC,2664,51386,   0,54050
ER,54031,  11,   8
EC,2725,52326,   0,55051
ER,55031,  11,   8
EC,2795,53256,   0,56051
ER,56031,  11,   8
decrypt, 37110414,37110422
encrypt, 37110586,37110592
t,881,37110586,0,0,37110764
EC,2853,54199,   0,57052
ER,57032,  12,   8
EC,2913,55139,   0,58052
ER,58032,  12,   8
EC,2959,56094,   0,59054
ER,59033,  12,   8
