[INFO: Main      ] Starting Contiki-NG-release/v4.6-70-g9ff7b4bdb-dirty
[INFO: Main      ] - Routing: RPL Lite
[INFO: Main      ] - Net: sicslowpan
[INFO: Main      ] - MAC: CSMA
[INFO: Main      ] - 802.15.4 PANID: 0xabcd
[INFO: Main      ] - 802.15.4 Default channel: 26
[INFO: Main      ] Node ID: 56377
[INFO: Main      ] Link-layer address: 0012.4b00.1204.dc39
[INFO: Main      ] Tentative link-local IPv6 address: fe80::212:4b00:1204:dc39
[INFO: CC26xx/CC13xx] TI CC2650 SensorTag
[INFO: CC26xx/CC13xx]  RF: Channel 26, PANID 0xABCD
EC,  30, 991,   0,1021
ER,1012,   0,   8
EC,  59,1962,   0,2022
ER,2012,   1,   8
decrypt, 1411778,1411790
encrypt, 1412118,1412130
htfin:1412290
#,#decrypt, 1420486,1420498
encrypt, 1420650,1420662
t,35769,1420648,0,0,1420822
EC, 106,2915,   0,3022
ER,3010,   3,   8
EC, 167,3855,   0,4023
ER,4010,   4,   8
EC, 230,4793,   0,5023
ER,5010,   4,   8
EC, 318,5706,   0,6024
ER,6011,   4,   8
EC, 391,6633,   0,7024
ER,7011,   4,   8
EC, 477,7548,   0,8026
ER,8012,   5,   8
decrypt, 5358970,5358982
encrypt, 5359136,5359146
t,35770,5359134,0,0,5359306
EC, 557,8468,   0,9026
ER,9012,   5,   8
EC, 639,9386,   0,10026
ER,10012,   5,   8
EC, 718,10309,   0,11027
ER,11013,   5,   8
EC, 803,11224,   0,12027
ER,12013,   5,   8
EC, 858,12170,   0,13028
ER,13014,   6,   8
EC, 941,13087,   0,14029
ER,14014,   6,   8
decrypt, 9292002,9292014
encrypt, 9292168,9292178
t,35771,9292166,0,0,9292338
EC,1012,14016,   0,15029
ER,15014,   6,   8
EC,1091,14939,   0,16030
ER,16015,   6,   8
EC,1175,15855,   0,17030
ER,17015,   6,   8
EC,1237,16794,   0,18031
ER,18016,   6,   8
EC,1313,17718,   0,19031
ER,19016,   6,   8
EC,1384,18648,   0,20032
ER,20017,   6,   8
decrypt, 13223346,13223360
encrypt, 13223526,13223536
t,35772,13223524,0,0,13223706
EC,1448,19584,   0,21032
ER,21017,   7,   8
EC,1503,20530,   0,22033
ER,22018,   7,   8
EC,1568,21466,   0,23034
ER,23018,   7,   8
EC,1628,22406,   0,24034
ER,24019,   7,   8
EC,1693,23341,   0,25035
ER,25019,   7,   8
EC,1764,24270,   0,26035
ER,26019,   7,   8
decrypt, 17155424,17155436
encrypt, 17155602,17155612
t,35773,17155600,0,0,17155782
EC,1822,25213,   0,27036
ER,27019,   8,   8
EC,1874,26162,   0,28036
ER,28020,   8,   8
EC,1934,27103,   0,29037
ER,29020,   8,   8
EC,1986,28051,   0,30037
ER,30021,   8,   8
EC,2031,29006,   0,31037
ER,31021,   8,   8
EC,2080,29958,   0,32038
ER,32022,   8,   8
decrypt, 21089160,21089172
encrypt, 21089338,21089348
t,35775,21089336,0,0,21089518
EC,2130,30909,   0,33039
ER,33022,   8,   8
EC,2176,31864,   0,34040
ER,34023,   8,   8
EC,2232,32807,   0,35040
ER,35023,   8,   8
EC,2273,33767,   0,36041
ER,36024,   8,   8
EC,2309,34732,   0,37041
ER,37024,   9,   8
EC,2384,35657,   0,38042
ER,38024,   9,   8
decrypt, 25020846,25020860
encrypt, 25021024,25021034
t,35776,25021024,0,0,25021206
EC,2450,36592,   0,39042
ER,39024,   9,   8
EC,2523,37519,   0,40043
ER,40025,   9,   8
EC,2599,38444,   0,41044
ER,41026,   9,   8
EC,2673,39371,   0,42044
ER,42026,   9,   8
EC,2752,40292,   0,43045
ER,43027,   9,   8
EC,2810,41235,   0,44045
ER,44027,   9,   8
decrypt, 28951786,28951798
encrypt, 28951964,28951974
t,35777,28951962,0,0,28952144
EC,2874,42170,   0,45045
ER,45027,  10,   8
EC,2954,43092,   0,46046
ER,46028,  10,   8
EC,3002,44044,   0,47047
ER,47028,  10,   8
EC,3073,44973,   0,48047
ER,48028,  10,   8
EC,3156,45891,   0,49048
ER,49029,  10,   8
EC,3210,46838,   0,50048
ER,50030,  10,   8
decrypt, 32884730,32884742
encrypt, 32884908,32884918
t,35778,32884906,0,0,32885088
EC,3274,47774,   0,51049
ER,51030,  10,   8
EC,3339,48710,   0,52050
ER,52030,  10,   8
EC,3414,49636,   0,53050
ER,53031,  10,   8
EC,3481,50568,   0,54050
ER,54031,  10,   8
EC,3554,51496,   0,55051
ER,55032,  10,   8
EC,3628,52423,   0,56052
ER,56033,  10,   8
decrypt, 36817156,36817170
encrypt, 36817334,36817344
t,35779,36817332,0,0,36817514
EC,3701,53351,   0,57052
ER,57033,  11,   8
EC,3764,54289,   0,58053
ER,58033,  11,   8
EC,3839,55214,   0,59053
ER,59034,  11,   8
