[INFO: Main      ] Starting Contiki-NG-release/v4.6-70-g9ff7b4bdb-dirty
[INFO: Main      ] - Routing: RPL Lite
[INFO: Main      ] - Net: sicslowpan
[INFO: Main      ] - MAC: CSMA
[INFO: Main      ] - 802.15.4 PANID: 0xabcd
[INFO: Main      ] - 802.15.4 Default channel: 26
[INFO: Main      ] Node ID: 56377
[INFO: Main      ] Link-layer address: 0012.4b00.1204.dc39
[INFO: Main      ] Tentative link-local IPv6 address: fe80::212:4b00:1204:dc39
[INFO: CC26xx/CC13xx] TI CC2650 SensorTag
[INFO: CC26xx/CC13xx]  RF: Channel 26, PANID 0xABCD
EC,  30, 991,   0,1021
ER,1011,   1,   8
decrypt, 910124,910136
encrypt, 910452,910462
htfin:910610
#,#decrypt, 917292,917304
encrypt, 917444,917454
t,46935,917442,0,0,917602
EC,  43,1978,   0,2022
ER,2009,   3,   8
EC,  70,2952,   0,3023
ER,3010,   4,   8
EC, 100,3923,   0,4023
ER,4010,   4,   8
EC, 134,4890,   0,5024
ER,5011,   4,   8
EC, 159,5864,   0,6024
ER,6011,   4,   8
EC, 188,6836,   0,7025
ER,7011,   4,   8
decrypt, 4853332,4853344
encrypt, 4853498,4853506
t,46939,4853496,0,0,4853666
EC, 222,7803,   0,8025
ER,8012,   5,   8
EC, 250,8776,   0,9026
ER,9012,   5,   8
EC, 280,9746,   0,10026
ER,10012,   5,   8
EC, 332,10694,   0,11026
ER,11013,   5,   8
EC, 405,11622,   0,12027
ER,12014,   5,   8
EC, 490,12537,   0,13028
ER,13014,   5,   8
decrypt, 8785790,8785802
encrypt, 8785956,8785964
t,46940,8785954,0,0,8786122
EC, 579,13449,   0,14028
ER,14014,   6,   8
EC, 654,14375,   0,15029
ER,15015,   6,   8
EC, 731,15298,   0,16030
ER,16015,   6,   8
EC, 813,16216,   0,17030
ER,17016,   6,   8
EC, 883,17147,   0,18030
ER,18016,   6,   8
EC, 973,18057,   0,19031
ER,19017,   6,   8
decrypt, 12716456,12716468
encrypt, 12716634,12716642
t,46941,12716632,0,0,12716812
EC,1046,18986,   0,20032
ER,20017,   6,   8
EC,1125,19907,   0,21032
ER,21017,   6,   8
EC,1192,20841,   0,22033
ER,22018,   6,   8
EC,1258,21775,   0,23034
ER,23019,   6,   8
EC,1320,22713,   0,24034
ER,24019,   6,   8
EC,1396,23638,   0,25035
ER,25019,   7,   8
decrypt, 16651712,16651724
encrypt, 16651890,16651898
t,46942,16651888,0,0,16652068
EC,1456,24579,   0,26035
ER,26019,   7,   8
EC,1529,25506,   0,27036
ER,27020,   7,   8
EC,1599,26437,   0,28037
ER,28020,   7,   8
EC,1667,27369,   0,29037
ER,29020,   7,   8
EC,1725,28311,   0,30037
ER,30021,   7,   8
EC,1787,29250,   0,31038
ER,31021,   7,   8
decrypt, 20581362,20581374
encrypt, 20581540,20581548
t,46943,20581538,0,0,20581718
EC,1857,30181,   0,32038
ER,32021,   8,   8
EC,1912,31126,   0,33039
ER,33022,   8,   8
EC,1978,32061,   0,34040
ER,34022,   8,   8
EC,2034,33006,   0,35040
ER,35023,   8,   8
EC,2088,33951,   0,36040
ER,36023,   8,   8
EC,2136,34905,   0,37041
ER,37024,   8,   8
decrypt, 24514216,24514228
encrypt, 24514392,24514400
t,46945,24514390,0,0,24514572
EC,2186,35856,   0,38042
ER,38024,   9,   8
EC,2235,36807,   0,39042
ER,39024,   9,   8
EC,2286,37757,   0,40043
ER,40026,   9,   8
EC,2328,38714,   0,41043
ER,41025,   9,   8
EC,2371,39672,   0,42044
ER,42026,   9,   8
EC,2418,40625,   0,43044
ER,43026,   9,   8
decrypt, 28445832,28445844
encrypt, 28446010,28446018
t,46946,28446008,0,0,28446188
EC,2462,41582,   0,44045
ER,44026,  10,   8
EC,2501,42543,   0,45045
ER,45027,  10,   8
EC,2570,43475,   0,46046
ER,46027,  10,   8
EC,2640,44406,   0,47047
ER,47028,  10,   8
EC,2711,45336,   0,48047
ER,48029,  10,   8
EC,2793,46255,   0,49048
ER,49029,  10,   8
decrypt, 32381638,32381650
encrypt, 32381816,32381824
t,46947,32381814,0,0,32381994
EC,2857,47191,   0,50048
ER,50029,  10,   8
EC,2927,48121,   0,51049
ER,51030,  10,   8
EC,2994,49054,   0,52049
ER,52030,  10,   8
EC,3059,49990,   0,53050
ER,53031,  10,   8
EC,3129,50921,   0,54050
ER,54031,  10,   8
EC,3210,51841,   0,55051
ER,55032,  10,   8
decrypt, 36319974,36319986
encrypt, 36320152,36320160
t,46948,36320150,0,0,36320330
EC,3272,52779,   0,56051
ER,56032,  11,   8
EC,3336,53716,   0,57052
ER,57032,  11,   8
EC,3401,54651,   0,58053
ER,58033,  11,   8
EC,3471,55582,   0,59054
ER,59034,  11,   8
