TT,07,27,21,13,56,08,618927
[INFO: Main      ] Starting Contiki-NG-release/v4.6-70-g9ff7b4bdb-dirty
[INFO: Main      ] - Routing: RPL Lite
[INFO: Main      ] - Net: sicslowpan
[INFO: Main      ] - MAC: CSMA
[INFO: Main      ] - 802.15.4 PANID: 0xabcd
[INFO: Main      ] - 802.15.4 Default channel: 26
[INFO: Main      ] Node ID: 65491
[INFO: Main      ] Link-layer address: 0012.4b00.1204.ffd3
[INFO: Main      ] Tentative link-local IPv6 address: fe80::212:4b00:1204:ffd3
[INFO: CC26xx/CC13xx] TI CC2650 SensorTag
[INFO: CC26xx/CC13xx]  RF: Channel 26, PANID 0xABCD
EC,  30, 991,   0,1021
ER,1011,   1,   8
decrypt, 783404,783416
encrypt, 783730,783742
htfin:783890
#,#decrypt, 789336,789348
encrypt, 789490,789500
p,64932,789488,0,0,789646
EC,  52,1969,   0,2022
ER,2009,   3,   8
EC,  90,2932,   0,3023
ER,3010,   4,   8
EC, 132,3891,   0,4023
ER,4010,   4,   8
EC, 172,4852,   0,5024
ER,5011,   4,   8
EC, 219,5804,   0,6024
ER,6010,   5,   8
EC, 266,6759,   0,7025
ER,7011,   5,   8
EC, 312,7713,   0,8025
ER,8012,   5,   8
EC, 351,8674,   0,9026
ER,9012,   5,   8
EC, 391,9635,   0,10026
ER,10013,   5,   8
EC, 435,10592,   0,11027
ER,11013,   5,   8
EC, 465,11562,   0,12028
ER,12014,   5,   8
EC, 511,12516,   0,13028
ER,13014,   6,   8
EC, 562,13467,   0,14029
ER,14014,   6,   8
EC, 612,14417,   0,15029
ER,15015,   6,   8
EC, 653,15377,   0,16030
ER,16016,   6,   8
EC, 702,16328,   0,17030
ER,17016,   6,   8
EC, 737,17292,   0,18030
ER,18016,   6,   8
EC, 776,18254,   0,19031
ER,19017,   6,   8
EC, 820,19211,   0,20031
ER,20017,   6,   8
EC, 867,20164,   0,21032
ER,21018,   6,   8
EC, 915,21117,   0,22033
ER,22018,   6,   8
EC, 960,22074,   0,23034
ER,23019,   6,   8
EC,1005,23029,   0,24034
ER,24020,   6,   8
EC,1048,23986,   0,25035
ER,25020,   6,   8
EC,1094,24941,   0,26035
ER,26020,   6,   8
EC,1141,25895,   0,27036
ER,27021,   7,   8
EC,1179,26857,   0,28036
ER,28021,   7,   8
EC,1217,27819,   0,29037
ER,29022,   7,   8
EC,1262,28775,   0,30038
ER,30022,   7,   8
EC,1302,29735,   0,31038
ER,31023,   7,   8
decrypt, 20457390,20457402
llego jejeje
encrypt, 20457640,20457646
n,64940,20457638,0,0,20457816
encrypt, 20457998,20458010
S,19005,20457996,0,0,20458178
encrypt, 20755914,20755926
S,19005,20755912,0,0,20756096
EC,1335,30702,   0,32038
ER,32022,   8,   8
encrypt, 21349906,21349918
S,19005,21349904,0,0,21350088
EC,1372,31667,   0,33039
ER,33021,  10,   8
EC,1413,32626,   0,34040
ER,34021,  10,   8
encrypt, 22538192,22538204
S,19005,22538190,0,0,22538374
EC,1452,33588,   0,35040
ER,35022,  10,   8
EC,1491,34549,   0,36041
ER,36022,  10,   8
EC,1526,35515,   0,37041
ER,37022,  10,   8
encrypt, 24914000,24914012
S,19005,24913998,0,0,24914182
EC,1560,36481,   0,38041
ER,38022,  10,   8
EC,1583,37459,   0,39042
ER,39023,  10,   8
EC,1619,38423,   0,40042
ER,40023,  10,   8
EC,1655,39388,   0,41043
ER,41024,  10,   8
EC,1689,40354,   0,42044
ER,42025,  10,   8
EC,1728,41316,   0,43044
ER,43025,  10,   8
EC,1760,42285,   0,44045
ER,44026,  10,   8
EC,1793,43252,   0,45046
ER,45026,  11,   8
EC,1828,44218,   0,46046
ER,46026,  11,   8
EC,1865,45181,   0,47047
ER,47027,  11,   8
EC,1894,46153,   0,48047
ER,48028,  11,   8
EC,1926,47122,   0,49048
ER,49028,  11,   8
EC,1958,48090,   0,50049
ER,50029,  11,   8
EC,1991,49058,   0,51049
ER,51029,  11,   8
EC,2018,50031,   0,52050
ER,52030,  11,   8
EC,2051,50999,   0,53050
ER,53030,  11,   8
EC,2075,51975,   0,54051
ER,54031,  11,   8
EC,2101,52950,   0,55051
ER,55032,  11,   8
EC,2127,53924,   0,56051
ER,56031,  11,   8
EC,2153,54898,   0,57052
ER,57033,  11,   8
EC,2180,55872,   0,58052
ER,58033,  11,   8
EC,2193,56860,   0,59053
ER,59034,  11,   8
