TT,07,27,21,13,21,27,732644
[INFO: Main      ] Starting Contiki-NG-release/v4.6-70-g9ff7b4bdb-dirty
[INFO: Main      ] - Routing: RPL Lite
[INFO: Main      ] - Net: sicslowpan
[INFO: Main      ] - MAC: CSMA
[INFO: Main      ] - 802.15.4 PANID: 0xabcd
[INFO: Main      ] - 802.15.4 Default channel: 26
[INFO: Main      ] Node ID: 56377
[INFO: Main      ] Link-layer address: 0012.4b00.1204.dc39
[INFO: Main      ] Tentative link-local IPv6 address: fe80::212:4b00:1204:dc39
[INFO: CC26xx/CC13xx] TI CC2650 SensorTag
[INFO: CC26xx/CC13xx]  RF: Channel 26, PANID 0xABCD
EC,  31, 990,   0,1021
ER,1012,   1,   8
decrypt, 1072984,1072990
encrypt, 1073318,1073324
htfin:1073484
#,#decrypt, 1083226,1083232
encrypt, 1083386,1083392
t,38844,1083384,0,0,1083550
EC,  49,1972,   0,2022
ER,2010,   4,   8
EC,  93,2929,   0,3022
ER,3009,   4,   8
EC, 136,3886,   0,4023
ER,4009,   5,   8
EC, 177,4846,   0,5023
ER,5010,   5,   8
EC, 213,5810,   0,6024
ER,6010,   5,   8
EC, 242,6783,   0,7025
ER,7011,   5,   8
decrypt, 5020346,5020354
encrypt, 5020508,5020514
t,38847,5020508,0,0,5020674
EC, 275,7750,   0,8025
ER,8011,   6,   8
EC, 312,8714,   0,9026
ER,9011,   6,   8
EC, 372,9654,   0,10027
ER,10012,   6,   8
EC, 453,10574,   0,11027
ER,11012,   6,   8
EC, 499,11527,   0,12027
ER,12013,   6,   8
EC, 554,12474,   0,13028
ER,13013,   6,   8
decrypt, 8951338,8951344
encrypt, 8951498,8951504
t,38848,8951498,0,0,8951664
EC, 619,13409,   0,14028
ER,14013,   7,   8
EC, 693,14336,   0,15029
ER,15014,   7,   8
EC, 760,15268,   0,16029
ER,16014,   7,   8
EC, 829,16201,   0,17030
ER,17015,   7,   8
EC, 892,17139,   0,18031
ER,18016,   7,   8
EC, 966,18065,   0,19032
ER,19016,   7,   8
decrypt, 12884434,12884442
encrypt, 12884606,12884612
t,38849,12884606,0,0,12884784
EC,1038,18993,   0,20032
ER,20016,   7,   8
EC,1108,19923,   0,21032
ER,21016,   7,   8
EC,1187,20845,   0,22032
ER,22017,   7,   8
EC,1254,21779,   0,23033
ER,23018,   7,   8
EC,1319,22715,   0,24034
ER,24019,   7,   8
EC,1394,23641,   0,25035
ER,25019,   7,   8
decrypt, 16814720,16814728
encrypt, 16814894,16814900
t,38850,16814892,0,0,16815070
EC,1456,24579,   0,26035
ER,26018,   8,   8
EC,1519,25516,   0,27036
ER,27019,   8,   8
EC,1574,26462,   0,28036
ER,28020,   8,   8
EC,1634,27402,   0,29037
ER,29020,   8,   8
EC,1697,28340,   0,30037
ER,30021,   8,   8
EC,1765,29273,   0,31038
ER,31021,   8,   8
decrypt, 20747808,20747816
encrypt, 20747982,20747988
t,38852,20747980,0,0,20748158
EC,1824,30214,   0,32038
ER,32021,   8,   8
EC,1882,31156,   0,33039
ER,33021,   9,   8
EC,1918,32121,   0,34040
ER,34022,   9,   8
EC,1927,33113,   0,35040
ER,35022,   9,   8
EC,1935,34105,   0,36041
ER,36023,   9,   8
EC,1943,35097,   0,37041
ER,37023,   9,   8
decrypt, 24680006,24680014
encrypt, 24680180,24680186
t,38853,24680178,0,0,24680356
EC,1953,36089,   0,38042
ER,38024,   9,   8
EC,1961,37080,   0,39042
ER,39024,   9,   8
EC,1970,38073,   0,40043
ER,40025,   9,   8
EC,1978,39065,   0,41043
ER,41025,   9,   8
EC,1987,40056,   0,42044
ER,42025,  10,   8
EC,1995,41049,   0,43044
ER,43026,  10,   8
decrypt, 28612716,28612724
encrypt, 28612890,28612896
t,38854,28612888,0,0,28613066
EC,2005,42040,   0,44045
ER,44026,  10,   8
EC,2013,43032,   0,45046
ER,45027,  10,   8
EC,2021,44024,   0,46046
ER,46027,  10,   8
EC,2030,45017,   0,47047
ER,47028,  10,   8
EC,2039,46008,   0,48047
ER,48028,  11,   8
EC,2047,47000,   0,49048
ER,49028,  11,   8
decrypt, 32543358,32543366
encrypt, 32543530,32543536
t,38855,32543530,0,0,32543708
EC,2057,47991,   0,50048
ER,50028,  11,   8
EC,2065,48983,   0,51049
ER,51029,  11,   8
EC,2074,49975,   0,52049
ER,52029,  11,   8
EC,2082,50968,   0,53050
ER,53030,  11,   8
EC,2090,51960,   0,54050
ER,54030,  11,   8
EC,2099,52952,   0,55051
ER,55031,  12,   8
decrypt, 36478142,36478150
encrypt, 36478314,36478320
t,38856,36478314,0,0,36478492
EC,2108,53943,   0,56051
ER,56030,  12,   8
EC,2117,54935,   0,57052
ER,57031,  12,   8
EC,2125,55927,   0,58053
ER,58031,  12,   8
EC,2134,56919,   0,59053
ER,59032,  12,   8
