TT,07,27,21,15,05,25,400922
[INFO: Main      ] Starting Contiki-NG-release/v4.6-70-g9ff7b4bdb-dirty
[INFO: Main      ] - Routing: RPL Lite
[INFO: Main      ] - Net: sicslowpan
[INFO: Main      ] - MAC: CSMA
[INFO: Main      ] - 802.15.4 PANID: 0xabcd
[INFO: Main      ] - 802.15.4 Default channel: 26
[INFO: Main      ] Node ID: 56377
[INFO: Main      ] Link-layer address: 0012.4b00.1204.dc39
[INFO: Main      ] Tentative link-local IPv6 address: fe80::212:4b00:1204:dc39
[INFO: CC26xx/CC13xx] TI CC2650 SensorTag
[INFO: CC26xx/CC13xx]  RF: Channel 26, PANID 0xABCD
EC,  29, 992,   0,1022
ER,1013,   0,   8
decrypt, 1108990,1109000
encrypt, 1109328,1109338
htfin:1109498
#,#decrypt, 1113598,1113610
encrypt, 1113762,1113772
t,57384,1113760,0,0,1113932
EC,  54,1968,   0,2022
ER,2010,   3,   8
EC, 103,2919,   0,3022
ER,3010,   4,   8
EC, 160,3863,   0,4023
ER,4010,   4,   8
EC, 204,4820,   0,5024
ER,5011,   4,   8
EC, 257,5767,   0,6024
ER,6011,   4,   8
EC, 306,6718,   0,7025
ER,7012,   4,   8
decrypt, 5047810,5047822
encrypt, 5047976,5047984
t,57388,5047976,0,0,5048144
EC, 353,7672,   0,8025
ER,8011,   5,   8
EC, 394,8631,   0,9026
ER,9012,   5,   8
EC, 434,9592,   0,10026
ER,10012,   5,   8
EC, 468,10558,   0,11027
ER,11013,   5,   8
EC, 510,11516,   0,12027
ER,12013,   5,   8
EC, 548,12480,   0,13028
ER,13014,   5,   8
decrypt, 8981072,8981084
encrypt, 8981238,8981246
t,57389,8981236,0,0,8981404
EC, 577,13451,   0,14028
ER,14013,   6,   8
EC, 626,14403,   0,15029
ER,15014,   6,   8
EC, 697,15333,   0,16030
ER,16015,   6,   8
EC, 757,16273,   0,17030
ER,17015,   6,   8
EC, 817,17214,   0,18031
ER,18016,   6,   8
EC, 889,18142,   0,19032
ER,19017,   6,   8
decrypt, 12912234,12912246
encrypt, 12912412,12912420
t,57390,12912410,0,0,12912590
EC, 940,19092,   0,20032
ER,20017,   6,   8
EC,1016,20017,   0,21033
ER,21017,   6,   8
EC,1087,20945,   0,22033
ER,22018,   6,   8
EC,1153,21880,   0,23034
ER,23018,   6,   8
EC,1222,22812,   0,24034
ER,24019,   6,   8
EC,1288,23746,   0,25035
ER,25019,   6,   8
decrypt, 16846556,16846568
encrypt, 16846734,16846742
t,57391,16846732,0,0,16846912
EC,1358,24676,   0,26035
ER,26019,   7,   8
EC,1423,25613,   0,27036
ER,27019,   7,   8
EC,1496,26540,   0,28036
ER,28020,   8,   8
EC,1555,27482,   0,29037
ER,29020,   8,   8
EC,1613,28424,   0,30037
ER,30021,   8,   8
EC,1682,29356,   0,31038
ER,31021,   8,   8
decrypt, 20780742,20780754
encrypt, 20780918,20780926
t,57392,20780916,0,0,20781096
EC,1750,30288,   0,32039
ER,32022,   8,   8
EC,1821,31217,   0,33039
ER,33022,   8,   8
EC,1890,32150,   0,34040
ER,34023,   8,   8
EC,1951,33089,   0,35040
ER,35023,   8,   8
EC,2015,34026,   0,36041
ER,36024,   8,   8
EC,2074,34966,   0,37041
ER,37024,   8,   8
decrypt, 24710380,24710392
encrypt, 24710556,24710564
t,57394,24710554,0,0,24710734
EC,2134,35907,   0,38042
ER,38025,   8,   8
EC,2185,36857,   0,39042
ER,39025,   9,   8
EC,2247,37796,   0,40043
ER,40025,   9,   8
EC,2308,38735,   0,41044
ER,41026,   9,   8
EC,2353,39690,   0,42044
ER,42026,   9,   8
EC,2417,40627,   0,43045
ER,43027,   9,   8
decrypt, 28642576,28642588
encrypt, 28642754,28642762
t,57395,28642752,0,0,28642932
EC,2469,41576,   0,44045
ER,44027,   9,   8
EC,2511,42535,   0,45046
ER,45028,   9,   8
EC,2561,43485,   0,46046
ER,46028,   9,   8
EC,2608,44438,   0,47046
ER,47028,  10,   8
EC,2659,45388,   0,48047
ER,48028,  10,   8
EC,2710,46337,   0,49048
ER,49029,  10,   8
decrypt, 32582974,32582986
encrypt, 32583152,32583160
t,57396,32583150,0,0,32583330
EC,2763,47285,   0,50048
ER,50029,  10,   8
EC,2815,48233,   0,51048
ER,51029,  10,   8
EC,2868,49182,   0,52050
ER,52030,  10,   8
EC,2915,50135,   0,53050
ER,53031,  10,   8
EC,2967,51083,   0,54051
ER,54031,  10,   8
EC,3019,52032,   0,55051
ER,55032,  10,   8
decrypt, 36505950,36505962
encrypt, 36506128,36506136
t,57397,36506126,0,0,36506306
EC,3063,52988,   0,56052
ER,56032,  11,   8
EC,3111,53941,   0,57052
ER,57033,  11,   8
EC,3157,54895,   0,58053
ER,58033,  11,   8
EC,3208,55845,   0,59054
ER,59034,  11,   8
