TT,07,27,21,13,56,08,665779
[INFO: Main      ] Starting Contiki-NG-release/v4.6-70-g9ff7b4bdb-dirty
[INFO: Main      ] - Routing: RPL Lite
[INFO: Main      ] - Net: sicslowpan
[INFO: Main      ] - MAC: CSMA
[INFO: Main      ] - 802.15.4 PANID: 0xabcd
[INFO: Main      ] - 802.15.4 Default channel: 26
[INFO: Main      ] Node ID: 56377
[INFO: Main      ] Link-layer address: 0012.4b00.1204.dc39
[INFO: Main      ] Tentative link-local IPv6 address: fe80::212:4b00:1204:dc39
[INFO: CC26xx/CC13xx] TI CC2650 SensorTag
[INFO: CC26xx/CC13xx]  RF: Channel 26, PANID 0xABCD
EC,  30, 991,   0,1021
ER,1012,   1,   8
decrypt, 955304,955316
encrypt, 955632,955644
htfin:955792
#,#decrypt, 964304,964314
encrypt, 964456,964466
t,64933,964454,0,0,964614
EC,  52,1969,   0,2022
ER,2009,   4,   8
EC, 121,2901,   0,3022
ER,3010,   4,   8
EC, 176,3847,   0,4023
ER,4010,   4,   8
EC, 245,4778,   0,5024
ER,5010,   4,   8
EC, 307,5717,   0,6024
ER,6011,   4,   8
EC, 377,6647,   0,7024
ER,7011,   5,   8
decrypt, 4903648,4903660
encrypt, 4903814,4903824
t,64936,4903814,0,0,4903982
EC, 459,7566,   0,8025
ER,8011,   5,   8
EC, 534,8492,   0,9026
ER,9012,   5,   8
EC, 603,9423,   0,10027
ER,10012,   5,   8
EC, 678,10349,   0,11027
ER,11013,   5,   8
EC, 722,11305,   0,12027
ER,12013,   5,   8
EC, 777,12250,   0,13028
ER,13013,   6,   8
decrypt, 8834848,8834860
encrypt, 8835014,8835024
t,64937,8835014,0,0,8835182
EC, 854,13175,   0,14029
ER,14014,   6,   8
EC, 916,14112,   0,15029
ER,15014,   6,   8
EC, 975,15054,   0,16030
ER,16015,   6,   8
EC,1038,15992,   0,17030
ER,17015,   6,   8
EC,1096,16934,   0,18031
ER,18016,   6,   8
EC,1151,17879,   0,19031
ER,19016,   6,   8
decrypt, 12783910,12783924
encrypt, 12784088,12784098
t,64938,12784088,0,0,12784268
EC,1218,18814,   0,20032
ER,20016,   7,   8
EC,1277,19755,   0,21032
ER,21016,   7,   8
EC,1330,20703,   0,22033
ER,22017,   7,   8
EC,1390,21644,   0,23034
ER,23018,   7,   8
EC,1442,22592,   0,24034
ER,24019,   7,   8
EC,1501,23534,   0,25035
ER,25019,   7,   8
decrypt, 16699246,16699258
encrypt, 16699424,16699432
t,64939,16699422,0,0,16699602
EC,1559,24476,   0,26035
ER,26019,   7,   8
EC,1618,25416,   0,27035
ER,27019,   7,   8
EC,1674,26362,   0,28036
ER,28020,   7,   8
EC,1723,27313,   0,29036
ER,29020,   7,   8
EC,1775,28262,   0,30038
ER,30021,   7,   8
EC,1822,29215,   0,31038
ER,31021,   8,   8
decrypt, 20632978,20632992
encrypt, 20633158,20633166
t,64941,20633156,0,0,20633336
EC,1863,30175,   0,32038
ER,32021,   8,   8
EC,1909,31130,   0,33039
ER,33022,   8,   8
EC,1965,32074,   0,34040
ER,34023,   8,   8
EC,2018,33022,   0,35040
ER,35023,   8,   8
EC,2065,33976,   0,36041
ER,36024,   8,   8
EC,2113,34927,   0,37041
ER,37024,   8,   8
decrypt, 24565628,24565640
encrypt, 24565806,24565814
t,64942,24565804,0,0,24565984
EC,2163,35879,   0,38042
ER,38025,   8,   8
EC,2200,36842,   0,39043
ER,39025,   8,   8
EC,2239,37803,   0,40043
ER,40026,   8,   8
EC,2283,38760,   0,41044
ER,41026,   8,   8
EC,2336,39708,   0,42044
ER,42027,   9,   8
EC,2387,40658,   0,43045
ER,43027,   9,   8
decrypt, 28498604,28498618
encrypt, 28498782,28498792
t,64943,28498782,0,0,28498962
EC,2424,41621,   0,44045
ER,44027,   9,   8
EC,2470,42575,   0,45045
ER,45027,   9,   8
EC,2523,43523,   0,46046
ER,46029,   9,   8
EC,2561,44485,   0,47047
ER,47029,   9,   8
EC,2601,45446,   0,48047
ER,48029,   9,   8
EC,2644,46403,   0,49048
ER,49029,  10,   8
decrypt, 32429388,32429400
encrypt, 32429566,32429574
t,64944,32429564,0,0,32429744
EC,2689,47359,   0,50049
ER,50029,  10,   8
EC,2734,48315,   0,51049
ER,51030,  10,   8
EC,2773,49276,   0,52050
ER,52030,  10,   8
EC,2808,50241,   0,53050
ER,53031,  10,   8
EC,2846,51204,   0,54050
ER,54031,  10,   8
EC,2883,52168,   0,55051
ER,55032,  10,   8
decrypt, 36361266,36361280
encrypt, 36361444,36361454
t,64945,36361442,0,0,36361624
EC,2920,53131,   0,56052
ER,56032,  11,   8
EC,2949,54103,   0,57052
ER,57033,  11,   8
EC,2986,55066,   0,58052
ER,58033,  11,   8
EC,3006,56046,   0,59053
ER,59034,  11,   8
