[INFO: Main      ] Starting Contiki-NG-release/v4.6-70-g9ff7b4bdb-dirty
[INFO: Main      ] - Routing: RPL Lite
[INFO: Main      ] - Net: sicslowpan
[INFO: Main      ] - MAC: CSMA
[INFO: Main      ] - 802.15.4 PANID: 0xabcd
[INFO: Main      ] - 802.15.4 Default channel: 26
[INFO: Main      ] Node ID: 65491
[INFO: Main      ] Link-layer address: 0012.4b00.1204.ffd3
[INFO: Main      ] Tentative link-local IPv6 address: fe80::212:4b00:1204:ffd3
[INFO: CC26xx/CC13xx] TI CC2650 SensorTag
[INFO: CC26xx/CC13xx]  RF: Channel 26, PANID 0xABCD
EC,  30, 992,   0,1022
ER,1013,   0,   8
decrypt, 1025080,1025100
encrypt, 1025426,1025444
htfin:1025604
#,#decrypt, 1030202,1030220
encrypt, 1030372,1030386
p,30138,1030370,1030372,1030386,1030544
EC,  57,1964,   0,2022
ER,2010,   3,   8
EC, 112,2910,   0,3023
ER,3010,   4,   8
EC, 164,3858,   0,4023
ER,4010,   4,   8
EC, 221,4802,   0,5023
ER,5011,   4,   8
EC, 275,5749,   0,6024
ER,6011,   4,   8
EC, 334,6691,   0,7025
ER,7012,   4,   8
EC, 395,7630,   0,8025
ER,8012,   4,   8
EC, 452,8573,   0,9026
ER,9013,   4,   8
EC, 516,9510,   0,10026
ER,10013,   4,   8
EC, 566,10461,   0,11027
ER,11014,   4,   8
EC, 627,11399,   0,12027
ER,12014,   4,   8
EC, 679,12349,   0,13028
ER,13014,   5,   8
EC, 721,13307,   0,14029
ER,14015,   5,   8
EC, 777,14252,   0,15029
ER,15015,   5,   8
EC, 831,15199,   0,16030
ER,16016,   5,   8
EC, 878,16151,   0,17030
ER,17016,   5,   8
EC, 936,17094,   0,18031
ER,18017,   5,   8
EC, 979,18052,   0,19031
ER,19017,   5,   8
EC,1030,19002,   0,20032
ER,20018,   5,   8
EC,1074,19957,   0,21032
ER,21018,   6,   8
EC,1114,20918,   0,22033
ER,22019,   6,   8
EC,1163,21870,   0,23034
ER,23019,   6,   8
EC,1204,22830,   0,24034
ER,24020,   6,   8
EC,1244,23791,   0,25035
ER,25020,   6,   8
EC,1287,24748,   0,26035
ER,26021,   6,   8
EC,1329,25706,   0,27036
ER,27021,   6,   8
EC,1376,26660,   0,28036
ER,28022,   6,   8
EC,1424,27612,   0,29036
ER,29022,   6,   8
EC,1469,28568,   0,30038
ER,30023,   6,   8
EC,1507,29531,   0,31038
ER,31023,   6,   8
decrypt, 20695960,20695978
llego jejeje
encrypt, 20696216,20696230
n,30146,20696214,20696216,20696230,20696400
encrypt, 20696662,20696680
S,19599,20696662,20696662,20696680,20696850
EC,1552,30486,   0,32039
ER,32023,   7,   8
encrypt, 20994918,20994936
S,19599,20994916,20994918,20994936,20995108
encrypt, 21589488,21589508
S,19599,21589488,21589488,21589508,21589678
EC,1597,31442,   0,33039
ER,33023,   7,   8
EC,1632,32408,   0,34040
ER,34024,   7,   8
encrypt, 22778286,22778306
S,19599,22778284,22778286,22778304,22778476
EC,1670,33370,   0,35040
ER,35024,   8,   8
EC,1709,34331,   0,36041
ER,36024,   8,   8
EC,1751,35290,   0,37041
ER,37024,   8,   8
EC,1786,36255,   0,38042
ER,38025,   8,   8
encrypt, 25154772,25154792
S,19599,25154772,25154772,25154790,25154962
EC,1833,37209,   0,39043
ER,39025,   8,   8
EC,1869,38174,   0,40043
ER,40026,   8,   8
EC,1903,39140,   0,41044
ER,41026,   8,   8
EC,1944,40100,   0,42044
ER,42027,   8,   8
EC,1979,41065,   0,43045
ER,43027,   8,   8
EC,2019,42025,   0,44045
ER,44027,   8,   8
EC,2051,42994,   0,45046
ER,45028,   8,   8
EC,2085,43961,   0,46046
ER,46029,   8,   8
EC,2116,44930,   0,47047
ER,47030,   8,   8
EC,2151,45896,   0,48047
ER,48029,   9,   8
EC,2183,46865,   0,49048
ER,49030,   9,   8
EC,2219,47828,   0,50048
ER,50030,   9,   8
EC,2250,48799,   0,51049
ER,51031,   9,   8
EC,2283,49766,   0,52049
ER,52031,   9,   8
EC,2312,50738,   0,53050
ER,53032,   9,   8
EC,2348,51702,   0,54051
ER,54033,   9,   8
EC,2382,52669,   0,55051
ER,55033,   9,   8
EC,2415,53637,   0,56052
ER,56033,  10,   8
EC,2448,54604,   0,57052
ER,57034,  10,   8
EC,2476,55575,   0,58052
ER,58034,  10,   8
EC,2505,56548,   0,59054
ER,59035,  10,   8
