[INFO: Main      ] Starting Contiki-NG-release/v4.6-70-g9ff7b4bdb-dirty
[INFO: Main      ] - Routing: RPL Lite
[INFO: Main      ] - Net: sicslowpan
[INFO: Main      ] - MAC: CSMA
[INFO: Main      ] - 802.15.4 PANID: 0xabcd
[INFO: Main      ] - 802.15.4 Default channel: 26
[INFO: Main      ] Node ID: 65491
[INFO: Main      ] Link-layer address: 0012.4b00.1204.ffd3
[INFO: Main      ] Tentative link-local IPv6 address: fe80::212:4b00:1204:ffd3
[INFO: CC26xx/CC13xx] TI CC2650 SensorTag
[INFO: CC26xx/CC13xx]  RF: Channel 26, PANID 0xABCD
EC,  30, 991,   0,1022
ER,1012,   0,   8
decrypt, 1152496,1152510
encrypt, 1152838,1152852
htfin:1153010
#,#decrypt, 1158756,1158770
encrypt, 1158922,1158934
p,41136,1158920,0,0,1159092
EC,  60,1961,   0,2022
ER,2010,   3,   8
EC, 117,2904,   0,3022
ER,3009,   4,   8
EC, 172,3851,   0,4023
ER,4011,   4,   8
EC, 224,4799,   0,5024
ER,5011,   4,   8
EC, 275,5749,   0,6024
ER,6011,   4,   8
EC, 326,6699,   0,7025
ER,7012,   4,   8
EC, 379,7645,   0,8025
ER,8012,   4,   8
EC, 444,8582,   0,9026
ER,9013,   4,   8
EC, 501,9524,   0,10026
ER,10013,   5,   8
EC, 565,10462,   0,11027
ER,11014,   5,   8
EC, 618,11409,   0,12028
ER,12014,   5,   8
EC, 671,12357,   0,13028
ER,13014,   5,   8
EC, 712,13316,   0,14028
ER,14014,   5,   8
EC, 757,14272,   0,15029
ER,15015,   5,   8
EC, 816,15213,   0,16030
ER,16016,   5,   8
EC, 869,16161,   0,17030
ER,17016,   5,   8
EC, 917,17113,   0,18031
ER,18017,   5,   8
EC, 971,18060,   0,19031
ER,19017,   6,   8
EC,1027,19005,   0,20032
ER,20018,   6,   8
EC,1078,19954,   0,21032
ER,21018,   6,   8
EC,1129,20904,   0,22033
ER,22019,   6,   8
EC,1190,21843,   0,23034
ER,23019,   6,   8
EC,1241,22793,   0,24034
ER,24020,   6,   8
EC,1290,23744,   0,25035
ER,25020,   6,   8
EC,1341,24694,   0,26035
ER,26020,   6,   8
EC,1396,25639,   0,27036
ER,27021,   6,   8
EC,1453,26582,   0,28036
ER,28022,   6,   8
EC,1505,27531,   0,29037
ER,29022,   6,   8
EC,1558,28479,   0,30038
ER,30022,   6,   8
EC,1607,29430,   0,31038
ER,31023,   6,   8
decrypt, 20823152,20823164
llego jejeje
encrypt, 20823402,20823410
n,41142,20823400,0,0,20823580
encrypt, 20823762,20823774
S,880,20823760,0,0,20823944
EC,1656,30382,   0,32038
ER,32023,   7,   8
encrypt, 21121422,21121434
S,880,21121420,0,0,21121606
EC,1704,31334,   0,33039
ER,33023,   7,   8
encrypt, 21715886,21715900
S,880,21715886,0,0,21716070
EC,1748,32291,   0,34040
ER,34023,   7,   8
encrypt, 22904284,22904296
S,880,22904282,0,0,22904468
EC,1789,33250,   0,35040
ER,35023,   8,   8
EC,1833,34207,   0,36041
ER,36024,   8,   8
EC,1876,35164,   0,37041
ER,37025,   8,   8
EC,1921,36120,   0,38042
ER,38025,   8,   8
encrypt, 25280358,25280372
S,880,25280358,0,0,25280542
EC,1963,37079,   0,39042
ER,39025,   8,   8
EC,2007,38036,   0,40043
ER,40026,   8,   8
EC,2050,38993,   0,41043
ER,41026,   8,   8
EC,2094,39950,   0,42044
ER,42027,   8,   8
EC,2144,40900,   0,43045
ER,43027,   9,   8
EC,2194,41851,   0,44045
ER,44028,   9,   8
EC,2229,42816,   0,45045
ER,45028,   9,   8
EC,2268,43778,   0,46046
ER,46029,   9,   8
EC,2306,44740,   0,47047
ER,47029,   9,   8
EC,2355,45692,   0,48047
ER,48030,   9,   8
EC,2396,46651,   0,49048
ER,49030,   9,   8
EC,2435,47613,   0,50049
ER,50031,   9,   8
EC,2472,48576,   0,51049
ER,51031,   9,   8
EC,2516,49532,   0,52049
ER,52031,   9,   8
EC,2552,50498,   0,53050
ER,53032,  10,   8
EC,2596,51454,   0,54050
ER,54032,  10,   8
EC,2635,52416,   0,55051
ER,55033,  10,   8
EC,2671,53380,   0,56051
ER,56033,  10,   8
EC,2711,54341,   0,57052
ER,57034,  10,   8
EC,2750,55302,   0,58052
ER,58034,  10,   8
EC,2787,56266,   0,59054
ER,59035,  10,   8
