[INFO: Main      ] Starting Contiki-NG-release/v4.6-70-g9ff7b4bdb-dirty
[INFO: Main      ] - Routing: RPL Lite
[INFO: Main      ] - Net: sicslowpan
[INFO: Main      ] - MAC: CSMA
[INFO: Main      ] - 802.15.4 PANID: 0xabcd
[INFO: Main      ] - 802.15.4 Default channel: 26
[INFO: Main      ] Node ID: 56377
[INFO: Main      ] Link-layer address: 0012.4b00.1204.dc39
[INFO: Main      ] Tentative link-local IPv6 address: fe80::212:4b00:1204:dc39
[INFO: CC26xx/CC13xx] TI CC2650 SensorTag
[INFO: CC26xx/CC13xx]  RF: Channel 26, PANID 0xABCD
EC,  29, 991,   0,1021
ER,1012,   0,   8
decrypt, 1069974,1069988
encrypt, 1070314,1070328
htfin:1070488
#,#decrypt, 1077656,1077668
encrypt, 1077822,1077834
t,41133,1077820,0,0,1077992
EC,  69,1952,   0,2022
ER,2010,   3,   8
EC, 134,2887,   0,3022
ER,3010,   4,   8
EC, 208,3815,   0,4023
ER,4011,   4,   8
EC, 269,4754,   0,5024
ER,5011,   4,   8
EC, 337,5686,   0,6024
ER,6011,   4,   8
EC, 402,6622,   0,7025
ER,7012,   4,   8
decrypt, 5013444,5013458
encrypt, 5013612,5013622
t,41137,5013612,0,0,5013782
EC, 463,7562,   0,8025
ER,8012,   5,   8
EC, 545,8480,   0,9025
ER,9012,   5,   8
EC, 609,9417,   0,10026
ER,10012,   5,   8
EC, 678,10348,   0,11026
ER,11013,   5,   8
EC, 758,11270,   0,12028
ER,12013,   5,   8
EC, 822,12206,   0,13028
ER,13014,   5,   8
decrypt, 8946976,8946992
encrypt, 8947146,8947156
t,41138,8947144,0,0,8947314
EC, 883,13145,   0,14029
ER,14014,   6,   8
EC, 948,14081,   0,15029
ER,15014,   6,   8
EC,1008,15021,   0,16030
ER,16015,   6,   8
EC,1069,15960,   0,17030
ER,17015,   6,   8
EC,1125,16905,   0,18031
ER,18016,   6,   8
EC,1188,17843,   0,19031
ER,19016,   6,   8
decrypt, 12877326,12877342
encrypt, 12877508,12877518
t,41139,12877506,0,0,12877688
EC,1241,18791,   0,20032
ER,20017,   6,   8
EC,1294,19738,   0,21032
ER,21017,   6,   8
EC,1356,20677,   0,22033
ER,22018,   6,   8
EC,1408,21625,   0,23034
ER,23019,   6,   8
EC,1465,22569,   0,24034
ER,24019,   6,   8
EC,1520,23514,   0,25035
ER,25019,   7,   8
decrypt, 16812088,16812104
encrypt, 16812268,16812278
t,41140,16812266,0,0,16812448
EC,1570,24464,   0,26035
ER,26019,   7,   8
EC,1624,25411,   0,27036
ER,27020,   7,   8
EC,1680,26356,   0,28036
ER,28020,   7,   8
EC,1731,27306,   0,29037
ER,29021,   7,   8
EC,1781,28256,   0,30038
ER,30021,   7,   8
EC,1833,29205,   0,31038
ER,31022,   7,   8
decrypt, 20741724,20741740
encrypt, 20741906,20741916
t,41141,20741904,0,0,20742086
EC,1889,30149,   0,32039
ER,32022,   8,   8
EC,1931,31108,   0,33039
ER,33022,   8,   8
EC,1978,32062,   0,34040
ER,34023,   8,   8
EC,2021,33019,   0,35040
ER,35023,   8,   8
EC,2063,33977,   0,36041
ER,36024,   8,   8
EC,2109,34932,   0,37041
ER,37024,   8,   8
decrypt, 24674946,24674962
encrypt, 24675126,24675136
t,41143,24675126,0,0,24675306
EC,2162,35879,   0,38042
ER,38025,   9,   8
EC,2208,36834,   0,39042
ER,39025,   9,   8
EC,2257,37785,   0,40042
ER,40025,   9,   8
EC,2303,38740,   0,41044
ER,41026,   9,   8
EC,2355,39688,   0,42044
ER,42026,   9,   8
EC,2411,40633,   0,43045
ER,43027,   9,   8
decrypt, 28608172,28608186
encrypt, 28608352,28608362
t,41144,28608350,0,0,28608532
EC,2451,41594,   0,44045
ER,44027,  10,   8
EC,2489,42557,   0,45046
ER,45027,  10,   8
EC,2533,43512,   0,46046
ER,46027,  10,   8
EC,2572,44475,   0,47047
ER,47029,  10,   8
EC,2620,45426,   0,48047
ER,48028,  10,   8
EC,2660,46388,   0,49048
ER,49029,  10,   8
decrypt, 32538832,32538848
encrypt, 32539012,32539022
t,41145,32539012,0,0,32539192
EC,2699,47349,   0,50049
ER,50029,  11,   8
EC,2742,48307,   0,51049
ER,51030,  11,   8
EC,2787,49262,   0,52050
ER,52030,  11,   8
EC,2823,50227,   0,53050
ER,53031,  11,   8
EC,2868,51183,   0,54051
ER,54031,  11,   8
EC,2906,52144,   0,55051
ER,55031,  11,   8
decrypt, 36472566,36472582
encrypt, 36472746,36472756
t,41146,36472746,0,0,36472928
EC,2942,53109,   0,56051
ER,56031,  11,   8
EC,2972,54080,   0,57052
ER,57032,  11,   8
EC,3005,55047,   0,58052
ER,58032,  11,   8
EC,3039,56015,   0,59054
ER,59033,  11,   8
