[INFO: Main      ] Starting Contiki-NG-release/v4.6-70-g9ff7b4bdb-dirty
[INFO: Main      ] - Routing: RPL Lite
[INFO: Main      ] - Net: sicslowpan
[INFO: Main      ] - MAC: CSMA
[INFO: Main      ] - 802.15.4 PANID: 0xabcd
[INFO: Main      ] - 802.15.4 Default channel: 26
[INFO: Main      ] Node ID: 56377
[INFO: Main      ] Link-layer address: 0012.4b00.1204.dc39
[INFO: Main      ] Tentative link-local IPv6 address: fe80::212:4b00:1204:dc39
[INFO: CC26xx/CC13xx] TI CC2650 SensorTag
[INFO: CC26xx/CC13xx]  RF: Channel 26, PANID 0xABCD
EC,  30, 991,   0,1022
ER,1013,   0,   8
decrypt, 1290764,1290782
encrypt, 1291110,1291128
htfin:1291288
#,#decrypt, 1295620,1295640
encrypt, 1295792,1295810
t,30141,1295790,1295792,1295810,1295968
EC,  58,1964,   0,2022
ER,2010,   3,   8
EC, 122,2900,   0,3023
ER,3010,   4,   8
EC, 184,3838,   0,4023
ER,4011,   4,   8
EC, 241,4782,   0,5023
ER,5011,   4,   8
EC, 311,5712,   0,6024
ER,6011,   4,   8
EC, 369,6655,   0,7025
ER,7012,   4,   8
decrypt, 5232430,5232450
encrypt, 5232604,5232618
t,30142,5232602,5232604,5232616,5232776
EC, 424,7601,   0,8025
ER,8011,   5,   8
EC, 477,8548,   0,9026
ER,9012,   5,   8
EC, 532,9494,   0,10026
ER,10012,   5,   8
EC, 592,10435,   0,11027
ER,11013,   5,   8
EC, 646,11381,   0,12028
ER,12013,   5,   8
EC, 690,12337,   0,13028
ER,13014,   5,   8
decrypt, 9165402,9165422
encrypt, 9165576,9165588
t,30143,9165574,9165576,9165588,9165748
EC, 725,13302,   0,14028
ER,14014,   6,   8
EC, 780,14249,   0,15029
ER,15015,   6,   8
EC, 838,15191,   0,16030
ER,16015,   6,   8
EC, 886,16144,   0,17030
ER,17016,   6,   8
EC, 946,17084,   0,18030
ER,18016,   6,   8
EC, 996,18035,   0,19032
ER,19017,   6,   8
decrypt, 13096272,13096290
encrypt, 13096456,13096470
t,30144,13096454,13096456,13096470,13096640
EC,1049,18982,   0,20032
ER,20017,   6,   8
EC,1102,19930,   0,21033
ER,21017,   6,   8
EC,1157,20876,   0,22033
ER,22018,   7,   8
EC,1209,21825,   0,23034
ER,23018,   7,   8
EC,1254,22779,   0,24034
ER,24019,   7,   8
EC,1295,23739,   0,25035
ER,25019,   7,   8
decrypt, 17030314,17030334
encrypt, 17030498,17030512
t,30145,17030498,17030498,17030512,17030682
EC,1342,24693,   0,26035
ER,26019,   7,   8
EC,1392,25643,   0,27035
ER,27019,   7,   8
EC,1437,26599,   0,28036
ER,28020,   7,   8
EC,1482,27554,   0,29037
ER,29021,   7,   8
EC,1533,28503,   0,30037
ER,30021,   7,   8
EC,1577,29461,   0,31038
ER,31022,   8,   8
decrypt, 20960974,20960992
encrypt, 20961158,20961172
t,30147,20961156,20961158,20961172,20961342
EC,1620,30418,   0,32039
ER,32022,   8,   8
EC,1661,31377,   0,33039
ER,33022,   8,   8
EC,1697,32342,   0,34040
ER,34023,   8,   8
EC,1738,33302,   0,35040
ER,35024,   8,   8
EC,1775,34265,   0,36041
ER,36024,   8,   8
EC,1810,35231,   0,37041
ER,37025,   8,   8
decrypt, 24894196,24894214
encrypt, 24894380,24894394
t,30148,24894378,24894380,24894394,24894564
EC,1847,36195,   0,38042
ER,38025,   8,   8
EC,1887,37154,   0,39042
ER,39025,   8,   8
EC,1924,38118,   0,40042
ER,40025,   8,   8
EC,1962,39082,   0,41044
ER,41027,   8,   8
EC,1997,40047,   0,42044
ER,42027,   8,   8
EC,2037,41007,   0,43044
ER,43027,   9,   8
decrypt, 28826400,28826418
encrypt, 28826584,28826598
t,30149,28826582,28826584,28826598,28826768
EC,2072,41973,   0,44045
ER,44027,   9,   8
EC,2110,42936,   0,45046
ER,45028,   9,   8
EC,2139,43907,   0,46046
ER,46028,   9,   8
EC,2162,44885,   0,47047
ER,47029,   9,   8
EC,2194,45852,   0,48047
ER,48029,   9,   8
EC,2222,46826,   0,49048
ER,49030,   9,   8
decrypt, 32758760,32758778
encrypt, 32758944,32758956
t,30150,32758942,32758944,32758956,32759126
EC,2252,47796,   0,50049
ER,50030,  10,   8
EC,2277,48771,   0,51049
ER,51030,  10,   8
EC,2302,49748,   0,52050
ER,52031,  10,   8
EC,2328,50721,   0,53050
ER,53031,  10,   8
EC,2354,51696,   0,54051
ER,54031,  10,   8
EC,2384,52667,   0,55051
ER,55032,  10,   8
decrypt, 36690792,36690812
encrypt, 36690978,36690990
t,30151,36690976,36690978,36690990,36691160
EC,2412,53639,   0,56051
ER,56032,  11,   8
EC,2443,54609,   0,57052
ER,57033,  11,   8
EC,2473,55579,   0,58053
ER,58034,  11,   8
EC,2507,56546,   0,59053
ER,59034,  11,   8
