[INFO: Main      ] Starting Contiki-NG-release/v4.6-70-g9ff7b4bdb-dirty
[INFO: Main      ] - Routing: RPL Lite
[INFO: Main      ] - Net: sicslowpan
[INFO: Main      ] - MAC: CSMA
[INFO: Main      ] - 802.15.4 PANID: 0xabcd
[INFO: Main      ] - 802.15.4 Default channel: 26
[INFO: Main      ] Node ID: 56377
[INFO: Main      ] Link-layer address: 0012.4b00.1204.dc39
[INFO: Main      ] Tentative link-local IPv6 address: fe80::212:4b00:1204:dc39
[INFO: CC26xx/CC13xx] TI CC2650 SensorTag
[INFO: CC26xx/CC13xx]  RF: Channel 26, PANID 0xABCD
EC,  31, 990,   0,1022
ER,1012,   1,   8
decrypt, 759528,759540
encrypt, 759856,759868
htfin:760016
#,#decrypt, 765162,765174
encrypt, 765314,765324
t,50717,765312,0,0,765472
EC,  74,1948,   0,2022
ER,2010,   3,   8
EC, 125,2897,   0,3023
ER,3010,   4,   8
EC, 178,3845,   0,4023
ER,4010,   4,   8
EC, 239,4784,   0,5024
ER,5011,   4,   8
EC, 281,5743,   0,6024
ER,6011,   4,   8
EC, 325,6699,   0,7025
ER,7012,   4,   8
decrypt, 4699968,4699980
encrypt, 4700134,4700142
t,50721,4700132,0,0,4700302
EC, 372,7653,   0,8025
ER,8012,   5,   8
EC, 422,8603,   0,9026
ER,9012,   5,   8
EC, 470,9556,   0,10027
ER,10013,   5,   8
EC, 526,10500,   0,11027
ER,11013,   5,   8
EC, 581,11446,   0,12028
ER,12014,   5,   8
EC, 626,12401,   0,13028
ER,13014,   5,   8
decrypt, 8633686,8633698
encrypt, 8633852,8633860
t,50722,8633850,0,0,8634020
EC, 674,13354,   0,14029
ER,14014,   6,   8
EC, 714,14315,   0,15029
ER,15015,   6,   8
EC, 764,15266,   0,16030
ER,16015,   6,   8
EC, 819,16210,   0,17030
ER,17015,   6,   8
EC, 872,17159,   0,18031
ER,18016,   6,   8
EC, 921,18110,   0,19031
ER,19016,   6,   8
decrypt, 12564400,12564412
encrypt, 12564578,12564586
t,50723,12564576,0,0,12564756
EC, 972,19059,   0,20032
ER,20017,   6,   8
EC,1029,20003,   0,21033
ER,21017,   6,   8
EC,1078,20954,   0,22033
ER,22018,   6,   8
EC,1129,21904,   0,23033
ER,23018,   6,   8
EC,1174,22860,   0,24034
ER,24019,   7,   8
EC,1212,23822,   0,25035
ER,25019,   7,   8
decrypt, 16496520,16496532
encrypt, 16496698,16496706
t,50724,16496696,0,0,16496876
EC,1255,24780,   0,26035
ER,26019,   7,   8
EC,1300,25736,   0,27036
ER,27020,   7,   8
EC,1340,26696,   0,28036
ER,28021,   7,   8
EC,1382,27654,   0,29037
ER,29021,   7,   8
EC,1424,28613,   0,30037
ER,30021,   7,   8
EC,1463,29574,   0,31038
ER,31022,   7,   8
decrypt, 20438476,20438488
encrypt, 20438654,20438662
t,50725,20438652,0,0,20438832
EC,1506,30532,   0,32039
ER,32022,   8,   8
EC,1544,31494,   0,33039
ER,33022,   8,   8
EC,1587,32452,   0,34039
ER,34023,   8,   8
EC,1622,33418,   0,35040
ER,35024,   8,   8
EC,1659,34381,   0,36041
ER,36024,   8,   8
EC,1691,35350,   0,37041
ER,37025,   8,   8
decrypt, 24361432,24361444
encrypt, 24361608,24361616
t,50727,24361606,0,0,24361786
EC,1723,36317,   0,38041
ER,38024,   8,   8
EC,1752,37290,   0,39042
ER,39025,   8,   8
EC,1784,38258,   0,40043
ER,40026,   8,   8
EC,1820,39222,   0,41043
ER,41026,   8,   8
EC,1854,40189,   0,42044
ER,42027,   8,   8
EC,1884,41159,   0,43044
ER,43026,   9,   8
decrypt, 28294656,28294668
encrypt, 28294834,28294842
t,50728,28294832,0,0,28295012
EC,1919,42126,   0,44045
ER,44027,   9,   8
EC,1952,43093,   0,45046
ER,45028,   9,   8
EC,1985,44060,   0,46046
ER,46027,   9,   8
EC,2015,45030,   0,47046
ER,47028,   9,   8
EC,2048,45999,   0,48047
ER,48029,   9,   8
EC,2086,46962,   0,49048
ER,49030,   9,   8
decrypt, 32227846,32227858
encrypt, 32228022,32228030
t,50729,32228022,0,0,32228200
EC,2136,47911,   0,50048
ER,50029,  10,   8
EC,2206,48842,   0,51049
ER,51031,  10,   8
EC,2295,49754,   0,52050
ER,52031,  10,   8
EC,2362,50688,   0,53050
ER,53032,  10,   8
EC,2438,51612,   0,54050
ER,54032,  10,   8
EC,2497,52554,   0,55051
ER,55032,  10,   8
decrypt, 36160352,36160364
encrypt, 36160530,36160538
t,50730,36160528,0,0,36160708
EC,2574,53477,   0,56051
ER,56032,  10,   8
EC,2644,54408,   0,57052
ER,57033,  10,   8
EC,2723,55329,   0,58053
ER,58033,  10,   8
EC,2786,56267,   0,59053
ER,59034,  10,   8
