[INFO: Main      ] Starting Contiki-NG-release/v4.6-70-g9ff7b4bdb-dirty
[INFO: Main      ] - Routing: RPL Lite
[INFO: Main      ] - Net: sicslowpan
[INFO: Main      ] - MAC: CSMA
[INFO: Main      ] - 802.15.4 PANID: 0xabcd
[INFO: Main      ] - 802.15.4 Default channel: 26
[INFO: Main      ] Node ID: 56377
[INFO: Main      ] Link-layer address: 0012.4b00.1204.dc39
[INFO: Main      ] Tentative link-local IPv6 address: fe80::212:4b00:1204:dc39
[INFO: CC26xx/CC13xx] TI CC2650 SensorTag
[INFO: CC26xx/CC13xx]  RF: Channel 26, PANID 0xABCD
EC,  31, 990,   0,1021
ER,1012,   0,   8
decrypt, 1182534,1182546
encrypt, 1182874,1182886
htfin:1183046
#,#decrypt, 1190800,1190812
encrypt, 1190966,1190978
t,28678,1190964,0,0,1191136
EC,  65,1956,   0,2022
ER,2010,   3,   8
EC, 129,2893,   0,3023
ER,3010,   4,   8
EC, 186,3837,   0,4023
ER,4011,   4,   8
EC, 249,4774,   0,5023
ER,5010,   4,   8
EC, 316,5708,   0,6024
ER,6011,   4,   8
EC, 379,6645,   0,7025
ER,7011,   5,   8
decrypt, 5127536,5127548
encrypt, 5127702,5127712
t,28679,5127700,0,0,5127872
EC, 440,7585,   0,8025
ER,8012,   5,   8
EC, 490,8535,   0,9026
ER,9012,   5,   8
EC, 543,9483,   0,10027
ER,10013,   5,   8
EC, 597,10429,   0,11027
ER,11013,   5,   8
EC, 648,11379,   0,12028
ER,12014,   5,   8
EC, 695,12332,   0,13028
ER,13014,   5,   8
decrypt, 9061374,9061388
encrypt, 9061542,9061552
t,28680,9061540,0,0,9061710
EC, 744,13284,   0,14029
ER,14014,   6,   8
EC, 795,14234,   0,15029
ER,15015,   6,   8
EC, 847,15183,   0,16030
ER,16015,   6,   8
EC, 913,16117,   0,17030
ER,17016,   6,   8
EC, 966,17064,   0,18030
ER,18016,   6,   8
EC,1018,18013,   0,19031
ER,19017,   6,   8
decrypt, 12993468,12993480
encrypt, 12993646,12993656
t,28681,12993644,0,0,12993826
EC,1079,18952,   0,20032
ER,20017,   6,   8
EC,1127,19905,   0,21033
ER,21018,   6,   8
EC,1172,20860,   0,22032
ER,22017,   6,   8
EC,1226,21808,   0,23034
ER,23019,   6,   8
EC,1275,22759,   0,24034
ER,24019,   7,   8
EC,1312,23722,   0,25035
ER,25019,   7,   8
decrypt, 16923542,16923556
encrypt, 16923720,16923730
t,28682,16923720,0,0,16923902
EC,1348,24687,   0,26035
ER,26019,   7,   8
EC,1388,25647,   0,27036
ER,27020,   7,   8
EC,1435,26601,   0,28036
ER,28020,   7,   8
EC,1481,27555,   0,29037
ER,29021,   7,   8
EC,1526,28511,   0,30038
ER,30022,   7,   8
EC,1568,29470,   0,31038
ER,31022,   7,   8
decrypt, 20858380,20858392
encrypt, 20858558,20858568
t,28684,20858556,0,0,20858738
EC,1608,30430,   0,32038
ER,32022,   8,   8
EC,1641,31398,   0,33039
ER,33022,   8,   8
EC,1672,32367,   0,34040
ER,34023,   8,   8
EC,1711,33329,   0,35040
ER,35024,   8,   8
EC,1741,34299,   0,36041
ER,36024,   8,   8
EC,1780,35261,   0,37041
ER,37025,   8,   8
decrypt, 24790578,24790590
encrypt, 24790756,24790766
t,28685,24790754,0,0,24790936
EC,1819,36222,   0,38041
ER,38024,   8,   8
EC,1858,37183,   0,39042
ER,39025,   8,   8
EC,1885,38158,   0,40043
ER,40026,   8,   8
EC,1919,39124,   0,41043
ER,41026,   8,   8
EC,1952,40091,   0,42043
ER,42026,   8,   8
EC,1983,41061,   0,43045
ER,43028,   8,   8
decrypt, 28722778,28722790
encrypt, 28722956,28722966
t,28686,28722954,0,0,28723136
EC,2019,42025,   0,44045
ER,44027,   9,   8
EC,2048,42997,   0,45045
ER,45027,   9,   8
EC,2071,43975,   0,46046
ER,46028,   9,   8
EC,2103,44944,   0,47047
ER,47029,   9,   8
EC,2137,45910,   0,48047
ER,48029,   9,   8
EC,2157,46891,   0,49048
ER,49030,   9,   8
decrypt, 32652926,32652938
encrypt, 32653104,32653114
t,28687,32653102,0,0,32653284
EC,2182,47866,   0,50049
ER,50030,  10,   8
EC,2214,48834,   0,51048
ER,51030,  10,   8
EC,2246,49803,   0,52049
ER,52030,  10,   8
EC,2282,50768,   0,53050
ER,53031,  10,   8
EC,2324,51725,   0,54050
ER,54031,  10,   8
EC,2372,52678,   0,55051
ER,55032,  10,   8
decrypt, 36585540,36585554
encrypt, 36585718,36585728
t,28688,36585718,0,0,36585900
EC,2430,53621,   0,56052
ER,56032,  11,   8
EC,2521,54531,   0,57052
ER,57032,  11,   8
EC,2585,55468,   0,58053
ER,58033,  11,   8
EC,2665,56388,   0,59053
ER,59034,  11,   8
