[INFO: Main      ] Starting Contiki-NG-release/v4.6-70-g9ff7b4bdb-dirty
[INFO: Main      ] - Routing: RPL Lite
[INFO: Main      ] - Net: sicslowpan
[INFO: Main      ] - MAC: CSMA
[INFO: Main      ] - 802.15.4 PANID: 0xabcd
[INFO: Main      ] - 802.15.4 Default channel: 26
[INFO: Main      ] Node ID: 56377
[INFO: Main      ] Link-layer address: 0012.4b00.1204.dc39
[INFO: Main      ] Tentative link-local IPv6 address: fe80::212:4b00:1204:dc39
[INFO: CC26xx/CC13xx] TI CC2650 SensorTag
[INFO: CC26xx/CC13xx]  RF: Channel 26, PANID 0xABCD
EC,  30, 991,   0,1021
ER,1012,   1,   8
decrypt, 947412,947424
encrypt, 947740,947752
htfin:947900
#,#decrypt, 953702,953714
encrypt, 953854,953866
t,63804,953852,0,0,954012
EC, 113,1909,   0,2022
ER,2010,   3,   8
EC, 185,2837,   0,3023
ER,3010,   4,   8
EC, 237,3785,   0,4023
ER,4010,   4,   8
EC, 307,4716,   0,5024
ER,5011,   4,   8
EC, 377,5647,   0,6024
ER,6011,   4,   8
EC, 450,6575,   0,7025
ER,7012,   4,   8
decrypt, 4889346,4889358
encrypt, 4889512,4889522
t,63806,4889510,0,0,4889680
EC, 523,7501,   0,8025
ER,8011,   5,   8
EC, 590,8435,   0,9026
ER,9012,   5,   8
EC, 660,9365,   0,10026
ER,10013,   5,   8
EC, 742,10284,   0,11027
ER,11013,   5,   8
EC, 808,11219,   0,12027
ER,12013,   5,   8
EC, 873,12154,   0,13028
ER,13014,   5,   8
decrypt, 8822052,8822066
encrypt, 8822220,8822228
t,63807,8822218,0,0,8822386
EC, 930,13098,   0,14028
ER,14014,   6,   8
EC, 988,14040,   0,15029
ER,15014,   6,   8
EC,1036,14993,   0,16030
ER,16015,   6,   8
EC,1079,15951,   0,17030
ER,17016,   6,   8
EC,1127,16903,   0,18031
ER,18016,   6,   8
EC,1173,17858,   0,19031
ER,19016,   6,   8
decrypt, 12757198,12757212
encrypt, 12757378,12757386
t,63808,12757376,0,0,12757556
EC,1216,18815,   0,20031
ER,20016,   6,   8
EC,1271,19760,   0,21032
ER,21017,   6,   8
EC,1307,20725,   0,22033
ER,22017,   6,   8
EC,1371,21662,   0,23033
ER,23018,   6,   8
EC,1449,22584,   0,24034
ER,24019,   6,   8
EC,1523,23511,   0,25035
ER,25019,   7,   8
decrypt, 16684712,16684726
encrypt, 16684890,16684900
t,63809,16684890,0,0,16685070
EC,1590,24444,   0,26035
ER,26019,   7,   8
EC,1654,25381,   0,27036
ER,27020,   7,   8
EC,1712,26323,   0,28036
ER,28020,   7,   8
EC,1785,27251,   0,29037
ER,29020,   7,   8
EC,1871,28166,   0,30037
ER,30021,   7,   8
EC,1947,29091,   0,31038
ER,31022,   7,   8
decrypt, 20618650,20618664
encrypt, 20618828,20618838
t,63810,20618828,0,0,20619008
EC,2015,30023,   0,32039
ER,32022,   8,   8
EC,2097,30942,   0,33039
ER,33023,   8,   8
EC,2177,31862,   0,34040
ER,34023,   8,   8
EC,2227,32813,   0,35040
ER,35023,   8,   8
EC,2300,33741,   0,36041
ER,36024,   8,   8
EC,2364,34677,   0,37041
ER,37024,   8,   8
decrypt, 24549090,24549104
encrypt, 24549270,24549278
t,63812,24549268,0,0,24549448
EC,2435,35607,   0,38042
ER,38025,   8,   8
EC,2504,36537,   0,39042
ER,39025,   8,   8
EC,2576,37467,   0,40043
ER,40026,   8,   8
EC,2639,38404,   0,41044
ER,41026,   8,   8
EC,2714,39329,   0,42044
ER,42027,   8,   8
EC,2773,40272,   0,43045
ER,43027,   8,   8
decrypt, 28481510,28481524
encrypt, 28481688,28481698
t,63813,28481686,0,0,28481868
EC,2842,41202,   0,44045
ER,44027,   9,   8
EC,2899,42146,   0,45046
ER,45028,   9,   8
EC,2964,43082,   0,46046
ER,46028,   9,   8
EC,3034,44012,   0,47047
ER,47029,   9,   8
EC,3102,44944,   0,48047
ER,48029,   9,   8
EC,3168,45879,   0,49048
ER,49030,   9,   8
decrypt, 32416366,32416378
encrypt, 32416544,32416552
t,63814,32416542,0,0,32416722
EC,3237,46810,   0,50048
ER,50030,  10,   8
EC,3294,47755,   0,51049
ER,51030,  10,   8
EC,3354,48695,   0,52049
ER,52031,  10,   8
EC,3414,49636,   0,53050
ER,53031,  10,   8
EC,3467,50583,   0,54051
ER,54032,  10,   8
EC,3519,51531,   0,55051
ER,55032,  10,   8
decrypt, 36346528,36346540
encrypt, 36346706,36346714
t,63815,36346704,0,0,36346884
EC,3568,52483,   0,56052
ER,56033,  10,   8
EC,3621,53431,   0,57052
ER,57033,  11,   8
EC,3677,54375,   0,58053
ER,58033,  11,   8
EC,3729,55324,   0,59053
ER,59034,  11,   8
