 39331380,39331398
o,40904,39331378,0,0,39331568
encrypt, 39338000,39338018
o,40905,39337998,0,0,39338188
EC,4347,55706,   0,60053
ER,57791,2254,   8
encrypt, 39344664,39344682
o,40906,39344662,0,0,39344852
encrypt, 39351326,39351344
o,40907,39351[INFO: Main      ] Starting Contiki-NG-release/v4.6-70-g9ff7b4bdb-dirty
[INFO: Main      ] - Routing: RPL Lite
[INFO: Main      ] - Net: sicslowpan
[INFO: Main      ] - MAC: CSMA
[INFO: Main      ] - 802.15.4 PANID: 0xabcd
[INFO: Main      ] - 802.15.4 Default channel: 26
[INFO: Main      ] Node ID: 56581
[INFO: Main      ] Link-layer address: 0012.4b00.0a55.dd05
[INFO: Main      ] Tentative link-local IPv6 address: fe80::212:4b00:a55:dd05
[INFO: CC26xx/CC13xx] TI CC2650 SensorTag
[INFO: CC26xx/CC13xx]  RF: Channel 26, PANID 0xABCD
EC,  23, 998,   0,1021
ER,1012,   0,   8
decrypt, 1134930,1134944
encrypt, 1135270,1135284
htfin:1135444
#,#decrypt, 1141586,1141598
encrypt, 1141752,1141762
o,19092,1141750,0,0,1141922
decrypt, 1145664,1145674
encrypt, 1145828,1145850
o,19093,1145826,0,0,1146010
encrypt, 1155728,1155750
o,33596,1155728,0,0,1155910
encrypt, 1165974,1165996
o,33597,1165974,0,0,1166156
encrypt, 1176220,1176242
o,33598,1176220,0,0,1176402
encrypt, 1186578,1186600
o,33599,1186578,0,0,1186760
encrypt, 1197366,1197388
o,33600,1197366,0,0,1197548
encrypt, 1208180,1208202
o,33601,1208180,0,0,1208362
encrypt, 1218582,1218604
o,33602,1218582,0,0,1218764
encrypt, 1228830,1228852
o,33603,1228830,0,0,1229012
encrypt, 1239054,1239076
o,33604,1239054,0,0,1239236
encrypt, 1249300,1249322
o,33605,1249300,0,0,1249482
encrypt, 1259546,1259568
o,33606,1259546,0,0,1259728
encrypt, 1269794,1269816
o,33607,1269794,0,0,1269976
encrypt, 1280014,1280036
o,33608,1280014,0,0,1280196
encrypt, 1290264,1290286
o,33609,1290264,0,0,1290446
encrypt, 1300510,1300532
o,33610,1300510,0,0,1300692
encrypt, 1310756,1310778
o,33611,1310756,0,0,1310938
encrypt, 1321004,1321026
o,33612,1321004,0,0,1321186
EC,  42,1979,   0,2022
ER,2001,  11,   8
encrypt, 1331254,1331276
o,33613,1331254,0,0,1331436
encrypt, 1341500,1341522
o,33614,1341500,0,0,1341682
encrypt, 1351748,1351770
o,33615,1351748,0,0,1351930
decrypt, 1354536,1354544
encrypt, 1361996,1362018
o,33616,1361996,0,0,1362178
encrypt, 1372242,1372264
o,33617,1372242,0,0,1372424
encrypt, 1382492,1382514
o,33618,1382492,0,0,1382674
encrypt, 1392656,1392678
o,33619,1392656,0,0,1392838
encrypt, 1402902,1402924
o,33620,1402902,0,0,1403084
encrypt, 1413148,1413170
o,33621,1413148,0,0,1413330
encrypt, 1423396,1423418
o,33622,1423396,0,0,1423578
encrypt, 1433642,1433664
o,33623,1433642,0,0,1433824
encrypt, 1443888,1443910
o,33624,1443888,0,0,1444070
encrypt, 1454134,1454156
o,33625,1454134,0,0,1454316
encrypt, 1464380,1464402
o,33626,1464380,0,0,1464562
encrypt, 1474626,1474648
o,33627,1474626,0,0,1474808
encrypt, 1484878,1484900
o,33628,1484878,0,0,1485060
encrypt, 1495124,1495146
o,33629,1495124,0,0,1495306
encrypt, 1505294,1505316
o,33630,1505294,0,0,1505476
encrypt, 1515540,1515562
o,33631,1515540,0,0,1515722
encrypt, 1525786,1525808
o,33632,1525786,0,0,1525968
encrypt, 1536032,1536054
o,33633,1536032,0,0,1536214
encrypt, 1546278,1546300
o,33634,1546278,0,0,1546460
encrypt, 1556528,1556550
o,33635,1556528,0,0,1556710
decrypt, 1561898,1561906
encrypt, 1566776,1566798
o,33636,1566776,0,0,1566958
encrypt, 1577022,1577044
o,33637,1577022,0,0,1577204
encrypt, 1587268,1587290
o,33638,1587268,0,0,1587450
encrypt, 1597514,1597536
o,33639,1597514,0,0,1597696
encrypt, 1607694,1607716
o,33640,1607694,0,0,1607876
encrypt, 1617946,1617968
o,33641,1617946,0,0,1618128
encrypt, 1628174,1628196
o,33642,1628174,0,0,1628356
encrypt, 1638420,1638442
o,33643,1638420,0,0,1638602
encrypt, 1648666,1648688
o,33644,1648666,0,0,1648848
encrypt, 1658912,1658934
o,33645,1658912,0,0,1659094
encrypt, 1669134,1669156
o,33646,1669134,0,0,1669316
encrypt, 1679380,1679402
o,33647,1679380,0,0,1679562
encrypt, 1689630,1689652
o,33648,1689630,0,0,1689812
encrypt, 1699876,1699898
o,33649,1699876,0,0,1700058
encrypt, 1710094,1710116
o,33650,1710094,0,0,1710276
encrypt, 1720340,1720362
o,33651,1720340,0,0,1720522
encrypt, 1730588,1730610
o,33652,1730588,0,0,1730770
encrypt, 1740834,1740856
o,33653,1740834,0,0,1741016
encrypt, 1751086,1751108
o,33654,1751086,0,0,1751268
encrypt, 1761332,1761354
o,33655,1761332,0,0,1761514
decrypt, 1763112,1763120
encrypt, 1771580,1771602
o,33656,1771580,0,0,1771762
encrypt, 1781826,1781848
o,33657,1781826,0,0,1782008
encrypt, 1792072,1792094
o,33658,1792072,0,0,1792254
encrypt, 1802254,1802276
o,33659,1802254,0,0,1802436
encrypt, 1812500,1812522
o,33660,1812500,0,0,1812682
encrypt, 1822750,1822772
o,33661,1822750,0,0,1822932
encrypt, 1832996,1833018
o,33662,1832996,0,0,1833178
encrypt, 1843244,1843264
o,33663,1843242,0,0,1843424
encrypt, 1853488,1853510
o,33664,1853488,0,0,1853670
encrypt, 1863694,1863716
o,33665,1863694,0,0,1863876
encrypt, 1873940,1873962
o,33666,1873940,0,0,1874122
encrypt, 1884192,1884214
o,33667,1884192,0,0,1884374
encrypt, 1894438,1894460
o,33668,1894438,0,0,1894620
encrypt, 1904686,1904708
o,33669,1904686,0,0,1904868
encrypt, 1915086,1915108
o,33670,1915086,0,0,1915268
encrypt, 1925652,1925674
o,33671,1925652,0,0,1925834
encrypt, 1935900,1935922
o,33672,1935900,0,0,1936082
encrypt, 1946146,1946168
o,33673,1946146,0,0,1946328
encrypt, 1956396,1956418
o,33674,1956396,0,0,1956578
encrypt, 1966642,1966664
o,33675,1966642,0,0,1966824
decrypt, 1971498,1971506
encrypt, 1976890,1976912
o,33676,1976890,0,0,1977072
EC,  90,2932,   0,3022
ER,2974,  40,   8
encrypt, 1987138,1987160
o,33677,1987138,0,0,1987320
encrypt, 1997384,1997406
o,33678,1997384,0,0,1997566
encrypt, 2007566,2007588
o,33679,2007566,0,0,2007748
encrypt, 2017818,2017840
o,33680,2017818,0,0,2018000
encrypt, 2028064,2028086
o,33681,2028064,0,0,2028246
encrypt, 2038310,2038332
o,33682,2038310,0,0,2038492
encrypt, 2048556,2048578
o,33683,2048556,0,0,2048738
encrypt, 2058802,2058824
o,33684,2058802,0,0,2058984
encrypt, 2069048,2069070
o,33685,2069048,0,0,2069230
encrypt, 2079294,2079316
o,33686,2079294,0,0,2079476
encrypt, 2089544,2089566
o,33687,2089544,0,0,2089726
encrypt, 2099790,2099812
o,33688,2099790,0,0,2099972
encrypt, 2110036,2110058
o,33689,2110036,0,0,2110218
encrypt, 2120206,2120228
o,33690,2120206,0,0,2120388
encrypt, 2130448,2130470
o,33691,2130448,0,0,2130630
encrypt, 2140694,2140716
o,33692,2140694,0,0,2140876
encrypt, 2150946,2150968
o,33693,2150946,0,0,2151128
encrypt, 2161166,2161188
o,33694,2161166,0,0,2161348
encrypt, 2171412,2171434
o,33695,2171412,0,0,2171594
decrypt, 2177324,2177332
encrypt, 2181660,2181682
o,33696,2181660,0,0,2181842
encrypt, 2191906,2191928
o,33697,2191906,0,0,2192088
encrypt, 2202152,2202174
o,33698,2202152,0,0,2202334
encrypt, 2212398,2212420
o,33699,2212398,0,0,2212580
encrypt, 2222648,2222670
o,33700,2222648,0,0,2222830
encrypt, 2232894,2232916
o,33701,2232894,0,0,2233076
encrypt, 2243140,2243162
o,33702,2243140,0,0,2243322
encrypt, 2253388,2253410
o,33703,2253388,0,0,2253570
encrypt, 2263634,2263656
o,33704,2263634,0,0,2263816
encrypt, 2273880,2273902
o,33705,2273880,0,0,2274062
encrypt, 2284132,2284154
o,33706,2284132,0,0,2284314
encrypt, 2294378,2294400
o,33707,2294378,0,0,2294560
encrypt, 2304624,2304646
o,33708,2304624,0,0,2304806
encrypt, 2314870,2314892
o,33709,2314870,0,0,2315052
encrypt, 2325116,2325138
o,33710,2325116,0,0,2325298
encrypt, 2335362,2335384
o,33711,2335362,0,0,2335544
encrypt, 2345608,2345630
o,33712,2345608,0,0,2345790
encrypt, 2355858,2355880
o,33713,2355858,0,0,2356040
encrypt, 2366104,2366126
o,33714,2366104,0,0,2366286
encrypt, 2376206,2376228
o,33715,2376206,0,0,2376388
decrypt, 2378376,2378382
encrypt, 2386454,2386476
o,33716,2386454,0,0,2386636
encrypt, 2396700,2396722
o,33717,2396700,0,0,2396882
encrypt, 2406946,2406968
o,33718,2406946,0,0,2407128
encrypt, 2417198,2417220
o,33719,2417198,0,0,2417380
encrypt, 2427444,2427466
o,33720,2427444,0,0,2427626
encrypt, 2437690,2437712
o,33721,2437690,0,0,2437872
encrypt, 2447886,2447908
o,33722,2447886,0,0,2448068
encrypt, 2458134,2458156
o,33723,2458134,0,0,2458316
encrypt, 2468380,2468402
o,33724,2468380,0,0,2468562
encrypt, 2478626,2478648
o,33725,2478626,0,0,2478808
encrypt, 2488876,2488898
o,33726,2488876,0,0,2489058
encrypt, 2499122,2499144
o,33727,2499122,0,0,2499304
encrypt, 2509368,2509390
o,33728,2509368,0,0,2509550
encrypt, 2519614,2519636
o,33729,2519614,0,0,2519796
encrypt, 2529860,2529882
o,33730,2529860,0,0,2530042
encrypt, 2540534,2540556
o,33731,2540534,0,0,2540716
encrypt, 2550802,2550824
o,33732,2550802,0,0,2550984
encrypt, 2561048,2561070
o,33733,2561048,0,0,2561230
encrypt, 2571294,2571316
o,33734,2571294,0,0,2571476
encrypt, 2581540,2581562
o,33735,2581540,0,0,2581722
decrypt, 2586924,2586932
encrypt, 2591788,2591810
o,33736,2591788,0,0,2591970
encrypt, 2601998,2602020
o,33737,2601998,0,0,2602180
encrypt, 2612244,2612266
o,33738,2612244,0,0,2612426
encrypt, 2622496,2622518
o,33739,2622496,0,0,2622678
encrypt, 2632744,2632766
o,33740,2632744,0,0,2632926
EC, 138,3885,   0,4023
ER,3946,  68,   8
encrypt, 2642960,2642982
o,33741,2642960,0,0,2643142
encrypt, 2653206,2653228
o,33742,2653206,0,0,2653388
encrypt, 2663454,2663476
o,33743,2663454,0,0,2663636
encrypt, 2673700,2673722
o,33744,2673700,0,0,2673882
encrypt, 2683952,2683974
o,33745,2683952,0,0,2684134
encrypt, 2694198,2694220
o,33746,2694198,0,0,2694380
encrypt, 2704398,2704420
o,33747,2704398,0,0,2704580
encrypt, 2714644,2714666
o,33748,2714644,0,0,2714826
encrypt, 2724890,2724912
o,33749,2724890,0,0,2725072
encrypt, 2735136,2735158
o,33750,2735136,0,0,2735318
encrypt, 2745382,2745404
o,33751,2745382,0,0,2745564
encrypt, 2755632,2755654
o,33752,2755632,0,0,2755814
encrypt, 2765878,2765900
o,33753,2765878,0,0,2766060
encrypt, 2776124,2776146
o,33754,2776124,0,0,2776306
encrypt, 2786370,2786392
o,33755,2786370,0,0,2786552
decrypt, 2788652,2788660
encrypt, 2796618,2796640
o,33756,2796618,0,0,2796800
encrypt, 2806864,2806886
o,33757,2806864,0,0,2807046
encrypt, 2817116,2817138
o,33758,2817116,0,0,2817298
encrypt, 2827364,2827384
o,33759,2827362,0,0,2827544
encrypt, 2837610,2837632
o,33760,2837610,0,0,2837792
encrypt, 2847856,2847878
o,33761,2847856,0,0,2848038
encrypt, 2858102,2858124
o,33762,2858102,0,0,2858284
encrypt, 2868348,2868370
o,33763,2868348,0,0,2868530
encrypt, 2878594,2878616
o,33764,2878594,0,0,2878776
encrypt, 2888842,2888864
o,33765,2888842,0,0,2889024
encrypt, 2898960,2898982
o,33766,2898960,0,0,2899142
encrypt, 2909206,2909228
o,33767,2909204,0,0,2909388
encrypt, 2919438,2919460
o,33768,2919436,0,0,2919620
encrypt, 2929684,2929706
o,33769,2929682,0,0,2929866
encrypt, 2939918,2939940
o,33770,2939918,0,0,2940100
encrypt, 2950170,2950192
o,33771,2950168,0,0,2950352
encrypt, 2960416,2960438
o,33772,2960414,0,0,2960598
encrypt, 2970662,2970684
o,33773,2970660,0,0,2970844
encrypt, 2980908,2980930
o,33774,2980906,0,0,2981090
encrypt, 2991154,2991176
o,33775,2991152,0,0,2991336
decrypt, 2995504,2995510
encrypt, 3001404,3001426
o,33776,3001404,0,0,3001586
encrypt, 3011652,3011674
o,33777,3011650,0,0,3011834
encrypt, 3021904,3021926
o,33778,3021902,0,0,3022086
encrypt, 3032150,3032172
o,33779,3032148,0,0,3032332
encrypt, 3042396,3042418
o,33780,3042394,0,0,3042578
encrypt, 3052558,3052580
o,33781,3052556,0,0,3052740
encrypt, 3062804,3062826
o,33782,3062802,0,0,3062986
encrypt, 3073050,3073072
o,33783,3073048,0,0,3073232
encrypt, 3083302,3083324
o,33784,3083300,0,0,3083484
encrypt, 3093518,3093540
o,33785,3093518,0,0,3093700
encrypt, 3103764,3103786
o,33786,3103762,0,0,3103946
encrypt, 3113998,3114020
o,33787,3113998,0,0,3114180
encrypt, 3124244,3124266
o,33788,3124244,0,0,3124426
encrypt, 3134490,3134512
o,33789,3134488,0,0,3134672
encrypt, 3144738,3144760
o,33790,3144736,0,0,3144920
encrypt, 3154962,3154984
,33791,3154960,0,0,3155144
encrypt, 3165208,3165230
o,33792,3165208,0,0,3165390
encrypt, 3175454,3175476
o,33793,3175452,0,0,3175636
encrypt, 3185700,3185722
o,33794,3185698,0,0,3185882
encrypt, 3195946,3195968
o,33795,3195944,0,0,3196128
decrypt, 3199790,3199798
encrypt, 3206194,3206216
o,33796,3206192,0,0,3206376
encrypt, 3216444,3216466
o,33797,3216442,0,0,3216626
encrypt, 3226690,3226712
o,33798,3226688,0,0,3226872
encrypt, 3236936,3236958
o,33799,3236934,0,0,3237118
encrypt, 3247182,3247204
o,33800,3247180,0,0,3247364
encrypt, 3257358,3257380
o,33801,3257358,0,0,3257540
encrypt, 3267604,3267626
o,33802,3267602,0,0,3267786
encrypt, 3277852,3277874
o,33803,3277850,0,0,3278034
encrypt, 3288104,3288126
o,33804,3288102,0,0,3288286
EC, 185,4838,   0,5023
ER,4918,  97,   8
encrypt, 3298352,3298374
o,33805,3298352,0,0,3298534
encrypt, 3308598,3308620
o,33806,3308596,0,0,3308780
encrypt, 3318798,3318820
o,33807,3318798,0,0,3318980
encrypt, 3329046,3329068
o,33808,3329044,0,0,3329228
encrypt, 3339298,3339320
o,33809,3339296,0,0,3339480
encrypt, 3349550,3349572
o,33810,3349548,0,0,3349732
encrypt, 3359798,3359820
o,33811,3359798,0,0,3359980
encrypt, 3370000,3370022
o,33812,3370000,0,0,3370182
encrypt, 3380246,3380268
o,33813,3380244,0,0,3380428
encrypt, 3390492,3390514
o,33814,3390490,0,0,3390674
encrypt, 3400738,3400760
o,33815,3400736,0,0,3400920
decrypt, 3402908,3402914
encrypt, 3410986,3411008
o,33816,3410986,0,0,3411168
encrypt, 3421234,3421256
o,33817,3421232,0,0,3421416
encrypt, 3431480,3431502
o,33818,3431478,0,0,3431662
encrypt, 3441678,3441700
o,33819,3441676,0,0,3441860
encrypt, 3451918,3451940
o,33820,3451916,0,0,3452100
encrypt, 3462164,3462186
o,33821,3462162,0,0,3462346
encrypt, 3472410,3472432
o,33822,3472408,0,0,3472592
encrypt, 3482662,3482684
o,33823,3482660,0,0,3482844
encrypt, 3492908,3492930
o,33824,3492906,0,0,3493090
encrypt, 3503154,3503176
o,33825,3503152,0,0,3503336
encrypt, 3513400,3513422
o,33826,3513398,0,0,3513582
encrypt, 3523646,3523668
o,33827,3523644,0,0,3523828
encrypt, 3533892,3533914
o,33828,3533890,0,0,3534074
encrypt, 3544080,3544102
o,33829,3544078,0,0,3544262
encrypt, 3554330,3554352
o,33830,3554328,0,0,3554512
encrypt, 3564558,3564580
o,33831,3564556,0,0,3564740
encrypt, 3574804,3574826
o,33832,3574804,0,0,3574986
encrypt, 3585050,3585072
o,33833,3585048,0,0,3585232
encrypt, 3595296,3595318
o,33834,3595296,0,0,3595478
encrypt, 3605542,3605564
o,33835,3605540,0,0,3605724
decrypt, 3609904,3609912
encrypt, 3615796,3615818
o,33836,3615796,0,0,3615978
encrypt, 3626042,3626064
o,33837,3626042,0,0,3626224
encrypt, 3636288,3636310
o,33838,3636286,0,0,3636470
encrypt, 3646534,3646556
o,33839,3646532,0,0,3646716
encrypt, 3656718,3656740
o,33840,3656716,0,0,3656900
encrypt, 3666964,3666986
o,33841,3666964,0,0,3667146
encrypt, 3677210,3677232
o,33842,3677208,0,0,3677392
encrypt, 3687460,3687482
o,33843,3687458,0,0,3687642
encrypt, 3697706,3697728
o,33844,3697704,0,0,3697888
encrypt, 3708084,3708106
o,33845,3708084,0,0,3708266
encrypt, 3718672,3718694
o,33846,3718670,0,0,3718854
encrypt, 3728918,3728940
o,33847,3728916,0,0,3729100
encrypt, 3739166,3739188
o,33848,3739164,0,0,3739348
encrypt, 3749416,3749438
o,33849,3749414,0,0,3749598
encrypt, 3759662,3759684
a,33850,3759660,0,0,3759844
encrypt, 3769870,3769894
o,33851,3769870,0,0,3770052
encrypt, 3780116,3780140
o,33852,3780116,0,0,3780298
encrypt, 3790362,3790386
o,33853,3790362,0,0,3790544
encrypt, 3800610,3800634
o,33854,3800610,0,0,3800792
