[INFO: Main      ] Starting Contiki-NG-release/v4.6-70-g9ff7b4bdb-dirty
[INFO: Main      ] - Routing: RPL Lite
[INFO: Main      ] - Net: sicslowpan
[INFO: Main      ] - MAC: CSMA
[INFO: Main      ] - 802.15.4 PANID: 0xabcd
[INFO: Main      ] - 802.15.4 Default channel: 26
[INFO: Main      ] Node ID: 65491
[INFO: Main      ] Link-layer address: 0012.4b00.1204.ffd3
[INFO: Main      ] Tentative link-local IPv6 address: fe80::212:4b00:1204:ffd3
[INFO: CC26xx/CC13xx] TI CC2650 SensorTag
[INFO: CC26xx/CC13xx]  RF: Channel 26, PANID 0xABCD
EC,  30, 991,   0,1021
ER,1012,   0,   8
EC,  41,1980,   0,2021
ER,2010,   3,   8
decrypt, 1330880,1330894
encrypt, 1331220,1331234
htfin:1331394
#,#decrypt, 1334560,1334574
encrypt, 1334726,1334738
p,1938,1334724,0,0,1334896
EC,  88,2934,   0,3023
ER,3010,   4,   8
EC, 148,3875,   0,4023
ER,4010,   4,   8
EC, 204,4820,   0,5024
ER,5011,   4,   8
EC, 263,5761,   0,6024
ER,6011,   4,   8
EC, 312,6712,   0,7025
ER,7012,   4,   8
EC, 361,7663,   0,8025
ER,8012,   4,   8
EC, 401,8624,   0,9026
ER,9012,   5,   8
EC, 442,9584,   0,10027
ER,10013,   5,   8
EC, 492,10534,   0,11027
ER,11013,   5,   8
EC, 538,11488,   0,12027
ER,12013,   5,   8
EC, 590,12437,   0,13028
ER,13013,   5,   8
EC, 639,13390,   0,14029
ER,14014,   5,   8
EC, 688,14340,   0,15029
ER,15015,   5,   8
EC, 733,15296,   0,16030
ER,16015,   5,   8
EC, 783,16247,   0,17030
ER,17016,   5,   8
EC, 837,17194,   0,18031
ER,18017,   5,   8
EC, 890,18141,   0,19032
ER,19017,   5,   8
EC, 946,19086,   0,20032
ER,20018,   5,   8
EC, 990,20042,   0,21032
ER,21018,   5,   8
EC,1037,20996,   0,22033
ER,22018,   6,   8
EC,1082,21951,   0,23034
ER,23019,   6,   8
EC,1129,22905,   0,24034
ER,24019,   6,   8
EC,1178,23856,   0,25035
ER,25020,   6,   8
EC,1225,24810,   0,26035
ER,26020,   6,   8
EC,1277,25758,   0,27036
ER,27021,   6,   8
EC,1323,26713,   0,28036
ER,28021,   6,   8
EC,1369,27668,   0,29037
ER,29022,   6,   8
EC,1419,28618,   0,30038
ER,30022,   7,   8
EC,1457,29580,   0,31038
ER,31023,   7,   8
EC,1505,30533,   0,32039
ER,32023,   7,   8
decrypt, 21000516,21000528
llego jejeje
encrypt, 21000766,21000774
n,1946,21000764,0,0,21000942
encrypt, 21001120,21001132
S,56691,21001118,0,0,21001302
encrypt, 21298608,21298620
S,56691,21298606,0,0,21298792
EC,1560,31479,   0,33039
ER,33023,   7,   8
encrypt, 21893012,21893026
S,56691,21893010,0,0,21893196
EC,1604,32435,   0,34040
ER,34023,   8,   8
EC,1650,33390,   0,35040
ER,35024,   8,   8
encrypt, 23081154,23081166
S,56691,23081152,0,0,23081338
EC,1698,34342,   0,36040
ER,36023,   8,   8
EC,1742,35299,   0,37041
ER,37024,   8,   8
EC,1790,36251,   0,38042
ER,38025,   8,   8
encrypt, 25457616,25457630
S,56691,25457616,0,0,25457800
EC,1838,37204,   0,39042
ER,39025,   9,   8
EC,1879,38164,   0,40043
ER,40025,   9,   8
EC,1889,39154,   0,41043
ER,41025,   9,   8
EC,1897,40146,   0,42044
ER,42026,   9,   8
EC,1906,41138,   0,43044
ER,43026,   9,   8
EC,1915,42130,   0,44045
ER,44027,   9,   8
EC,1923,43122,   0,45045
ER,45027,   9,   8
EC,1931,44114,   0,46046
ER,46028,   9,   8
EC,1940,45106,   0,47047
ER,47029,   9,   8
EC,1948,46099,   0,48047
ER,48029,   9,   8
EC,1957,47090,   0,49048
ER,49029,  10,   8
EC,1966,48082,   0,50048
ER,50030,  10,   8
EC,1974,49074,   0,51049
ER,51030,  10,   8
EC,1983,50067,   0,52050
ER,52031,  10,   8
EC,1991,51058,   0,53050
ER,53031,  10,   8
EC,1999,52051,   0,54051
ER,54032,  10,   8
EC,2008,53043,   0,55051
ER,55032,  10,   8
EC,2017,54035,   0,56052
ER,56033,  10,   8
EC,2025,55026,   0,57052
ER,57033,  10,   8
EC,2034,56019,   0,58053
ER,58034,  10,   8
EC,2042,57010,   0,59053
ER,59033,  11,   8
