[INFO: Main      ] Starting Contiki-NG-release/v4.6-70-g9ff7b4bdb-dirty
[INFO: Main      ] - Routing: RPL Lite
[INFO: Main      ] - Net: sicslowpan
[INFO: Main      ] - MAC: CSMA
[INFO: Main      ] - 802.15.4 PANID: 0xabcd
[INFO: Main      ] - 802.15.4 Default channel: 26
[INFO: Main      ] Node ID: 56377
[INFO: Main      ] Link-layer address: 0012.4b00.1204.dc39
[INFO: Main      ] Tentative link-local IPv6 address: fe80::212:4b00:1204:dc39
[INFO: CC26xx/CC13xx] TI CC2650 SensorTag
[INFO: CC26xx/CC13xx]  RF: Channel 26, PANID 0xABCD
EC,  29, 992,   0,1021
ER,1013,   0,   8
EC,  39,1982,   0,2022
ER,2012,   1,   8
decrypt, 1350276,1350288
encrypt, 1350614,1350624
htfin:1350784
#,#decrypt, 1355394,1355406
encrypt, 1355558,1355568
t,3786,1355556,0,0,1355726
EC,  93,2929,   0,3022
ER,3010,   3,   8
EC, 133,3890,   0,4023
ER,4011,   4,   8
EC, 182,4841,   0,5023
ER,5011,   4,   8
EC, 226,5798,   0,6024
ER,6011,   4,   8
EC, 270,6754,   0,7025
ER,7012,   4,   8
EC, 310,7715,   0,8026
ER,8012,   4,   8
decrypt, 5291184,5291196
encrypt, 5291350,5291358
t,3790,5291348,0,0,5291516
EC, 346,8679,   0,9026
ER,9013,   5,   8
EC, 390,9636,   0,10027
ER,10013,   5,   8
EC, 433,10593,   0,11027
ER,11014,   5,   8
EC, 473,11554,   0,12027
ER,12014,   5,   8
EC, 505,12523,   0,13028
ER,13015,   5,   8
EC, 543,13485,   0,14029
ER,14015,   5,   8
decrypt, 9224984,9224996
encrypt, 9225150,9225158
t,3791,9225150,0,0,9225318
EC, 581,14447,   0,15029
ER,15014,   6,   8
EC, 619,15411,   0,16030
ER,16015,   6,   8
EC, 645,16385,   0,17030
ER,17016,   6,   8
EC, 681,17349,   0,18031
ER,18016,   6,   8
EC, 719,18312,   0,19031
ER,19016,   6,   8
EC, 752,19279,   0,20032
ER,20017,   6,   8
decrypt, 13156094,13156106
encrypt, 13156272,13156280
t,3792,13156270,0,0,13156450
EC, 783,20249,   0,21032
ER,21017,   7,   8
EC, 816,21217,   0,22033
ER,22017,   7,   8
EC, 845,22188,   0,23033
ER,23017,   7,   8
EC, 877,23157,   0,24034
ER,24018,   7,   8
EC, 910,24125,   0,25035
ER,25019,   7,   8
EC, 943,25092,   0,26035
ER,26018,   7,   8
decrypt, 17088886,17088898
encrypt, 17089064,17089072
t,3793,17089062,0,0,17089242
EC, 972,26063,   0,27035
ER,27019,   8,   8
EC,1007,27029,   0,28036
ER,28020,   8,   8
EC,1048,27988,   0,29037
ER,29020,   8,   8
EC,1126,28910,   0,30037
ER,30021,   8,   8
EC,1210,29827,   0,31038
ER,31021,   8,   8
EC,1308,30729,   0,32038
ER,32021,   8,   8
decrypt, 21019150,21019162
encrypt, 21019328,21019336
t,3794,21019326,0,0,21019506
EC,1380,31658,   0,33039
ER,33021,   9,   8
EC,1456,32583,   0,34039
ER,34022,   9,   8
EC,1534,33506,   0,35040
ER,35023,   9,   8
EC,1607,34433,   0,36041
ER,36023,   9,   8
EC,1672,35369,   0,37041
ER,37024,   9,   8
EC,1743,36298,   0,38041
ER,38024,   9,   8
decrypt, 24951940,24951952
encrypt, 24952116,24952124
t,3796,24952116,0,0,24952296
EC,1800,37242,   0,39042
ER,39024,  10,   8
EC,1886,38156,   0,40043
ER,40025,  10,   8
EC,1962,39081,   0,41044
ER,41025,  10,   8
EC,2028,40016,   0,42044
ER,42026,  10,   8
EC,2103,40941,   0,43045
ER,43026,  10,   8
EC,2181,41864,   0,44045
ER,44027,  10,   8
decrypt, 28894138,28894150
encrypt, 28894314,28894324
t,3797,28894314,0,0,28894494
EC,2247,42798,   0,45045
ER,45026,  11,   8
EC,2311,43734,   0,46046
ER,46027,  11,   8
EC,2389,44657,   0,47046
ER,47027,  11,   8
EC,2447,45599,   0,48047
ER,48028,  11,   8
EC,2507,46541,   0,49048
ER,49028,  11,   8
EC,2553,47495,   0,50048
ER,50029,  11,   8
decrypt, 32817882,32817894
encrypt, 32818058,32818066
t,3798,32818058,0,0,32818236
EC,2612,48436,   0,51049
ER,51029,  11,   8
EC,2674,49375,   0,52050
ER,52030,  11,   8
EC,2732,50317,   0,53050
ER,53030,  11,   8
EC,2781,51269,   0,54051
ER,54031,  11,   8
EC,2824,52227,   0,55051
ER,55031,  11,   8
EC,2873,53179,   0,56052
ER,56032,  11,   8
decrypt, 36747922,36747934
encrypt, 36748100,36748108
t,3799,36748098,0,0,36748278
EC,2922,54130,   0,57052
ER,57032,  12,   8
EC,2962,55090,   0,58053
ER,58032,  12,   8
EC,3003,56049,   0,59053
ER,59032,  12,   8
