   0,15029
ER,15017,   4,   8
EC, 114,15915,   0,16030
ER,16017,   4,   8
EC, 119,16911,   0,17030
ER,17017,   4,   8
EC, 123,17907,   0,18031
ER,18018,   4,   8
EC, 129,18901,   0,19031
ER,19019,   4,   8
EC, 134,19897,   0,20032
ER,20019,   4,   8
EC, 140,20892,   0,21032
ER,21020,   4,   8
EC, 146,21887,   0,22033
ER,22020,   4,   8
EC, 152,22881,   0,23034
ER,23021,   4,   8
EC, 156,23877,   0,24034
ER,24020,   5,   8
EC, 159,24875,   0,25035
ER,25021,   5,   8
EC, 164,25871,   0,26035
ER,26022[INFO: Main      ] Starting Contiki-NG-release/v4.6-70-g9ff7b4bdb-dirty
[INFO: Main      ] - Routing: RPL Lite
[INFO: Main      ] - Net: sicslowpan
[INFO: Main      ] - MAC: CSMA
[INFO: Main      ] - 802.15.4 PANID: 0xabcd
[INFO: Main      ] - 802.15.4 Default channel: 26
[INFO: Main      ] Node ID: 56377
[INFO: Main      ] Link-layer address: 0012.4b00.1204.dc39
[INFO: Main      ] Tentative link-local IPv6 address: fe80::212:4b00:1204:dc39
[INFO: CC26xx/CC13xx] TI CC2650 SensorTag
[INFO: CC26xx/CC13xx]  RF: Channel 26, PANID 0xABCD
decrypt, 661302,661320
encrypt, 661636,661654
htfin:661804
#,#decrypt, 666142,666160
encrypt, 666300,666318
t,48651,666300,666300,666318,666466
EC,  34, 987,   0,1021
ER,1008,   4,   8
EC,  46,1976,   0,2022
ER,2009,   4,   8
EC,  67,2956,   0,3023
ER,3009,   4,   8
EC, 132,3890,   0,4023
ER,4010,   5,   8
EC, 189,4834,   0,5024
ER,5010,   5,   8
EC, 266,5758,   0,6024
ER,6010,   5,   8
decrypt, 4603748,4603766
encrypt, 4603920,4603934
t,48655,4603918,4603920,4603934,4604092
EC, 339,6685,   0,7024
ER,7010,   6,   8
EC, 417,7608,   0,8025
ER,8010,   6,   8
EC, 492,8534,   0,9026
ER,9011,   6,   8
EC, 551,9475,   0,10026
ER,10011,   6,   8
EC, 631,10396,   0,11027
ER,11012,   6,   8
EC, 695,11331,   0,12027
ER,12012,   7,   8
decrypt, 8534972,8534990
encrypt, 8535144,8535158
t,48656,8535142,8535144,8535158,8535316
EC, 773,12254,   0,13028
ER,13012,   7,   8
EC, 850,13178,   0,14028
ER,14013,   7,   8
EC, 929,14100,   0,15029
ER,15014,   7,   8
EC, 998,15031,   0,16029
ER,16013,   7,   8
EC,1081,15948,   0,17030
ER,17014,   7,   8
EC,1158,16872,   0,18031
ER,18015,   7,   8
decrypt, 12467120,12467140
encrypt, 12467304,12467318
t,48657,12467302,12467304,12467318,12467488
EC,1244,17787,   0,19031
ER,19015,   7,   8
EC,1326,18705,   0,20032
ER,20016,   7,   8
EC,1399,19633,   0,21033
ER,21016,   7,   8
EC,1474,20558,   0,22033
ER,22017,   7,   8
EC,1551,21482,   0,23033
ER,23017,   7,   8
EC,1637,22396,   0,24034
ER,24018,   7,   8
decrypt, 16400344,16400362
encrypt, 16400528,16400540
t,48658,16400526,16400528,16400540,16400712
EC,1685,23349,   0,25034
ER,25018,   8,   8
EC,1725,24310,   0,26035
ER,26019,   8,   8
EC,1792,25243,   0,27036
ER,27018,   9,   8
EC,1857,26179,   0,28036
ER,28019,   9,   8
EC,1942,27095,   0,29037
ER,29019,   9,   8
EC,2031,28006,   0,30038
ER,30020,   9,   8
decrypt, 20332542,20332562
encrypt, 20332726,20332740
t,48659,20332726,20332726,20332740,20332910
EC,2083,28954,   0,31037
ER,31019,   9,   8
EC,2135,29903,   0,32039
ER,32021,   9,   8
EC,2179,30859,   0,33039
ER,33021,   9,   8
EC,2235,31804,   0,34040
ER,34022,   9,   8
EC,2287,32753,   0,35040
ER,35022,   9,   8
EC,2357,33683,   0,36041
ER,36023,   9,   8
decrypt, 24262494,24262514
encrypt, 24262678,24262692
t,48661,24262678,24262678,24262692,24262862
EC,2438,34602,   0,37041
ER,37022,  10,   8
EC,2512,35529,   0,38042
ER,38023,  10,   8
EC,2568,36475,   0,39043
ER,39024,  10,   8
EC,2632,37410,   0,40043
ER,40024,  10,   8
EC,2696,38347,   0,41043
ER,41025,  10,   8
EC,2747,39297,   0,42044
ER,42026,  10,   8
decrypt, 28196428,28196448
encrypt, 28196612,28196626
t,48662,28196612,28196612,28196626,28196796
EC,2791,40252,   0,43044
ER,43025,  10,   8
EC,2842,41202,   0,44045
ER,44026,  10,   8
EC,2900,42145,   0,45045
ER,45026,  10,   8
EC,2952,43094,   0,46046
ER,46027,  10,   8
EC,3008,44038,   0,47047
ER,47028,  10,   8
EC,3081,44966,   0,48048
ER,48028,  10,   8
decrypt, 32130782,32130800
encrypt, 32130966,32130978
t,48663,32130964,32130966,32130978,32131150
EC,3139,45907,   0,49047
ER,49028,  10,   8
