[INFO: Main      ] Starting Contiki-NG-release/v4.6-70-g9ff7b4bdb-dirty
[INFO: Main      ] - Routing: RPL Lite
[INFO: Main      ] - Net: sicslowpan
[INFO: Main      ] - MAC: CSMA
[INFO: Main      ] - 802.15.4 PANID: 0xabcd
[INFO: Main      ] - 802.15.4 Default channel: 26
[INFO: Main      ] Node ID: 56377
[INFO: Main      ] Link-layer address: 0012.4b00.1204.dc39
[INFO: Main      ] Tentative link-local IPv6 address: fe80::212:4b00:1204:dc39
[INFO: CC26xx/CC13xx] TI CC2650 SensorTag
[INFO: CC26xx/CC13xx]  RF: Channel 26, PANID 0xABCD
EC,  30, 991,   0,1021
ER,1012,   1,   8
decrypt, 1176590,1176604
encrypt, 1176932,1176944
htfin:1177104
#,#decrypt, 1182224,1182238
encrypt, 1182390,1182402
t,1937,1182388,0,0,1182562
EC,  45,1976,   0,2022
ER,2010,   3,   8
EC,  93,2929,   0,3022
ER,3010,   4,   8
EC, 154,3868,   0,4023
ER,4010,   4,   8
EC, 201,4822,   0,5023
ER,5010,   4,   8
EC, 254,5770,   0,6024
ER,6011,   4,   8
EC, 293,6731,   0,7025
ER,7012,   4,   8
decrypt, 5118060,5118074
encrypt, 5118228,5118238
t,1941,5118226,0,0,5118398
EC, 341,7684,   0,8025
ER,8012,   5,   8
EC, 377,8648,   0,9025
ER,9012,   5,   8
EC, 416,9609,   0,10026
ER,10012,   5,   8
EC, 450,10576,   0,11027
ER,11013,   5,   8
EC, 499,11528,   0,12027
ER,12013,   5,   8
EC, 560,12468,   0,13028
ER,13014,   5,   8
decrypt, 9051746,9051760
encrypt, 9051914,9051924
t,1942,9051912,0,0,9052084
EC, 635,13393,   0,14028
ER,14014,   5,   8
EC, 709,14320,   0,15029
ER,15015,   6,   8
EC, 775,15254,   0,16030
ER,16015,   6,   8
EC, 836,16194,   0,17030
ER,17016,   6,   8
EC, 901,17129,   0,18031
ER,18016,   6,   8
EC, 966,18065,   0,19031
ER,19017,   6,   8
decrypt, 12982920,12982936
encrypt, 12983100,12983110
t,1943,12983098,0,0,12983280
EC,1021,19010,   0,20032
ER,20017,   6,   8
EC,1093,19939,   0,21032
ER,21017,   6,   8
EC,1156,20876,   0,22033
ER,22018,   6,   8
EC,1220,21812,   0,23033
ER,23018,   6,   8
EC,1290,22744,   0,24034
ER,24019,   7,   8
EC,1352,23682,   0,25035
ER,25019,   7,   8
decrypt, 16914680,16914694
encrypt, 16914860,16914870
t,1944,16914858,0,0,16915040
EC,1414,24621,   0,26035
ER,26019,   7,   8
EC,1489,25546,   0,27036
ER,27020,   7,   8
EC,1558,26478,   0,28036
ER,28020,   7,   8
EC,1626,27410,   0,29036
ER,29020,   7,   8
EC,1695,28341,   0,30037
ER,30021,   7,   8
EC,1750,29287,   0,31038
ER,31022,   7,   8
decrypt, 20848344,20848358
encrypt, 20848524,20848534
t,1945,20848522,0,0,20848704
EC,1801,30237,   0,32039
ER,32022,   8,   8
EC,1852,31187,   0,33039
ER,33022,   8,   8
EC,1906,32134,   0,34040
ER,34023,   8,   8
EC,1964,33075,   0,35040
ER,35023,   8,   8
EC,2027,34014,   0,36041
ER,36024,   8,   8
EC,2080,34960,   0,37041
ER,37025,   8,   8
decrypt, 24779960,24779976
encrypt, 24780142,24780152
t,1947,24780140,0,0,24780322
EC,2140,35902,   0,38042
ER,38025,   8,   8
EC,2196,36845,   0,39042
ER,39025,   8,   8
EC,2258,37784,   0,40042
ER,40026,   8,   8
EC,2268,38775,   0,41043
ER,41026,   8,   8
EC,2276,39767,   0,42044
ER,42027,   8,   8
EC,2285,40759,   0,43044
ER,43027,   8,   8
decrypt, 28714278,28714292
encrypt, 28714458,28714468
t,1948,28714456,0,0,28714638
EC,2294,41750,   0,44045
ER,44028,   9,   8
EC,2303,42742,   0,45045
ER,45028,   9,   8
EC,2311,43735,   0,46046
ER,46028,   9,   8
EC,2319,44727,   0,47047
ER,47029,   9,   8
EC,2328,45719,   0,48047
ER,48030,   9,   8
EC,2337,46710,   0,49048
ER,49030,   9,   8
decrypt, 32644428,32644442
encrypt, 32644608,32644618
t,1949,32644606,0,0,32644788
EC,2347,47701,   0,50049
ER,50030,  10,   8
EC,2355,48693,   0,51049
ER,51030,  10,   8
EC,2363,49686,   0,52050
ER,52031,  10,   8
EC,2372,50677,   0,53050
ER,53031,  10,   8
EC,2380,51670,   0,54051
ER,54032,  10,   8
EC,2389,52662,   0,55051
ER,55032,  10,   8
decrypt, 36578164,36578178
encrypt, 36578344,36578354
t,1950,36578342,0,0,36578524
EC,2398,53653,   0,56052
ER,56033,  10,   8
EC,2407,54645,   0,57052
ER,57033,  11,   8
EC,2415,55637,   0,58053
ER,58033,  11,   8
EC,2423,56630,   0,59054
ER,59034,  11,   8
