[INFO: Main      ] Starting Contiki-NG-release/v4.6-70-g9ff7b4bdb-dirty
[INFO: Main      ] - Routing: RPL Lite
[INFO: Main      ] - Net: sicslowpan
[INFO: Main      ] - MAC: CSMA
[INFO: Main      ] - 802.15.4 PANID: 0xabcd
[INFO: Main      ] - 802.15.4 Default channel: 26
[INFO: Main      ] Node ID: 56377
[INFO: Main      ] Link-layer address: 0012.4b00.1204.dc39
[INFO: Main      ] Tentative link-local IPv6 address: fe80::212:4b00:1204:dc39
[INFO: CC26xx/CC13xx] TI CC2650 SensorTag
[INFO: CC26xx/CC13xx]  RF: Channel 26, PANID 0xABCD
EC,  30, 991,   0,1021
ER,1011,   1,   8
decrypt, 817556,817562
encrypt, 817878,817884
htfin:818032
#,#decrypt, 829846,829852
encrypt, 829992,830000
t,52728,829992,0,0,830146
EC,  48,1974,   0,2022
ER,2010,   4,   8
EC,  90,2932,   0,3023
ER,3010,   4,   8
EC, 133,3890,   0,4023
ER,4010,   5,   8
EC, 172,4851,   0,5023
ER,5010,   5,   8
EC, 215,5809,   0,6024
ER,6011,   5,   8
EC, 252,6772,   0,7025
ER,7011,   5,   8
decrypt, 4766652,4766660
encrypt, 4766814,4766820
t,52732,4766812,0,0,4766980
EC, 288,7737,   0,8025
ER,8011,   6,   8
EC, 326,8700,   0,9026
ER,9011,   6,   8
EC, 360,9666,   0,10027
ER,10012,   6,   8
EC, 398,10628,   0,11026
ER,11012,   6,   8
EC, 438,11589,   0,12027
ER,12013,   6,   8
EC, 474,12553,   0,13028
ER,13013,   6,   8
decrypt, 8698826,8698834
encrypt, 8698988,8698994
t,52733,8698986,0,0,8699152
EC, 505,13523,   0,14028
ER,14013,   6,   8
EC, 537,14492,   0,15029
ER,15014,   7,   8
EC, 568,15462,   0,16030
ER,16015,   7,   8
EC, 599,16431,   0,17030
ER,17014,   7,   8
EC, 623,17407,   0,18031
ER,18015,   7,   8
EC, 657,18374,   0,19031
ER,19016,   7,   8
decrypt, 12633258,12633266
encrypt, 12633430,12633436
t,52734,12633430,0,0,12633608
EC, 689,19343,   0,20032
ER,20016,   7,   8
EC, 719,20312,   0,21032
ER,21016,   7,   8
EC, 750,21283,   0,22033
ER,22017,   7,   8
EC, 787,22246,   0,23034
ER,23018,   7,   8
EC, 823,23210,   0,24034
ER,24018,   7,   8
EC, 859,24175,   0,25035
ER,25018,   8,   8
decrypt, 16565818,16565826
encrypt, 16565990,16565996
À,52735,16565990,0,0,16566166
EC, 924,25111,   0,26035
ER,26018,   8,   8
EC, 976,26060,   0,27036
ER,27019,   8,   8
EC,1058,26977,   0,28036
ER,28019,   8,   8
EC,1145,27892,   0,29037
ER,29020,   8,   8
EC,1221,28816,   0,30038
ER,30021,   8,   8
EC,1282,29756,   0,31038
ER,31021,   8,   8
decrypt, 20497848,20497858
encrypt, 20498022,20498028
t,52736,20498020,0,0,20498198
EC,1361,30677,   0,32038
ER,32021,   8,   8
EC,1439,31600,   0,33039
ER,33022,   8,   8
EC,1503,32536,   0,34039
ER,34022,   9,   8
EC,1583,33457,   0,35040
ER,35023,   9,   8
EC,1654,34386,   0,36040
ER,36023,   9,   8
EC,1739,35302,   0,37041
ER,37024,   9,   8
decrypt, 24428156,24428164
encrypt, 24428330,24428336
t,52738,24428328,0,0,24428506
EC,1815,36226,   0,38042
ER,38024,   9,   8
EC,1871,37171,   0,39043
ER,39025,   9,   8
EC,1948,38094,   0,40043
ER,40025,   9,   8
EC,2007,39036,   0,41044
ER,41025,  10,   8
EC,2061,39982,   0,42044
ER,42025,  10,   8
EC,2118,40926,   0,43044
ER,43026,  10,   8
decrypt, 28361896,28361904
encrypt, 28362068,28362076
t,52739,28362068,0,0,28362246
EC,2181,41864,   0,44045
ER,44026,  10,   8
EC,2212,42832,   0,45045
ER,44995,  41,   8
EC,2258,43787,   0,46046
ER,45930, 106,   8
EC,2311,44735,   0,47046
ER,46851, 187,   8
EC,2360,45687,   0,48047
ER,47776, 263,   8
EC,2405,46642,   0,49047
ER,48703, 335,   8
decrypt, 32293582,32293590
encrypt, 32293756,32293762
t,52740,32293754,0,0,32293932
EC,2448,47600,   0,50048
ER,49642, 397,   8
EC,2482,48567,   0,51049
ER,50598, 442,   8
EC,2525,49524,   0,52049
ER,51536, 504,   8
EC,2576,50473,   0,53050
ER,52455, 586,   8
EC,2623,51427,   0,54050
ER,53387, 654,   8
EC,2666,52385,   0,55051
ER,54325, 717,   8
decrypt, 36226294,36226302
encrypt, 36226468,36226474
t,52741,36226466,0,0,36226642
EC,2715,53336,   0,56051
ER,55251, 792,   8
EC,2755,54296,   0,57052
ER,56190, 853,   8
EC,2787,55265,   0,58053
ER,57147, 897,   8
EC,2832,56220,   0,59053
ER,58079, 965,   8
