1.617431640625,1.64794921875,1.64794921875,1.617431640625,1.64794921875,1.64794921875,1.64794921875,1.617431640625,1.617431640625,1.64794921875,1.64794921875,1.617431640625,1.64794921875,1.64794921875,1.617431640625,1.617431640625,1.739501953125,1.739501953125
1.556396484375,1.556396484375,1.556396484375,1.556396484375,1.52587890625,1.52587890625,1.52587890625,1.556396484375,1.52587890625,1.556396484375,1.52587890625,1.556396484375,1.52587890625,1.556396484375,1.52587890625,1.617431640625,1.617431640625
1.46484375,1.434326171875,1.434326171875,1.46484375,1.46484375,1.434326171875,1.46484375,1.434326171875,1.434326171875,1.46484375,1.46484375,1.46484375,1.46484375,1.46484375,1.46484375,1.46484375,1.556396484375,1.556396484375
1.495361328125,1.556396484375,1.495361328125,1.5869140625
1.52587890625,1.617431640625,1.617431640625,1.52587890625,1.5869140625,1.708984375,1.708984375,1.708984375
1.617431640625,1.52587890625,1.617431640625,1.495361328125,1.617431640625
1.617431640625
1.52587890625,1.52587890625,1.52587890625,1.52587890625,1.52587890625,1.52587890625,1.52587890625,1.617431640625,1.556396484375,1.556396484375,1.556396484375,1.556396484375,1.52587890625,1.556396484375,1.52587890625,1.52587890625,1.617431640625
1.556396484375,1.556396484375,1.556396484375,1.556396484375,1.556396484375,1.556396484375,1.556396484375,1.64794921875,1.556396484375,1.5869140625,1.5869140625,1.556396484375,1.5869140625,1.5869140625,1.5869140625,1.678466796875,1.678466796875,1.678466796875
1.52587890625,1.495361328125,1.52587890625,1.495361328125,1.52587890625,1.495361328125,1.52587890625,1.617431640625,1.52587890625,1.52587890625,1.52587890625,1.52587890625,1.52587890625,1.52587890625,1.52587890625,1.617431640625
