TT,07,27,21,20,00,55,498843
61,39358604
R,65362,39365266,39365282
,24,65362,39365436
o,24,65363,39371040
o,24,65364,39376460
o,24,65365,39387218
o,24,65366,39392346
o,24,65367,39400034
o,24,65368,39408194
o,24,65369,39413064
o,24,65370,39418486
o,24,65371,39422240
o,24,65372,39433858
o,24,65373,39436940
o,24,65374,39446164
o,24,65375,39448888
o,24,65376,39459440
o,24,65377,39464784
o,24,65378,39470422
o,24,65379,39478856
o,24,65380,39485092
o,24,65381,39492180
f,65382,39496280,39496296
,24,65382,39496450
o,24,65383,39506226
o,24,65384,39512648
o,24,65385,39522962
o,24,65386,39524990
o,24,65387,39532178
o,24,65388,39540378
o,24,65389,39546520
o,24,6539[INFO: Main      ] Starting Contiki-NG-release/v4.6-70-g9ff7b4bdb-dirty
[INFO: Main      ] - Routing: RPL Lite
[INFO: Main      ] - Net: sicslowpan
[INFO: Main      ] - MAC: CSMA
[INFO: Main      ] - 802.15.4 PANID: 0xabcd
[INFO: Main      ] - 802.15.4 Default channel: 26
[INFO: Main      ] Node ID: 52229
[INFO: Main      ] Link-layer address: 0012.4b00.0f1b.cc05
[INFO: Main      ] Tentative link-local IPv6 address: fe80::212:4b00:f1b:cc05
[INFO: CC26xx/CC13xx] TI CC2650 SensorTag
[INFO: CC26xx/CC13xx]  RF: Channel 26, PANID 0xABCD
inicio:19282
Press a button to request /test/hello
EC,1020,   0,   0,1021
ER,1012,   0,   8
ep: coap://[fd00::212:4b00:1204:dc39], 0, 24
si1
seguro 1: 771584
i,1902,771686,771702
|termometer
es un termometro
allconected=1
EC,2015,   6,   0,2021
ER,2012,   1,   8
ep: coap://[fd00::212:4b00:a55:dd05], 0, 23
si1
seguro 2: 1905106
i,1903,1905214,1905228
|oximeter
es un oximetro jeje
n,1904,1912914,1912930
allconected=2
o,36,1904,1918078
o,36,24948,1924868
o,36,24949,1934766
o,36,24950,1943810
o,36,24951,1957156
o,36,24952,1965854
o,36,24953,1975080
EC,3004,  18,   0,3022
ER,3012,   2,   8
o,36,24954,1988402
o,36,24955,1998654
o,36,24956,2008898
o,36,24957,2016056
o,36,24958,2028370
o,36,24959,2036038
o,36,24960,2048340
o,36,24961,2059088
o,36,24962,2071396
o,36,24963,2080618
o,36,24964,2090356
o,36,24965,2099582
o,36,24966,2108792
n,24967,2120076,2120092
,36,24967,2120234
o,36,24968,2131862
o,36,24969,2143130
o,36,24970,2152360
o,36,24971,2158652
o,36,24972,2174346
o,36,24973,2182928
o,36,24974,2190038
o,36,24975,2202390
o,36,24976,2214176
o,36,24977,2221854
o,36,24978,2233310
o,36,24979,2242472
o,36,24980,2252040
o,36,24981,2263822
o,36,24982,2274100
o,36,24983,2284354
o,36,24984,2294064
o,36,24985,2304980
o,36,24986,2316552
n,24987,2325780,2325796
,36,24987,2325938
o,36,24988,2336026
o,36,24989,2344208
o,36,24990,2356528
o,36,24991,2366770
o,36,24992,2376998
o,36,24993,2385372
o,36,24994,2395908
o,36,24995,2407700
o,36,24996,2416408
o,36,24997,2427672
o,36,24998,2438090
o,36,24999,2447646
o,36,25000,2459956
o,36,25001,2471228
o,36,25002,2478890
o,36,25003,2488638
o,36,25004,2501964
o,36,25005,2509634
o,36,25006,2517842
n,25007,2529616,2529630
,36,25007,2529774
o,36,25008,2538472
o,36,25009,2548482
o,36,25010,2562836
o,36,25011,2569148
o,36,25012,2580254
o,36,25013,2593070
o,36,25014,2599372
o,36,25015,2610436
o,36,25016,2625854
o,36,25017,2630926
o,36,25018,2640048
EC,4004,  18,   0,4023
ER,4012,   2,   8
o,36,25019,2651050
o,36,25020,2664202
o,36,25021,2674960
o,36,25022,2681610
o,36,25023,2693566
o,36,25024,2705708
o,36,25025,2716458
o,36,25026,2724654
n,25027,2734388,2734404
,36,25027,2734546
o,36,25028,2747718
o,36,25029,2758480
o,36,25030,2766162
o,36,25031,2773494
o,36,25032,2786730
o,36,25033,2796464
o,36,25034,2805518
o,36,25035,2817340
o,36,25036,2829634
o,36,25037,2837452
o,36,25038,2847532
o,36,25039,2858284
o,36,25040,2865958
o,36,25041,2877748
o,36,25042,2889032
o,36,25043,2899790
o,36,25044,2907980
o,36,25045,2916332
o,36,25046,2928376
n,25047,2940180,2940196
,36,25047,2940338
o,36,25048,2948916
o,36,25049,2959130
o,36,25050,2972466
o,36,25051,2978090
o,36,25052,2989360
o,36,25053,3001152
o,36,25054,3012416
o,36,25055,3020776
o,36,25056,3029766
o,36,25057,3044112
o,36,25058,3054132
o,36,25059,3063580
o,36,25060,3070914
o,36,25061,3080656
o,36,25062,3091366
o,36,25063,3104520
o,36,25064,3114798
o,36,25065,3124510
o,36,25066,3134408
n,25067,3144650,3144664
,36,25067,3144806
o,36,25068,3155756
o,36,25069,3163950
o,36,25070,3174196
o,36,25071,3183932
o,36,25072,3195724
o,36,25073,3205448
o,36,25074,3217748
o,36,25075,3227482
o,36,25076,3233780
o,36,25077,3248902
o,36,25078,3256580
o,36,25079,3267884
o,36,25080,3277908
o,36,25081,3284924
EC,5004,  19,   0,5023
ER,5011,   3,   8
o,36,25082,3297028
o,36,25083,3307260
o,36,25084,3320908
o,36,25085,3330328
o,36,25086,3340588
,25087,3348276,3348292
,36,25087,3348434
o,36,25088,3360518
o,36,25089,3370766
o,36,25090,3380274
o,36,25091,3389740
o,36,25092,3400450
o,36,25093,3408818
o,36,25094,3420958
o,36,25095,3430166
o,36,25096,3441434
o,36,25097,3450156
o,36,25098,3461948
o,36,25099,3473212
o,36,25100,3479874
o,36,25101,3490046
o,36,25102,3502160
o,36,25103,3515162
o,36,25104,3523342
o,36,25105,3534114
o,36,25106,3546416
n,25107,3555632,3555648
,36,25107,3555790
o,36,25108,3561888
o,36,25109,3574176
o,36,25110,3585796
o,36,25111,3596584
o,36,25112,3603890
o,36,25113,3612936
o,36,25114,3625404
o,36,25115,3637026
o,36,25116,3646250
o,36,25117,3658026
o,36,25118,3664164
o,36,25119,3677500
o,36,25120,3686206
o,36,25121,3699018
o,36,25122,3708236
o,36,25123,3719506
o,36,25124,3730266
o,36,25125,3738112
o,36,25126,3748612
n,25127,3757838,3757854
,36,25127,3757996
o,36,25128,3768074
o,36,25129,3777296
o,36,25130,3790116
o,36,25131,3801898
o,36,25132,3809230
o,36,25133,3822044
o,36,25134,3831564
o,36,25135,3841812
o,36,25136,3851202
o,36,25137,3858352
o,36,25138,3873856
o,36,25139,3881260
o,36,25140,3890466
o,36,25141,3899862
o,36,25142,3913988
o,36,25143,3922696
o,36,25144,3931918
o,36,25145,3944742
EC,6003,  20,   0,6024
ER,6011,   4,   8
o,36,25146,3952830
n,25147,3964198,3964214
,36,25147,3964356
o,36,25148,3972904
o,36,25149,3983606
o,36,25150,3995402
o,36,25151,4005140
o,36,25152,4015906
o,36,25153,4025116
o,36,25154,4034838
o,36,25155,4045090
o,36,25156,4056880
o,36,25157,4066614
o,36,25158,4073772
o,36,25159,4085734
o,36,25160,4096770
o,36,25161,4111136
o,36,25162,4118820
o,36,25163,4127512
o,36,25164,4139298
o,36,25165,4145446
o,36,25166,4156202
n,25167,4166440,4166456
,36,25167,4166598
o,36,25168,4177886
o,36,25169,4189448
o,36,25170,4199170
o,36,25171,4211476
o,36,25172,4218296
o,36,25173,4229912
o,36,25174,4238622
o,36,25175,4248008
o,36,25176,4259060
o,36,25177,4271374
o,36,25178,4279080
o,36,25179,4290302
o,36,25180,4302600
o,36,25181,4313360
o,36,25182,4321038
o,36,25183,4331450
o,36,25184,4340508
o,36,25185,4353832
o,36,25186,4363566
n,25187,4371238,4371254
,36,25187,4371396
o,36,25188,4383032
o,36,25189,4392244
o,36,25190,4402502
o,36,25191,4414292
o,36,25192,4425560
o,36,25193,4432730
o,36,25194,4445194
o,36,25195,4456706
o,36,25196,4466954
o,36,25197,4475144
o,36,25198,4483338
o,36,25199,4495640
o,36,25200,4506398
o,36,25201,4516298
o,36,25202,4529408
o,36,25203,4536074
o,36,25204,4548906
o,36,25205,4558128
o,36,25206,4565776
n,25207,4578918,4578934
,36,25207,4579076
o,36,25208,4590334
o,36,25209,4600610
EC,7003,  21,   0,7024
ER,7011,   5,   8
o,36,25210,4610848
o,36,25211,4618002
o,36,25212,4628760
o,36,25213,4637458
o,36,25214,4649242
o,36,25215,4660526
o,36,25216,4670774
o,36,25217,4678958
o,36,25218,4690242
o,36,25219,4703562
pidiendo temperatura
t,1905,4707968,4707984
o,36,25220,4711770
|t10,4707966,4718770
o,36,25221,4720980
o,36,25222,4733280
o,36,25223,4744042
o,36,25224,4751724
o,36,25225,4759910
o,36,25226,4773756
n,25227,4784516,4784532
,36,25227,4784674
o,36,25228,4791708
o,36,25229,4804518
o,36,25230,4813750
o,36,25231,4824328
o,36,25232,4834040
o,36,25233,4843278
o,36,25234,4853510
o,36,25235,4863768
o,36,25236,4874014
o,36,25237,4886316
o,36,25238,4896560
o,36,25239,4904404
o,36,25240,4916490
o,36,25241,4928796
o,36,25242,4934066
o,36,25243,4948248
o,36,25244,4955584
o,36,25245,4966644
o,36,25246,4975364
n,25247,4988182,4988198
,36,25247,4988340
o,36,25248,4997094
o,36,25249,5008658
o,36,25250,5015470
o,36,25251,5027610
o,36,25252,5038368
o,36,25253,5050666
o,36,25254,5060912
o,36,25255,5069628
o,36,25256,5078844
o,36,25257,5090284
o,36,25258,5102362
o,36,25259,5107622
o,36,25260,5118214
o,36,25261,5133912
o,36,25262,5142312
o,36,25263,5152554
o,36,25264,5160238
o,36,25265,5170996
o,36,25266,5182276
n,25267,5192520,5192536
,36,25267,5192678
o,36,25268,5203792
o,36,25269,5215066
o,36,25270,5226336
o,36,25271,5230584
o,36,25272,5242112
o,36,25273,5253406
EC,7170, 854,   0,8025
ER,8010,   6,   8
o,36,25274,5262102
o,36,25275,5272340
o,36,25276,5284628
o,36,25277,5295908
o,36,25278,5304608
o,36,25279,5315364
o,36,25280,5326136
o,36,25281,5337406
o,36,25282,5345606
o,36,25283,5356286
o,36,25284,5366522
o,36,25285,5377296
o,36,25286,5386502
n,25287,5398300,5398316
,36,25287,5398458
o,36,25288,5406014
o,36,25289,5417298
o,36,25290,5425994
o,36,25291,5437278
o,36,25292,5447514
o,36,25293,5456744
o,36,25294,5469048
o,36,25295,5479804
o,36,25296,5490052
o,36,25297,5500296
o,36,25298,5509678
o,36,25299,5517728
o,36,25300,5530370
o,36,25301,5542168
o,36,25302,5550518
o,36,25303,5559572
o,36,25304,5569808
o,36,25305,5580578
o,36,25306,5590822
n,25307,5604146,5604162
,36,25307,5604304
o,36,25308,5611852
o,36,25309,5620214
o,36,25310,5631228
o,36,25311,5643186
o,36,25312,5654802
o,36,25313,5665040
o,36,25314,5673224
o,36,25315,5684006
o,36,25316,5693732
o,36,25317,5703116
o,36,25318,5714900
o,36,25319,5725460
o,36,25320,5735178
o,36,25321,5744054
o,36,25322,5759938
o,36,25323,5767624
o,36,25324,5776336
o,36,25325,5788416
o,36,25326,5796100
n,25327,5809424,5809440
,36,25327,5809582
o,36,25328,5815260
o,36,25329,5826306
o,36,25330,5836552
o,36,25331,5849362
o,36,25332,5858072
o,36,25333,5867804
o,36,25334,5878550
o,36,25335,5888816
o,36,25336,5902126
o,36,25337,5910326
EC,7185,1840,   0,9026
ER,9011,   6,   8
o,36,25338,5918522
o,36,25339,5929280
o,36,25340,5942094
o,36,25341,5951318
o,36,25342,5960014
o,36,25343,5973348
o,36,25344,5979654
o,36,25345,5991458
o,36,25346,6001062
n,25347,6009612,6009628
,36,25347,6009770
o,36,25348,6020372
o,36,25349,6033182
o,36,25350,6041028
o,36,25351,6050720
o,36,25352,6062850
o,36,25353,6073106
o,36,25354,6081812
o,36,25355,6091706
o,36,25356,6102974
o,36,25357,6115270
o,36,25358,6125324
o,36,25359,6135058
o,36,25360,6144280
o,36,25361,6157088
o,36,25362,6165798
o,36,25363,6176042
o,36,25364,6183726
o,36,25365,6194996
o,36,25366,6204206
n,25367,6217034,6217050
,36,25367,6217192
o,36,25368,6228306
o,36,25369,6237526
o,36,25370,6246908
o,36,25371,6259966
o,36,25372,6268172
o,36,25373,6278924
o,36,25374,6286608
o,36,25375,6298908
o,36,25376,6307098
o,36,25377,6318370
o,36,25378,6328266
o,36,25379,6339852
o,36,25380,6350086
o,36,25381,6361358
o,36,25382,6367956
o,36,25383,6378910
o,36,25384,6391048
o,36,25385,6401294
o,36,25386,6412562
n,25387,6419222,6419238
,36,25387,6419380
o,36,25388,6431508
o,36,25389,6439190
o,36,25390,6453038
o,36,25391,6461232
o,36,25392,6471466
o,36,25393,6480180
o,36,25394,6494538
o,36,25395,6506320
o,36,25396,6513478
o,36,25397,6523906
o,36,25398,6533884
o,36,25399,6543110
o,36,25400,6554896
o,36,25401,6565656
EC,7200,2826,   0,10026
ER,10010,   7,   8
o,36,25402,6573338
o,36,25403,6584596
o,36,25404,6594328
o,36,25405,6605106
o,36,25406,6614312
n,25407,6627452,6627468
,36,25407,6627610
o,36,25408,6635832
o,36,25409,6645228
o,36,25410,6658312
o,36,25411,6669062
o,36,25412,6676908
o,36,25413,6689550
o,36,25414,6696210
o,36,25415,6707482
o,36,25416,6716692
o,36,25417,6726436
o,36,25418,6736672
o,36,25419,6748122
o,36,25420,6756770
o,36,25421,6768388
o,36,25422,6781198
o,36,25423,6788878
o,36,25424,6797228
o,36,25425,6808002
o,36,25426,6819068
n,25427,6829312,6829328
,36,25427,6829470
o,36,25428,6838702
o,36,25429,6850828
o,36,25430,6860052
o,36,25431,6871848
o,36,25432,6880546
o,36,25433,6892320
o,36,25434,6905140
o,36,25435,6913850
o,36,25436,6923240
o,36,25437,6932392
o,36,25438,6944182
o,36,25439,6954774
o,36,25440,6964000
o,36,25441,6973716
o,36,25442,6983736
o,36,25443,6993706
o,36,25444,7006008
o,36,25445,7015234
o,36,25446,7027522
n,25447,7036234,7036250
,36,25447,7036392
o,36,25448,7044058
o,36,25449,7057670
o,36,25450,7067912
o,36,25451,7074562
o,36,25452,7086346
o,36,25453,7097950
o,36,25454,7109412
o,36,25455,7117616
o,36,25456,7128368
o,36,25457,7137244
o,36,25458,7152906
o,36,25459,7158010
o,36,25460,7168792
o,36,25461,7179034
o,36,25462,7189788
o,36,25463,7197470
o,36,25464,7209776
o,36,25465,7220532
EC,7214,3812,   0,11027
ER,11010,   8,   8
o,36,25466,7233338
n,25467,7241024,7241040
,36,25467,7241182
o,36,25468,7251804
o,36,25469,7260404
o,36,25470,7273740
o,36,25471,7279876
o,36,25472,7290632
o,36,25473,7300880
o,36,25474,7312664
o,36,25475,7324446
o,36,25476,7331106
o,36,25477,7345968
o,36,25478,7352624
o,36,25479,7361848
o,36,25480,7375170
o,36,25481,7384046
o,36,25482,7395588
o,36,25483,7401714
o,36,25484,7414342
o,36,25485,7425298
o,36,25486,7434680
n,25487,7447802,7447818
,36,25487,7447960
o,36,25488,7457554
o,36,25489,7464886
o,36,25490,7477024
o,36,25491,7486250
o,36,25492,7495974
o,36,25493,7509294
o,36,25494,7516988
o,36,25495,7524826
o,36,25496,7537420
o,36,25497,7548686
o,36,25498,7557912
o,36,25499,7568158
o,36,25500,7575826
o,36,25501,7588814
o,36,25502,7598840
o,36,25503,7606530
o,36,25504,7617800
o,36,25505,7628558
o,36,25506,7639314
n,25507,7651612,7651628
,36,25507,7651770
o,36,25508,7660554
o,36,25509,7669486
o,36,25510,7680778
o,36,25511,7688620
o,36,25512,7701942
o,36,25513,7712020
o,36,25514,7719868
o,36,25515,7730936
o,36,25516,7740836
o,36,25517,7753134
o,36,25518,7761160
o,36,25519,7773460
o,36,25520,7784730
o,36,25521,7796512
o,36,25522,7804202
o,36,25523,7815986
o,36,25524,7825718
o,36,25525,7834432
o,36,25526,7845186
n,25527,7855372,7855388
,36,25527,7855530
o,36,25528,7864558
o,36,25529,7874842
EC,7229,4798,   0,12027
ER,12009,   9,   8
o,36,25530,7885588
o,36,25531,7896320
o,36,25532,7907078
o,36,25533,7916306
o,36,25534,7926550
o,36,25535,7936826
o,36,25536,7946552
o,36,25537,7957824
o,36,25538,7967040
o,36,25539,7975914
o,36,25540,7989484
o,36,25541,7997344
o,36,25542,8010506
o,36,25543,8017164
o,36,25544,8027398
o,36,25545,8040024
o,36,25546,8047904
n,25547,8059692,8059708
,36,25547,8059850
o,36,25548,8069894
o,36,25549,8079158
o,36,25550,8090944
o,36,25551,8106310
o,36,25552,8110410
o,36,25553,8121176
o,36,25554,8132440
o,36,25555,8143712
o,36,25556,8152424
o,36,25557,8163694
o,36,25558,8174450
o,36,25559,8183160
o,36,25560,8194432
o,36,25561,8201764
o,36,25562,8212216
o,36,25563,8225538
o,36,25564,8232872
o,36,25565,8243986
o,36,25566,8254738
n,25567,8264476,8264492
,36,25567,8264634
o,36,25568,8272684
o,36,25569,8284478
o,36,25570,8297286
o,36,25571,8304960
o,36,25572,8317266
o,36,25573,8327512
o,36,25574,8334172
o,36,25575,8346988
o,36,25576,8355688
o,36,25577,8367986
o,36,25578,8376054
o,36,25579,8386974
o,36,25580,8394996
o,36,25581,8407826
o,36,25582,8420116
o,36,25583,8429850
o,36,25584,8439072
o,36,25585,8449320
o,36,25586,8461102
n,25587,8469814,8469830
,36,25587,8469972
o,36,25588,8478886
o,36,25589,8490748
o,36,25590,8499970
o,36,25591,8509182
o,36,25592,8522504
o,36,25593,8532018
EC,7243,5784,   0,13028
ER,13010,  10,   8
o,36,25594,8541438
o,36,25595,8553250
o,36,25596,8561960
o,36,25597,8572718
o,36,25598,8580912
o,36,25599,8590122
o,36,25600,8602604
o,36,25601,8612088
o,36,25602,8620276
o,36,25603,8632568
pidiendo temperatura
t,1906,8640134,8640150
o,36,25604,8653102
|t10,8640130,8654050
o,36,25605,8656180
o,36,25606,8662758
n,25607,8674546,8674562
,36,25607,8674704
o,36,25608,8685324
o,36,25609,8692656
o,36,25610,8703410
o,36,25611,8715544
o,36,25612,8724760
o,36,25613,8734148
o,36,25614,8745710
o,36,25615,8755456
o,36,25616,8765698
o,36,25617,8775434
o,36,25618,8785842
o,36,25619,8798486
o,36,25620,8805312
o,36,25621,8816022
o,36,25622,8827128
o,36,25623,8838400
o,36,25624,8849160
o,36,25625,8860426
o,36,25626,8870166
n,25627,8881436,8881452
,36,25627,8881594
o,36,25628,8888612
o,36,25629,8900912
o,36,25630,8908078
o,36,25631,8919850
o,36,25632,8930626
o,36,25633,8938298
o,36,25634,8951436
o,36,25635,8959988
o,36,25636,8970996
o,36,25637,8980216
o,36,25638,8991494
o,36,25639,9001744
o,36,25640,9014546
o,36,25641,9023768
o,36,25642,9033502
o,36,25643,9045796
o,36,25644,9054508
o,36,25645,9062190
o,36,25646,9071916
n,25647,9084660,9084676
,36,25647,9084818
o,36,25648,9092332
o,36,25649,9106694
o,36,25650,9116940
o,36,25651,9124788
o,36,25652,9135892
o,36,25653,9148186
o,36,25654,9155874
o,36,25655,9163542
o,36,25656,9175336
o,36,25657,9188148
EC,7258,6770,   0,14028
ER,14009,  10,   8
o,36,25658,9197882
o,36,25659,9210182
o,36,25660,9218894
o,36,25661,9228628
o,36,25662,9237218
o,36,25663,9248094
o,36,25664,9258854
o,36,25665,9269104
o,36,25666,9275810
n,25667,9288634,9288650
,36,25667,9288792
o,36,25668,9299250
o,36,25669,9309430
o,36,25670,9321212
o,36,25671,9328894
o,36,25672,9340172
o,36,25673,9349040
o,36,25674,9360662
o,36,25675,9371418
o,36,25676,9381154
o,36,25677,9391912
o,36,25678,9403186
o,36,25679,9411386
o,36,25680,9422142
o,36,25681,9433414
o,36,25682,9442634
o,36,25683,9450816
o,36,25684,9463126
o,36,25685,9473028
o,36,25686,9484022
n,25687,9494432,9494448
,36,25687,9494590
o,36,25688,9506732
o,36,25689,9514232
o,36,25690,9527030
o,36,25691,9532328
o,36,25692,9543914
o,36,25693,9556744
o,36,25694,9565958
o,36,25695,9574662
o,36,25696,9587472
o,36,25697,9595318
o,36,25698,9606048
o,36,25699,9618174
o,36,25700,9626376
o,36,25701,9639178
o,36,25702,9646850
o,36,25703,9660184
o,36,25704,9669922
o,36,25705,9677592
o,36,25706,9686300
n,25707,9699286,9699302
,36,25707,9699444
o,36,25708,9707240
o,36,25709,9719038
o,36,25710,9726872
o,36,25711,9739694
o,36,25712,9750280
o,36,25713,9761556
o,36,25714,9771292
o,36,25715,9781010
o,36,25716,9793834
o,36,25717,9802548
o,36,25718,9813820
o,36,25719,9823554
o,36,25720,9831750
o,36,25721,9841984
EC,7272,7757,   0,15029
ER,15010,  11,   8
o,36,25722,9853782
o,36,25723,9861464
o,36,25724,9873254
o,36,25725,9881962
o,36,25726,9893002
n,25727,9903482,9903498
,36,25727,9903640
o,36,25728,9914220
o,36,25729,9926002
o,36,25730,9935230
o,36,25731,9945990
o,36,25732,9952628
o,36,25733,9963910
o,36,25734,9973294
o,36,25735,9986800
o,36,25736,9996010
o,36,25737,10003364
o,36,25738,10017528
o,36,25739,10026744
o,36,25740,10039038
o,36,25741,10046392
o,36,25742,10055406
o,36,25743,10068220
o,36,25744,10078466
o,36,25745,10089224
o,36,25746,10096908
n,25747,10108182,10108198
,36,25747,10108352
o,36,25748,10117102
o,36,25749,10127588
o,36,25750,10140410
o,36,25751,10147758
o,36,25752,10161388
o,36,25753,10170122
o,36,25754,10179860
o,36,25755,10190112
o,36,25756,10200872
o,36,25757,10210094
o,36,25758,10222382
o,36,25759,10230508
o,36,25760,10239900
o,36,25761,10253046
o,36,25762,10263578
o,36,25763,10270456
o,36,25764,10283280
o,36,25765,10293526
o,36,25766,10304282
n,25767,10314530,10314546
,36,25767,10314700
o,36,25768,10325744
o,36,25769,10333434
o,36,25770,10346240
o,36,25771,10355548
o,36,25772,10367842
o,36,25773,10374380
o,36,25774,10386678
o,36,25775,10396408
o,36,25776,10407682
o,36,25777,10417930
o,36,25778,10424066
o,36,25779,10438740
o,36,25780,10449128
o,36,25781,10456302
o,36,25782,10464672
o,36,25783,10476778
o,36,25784,10487536
o,36,25785,10497464
EC,7287,8742,   0,16030
ER,16009,  12,   8
o,36,25786,10507494
n,25787,10517232,10517248
,36,25787,10517402
o,36,25788,10526464
o,36,25789,10537228
o,36,25790,10550038
o,36,25791,10557206
o,36,25792,10568996
o,36,25793,10577872
o,36,25794,10590966
o,36,25795,10600708
o,36,25796,10608052
o,36,25797,10622184
o,36,25798,10629352
o,36,25799,10644212
o,36,25800,10650874
o,36,25801,10663682
o,36,25802,10670872
o,36,25803,10682648
o,36,25804,10694946
o,36,25805,10701090
o,36,25806,10715436
n,25807,10725684,10725700
,36,25807,10725854
o,36,25808,10732358
o,36,25809,10744134
o,36,25810,10753354
o,36,25811,10764624
o,36,25812,10776406
o,36,25813,10785116
o,36,25814,10797412
o,36,25815,10802748
o,36,25816,10814196
o,36,25817,10825974
o,36,25818,10836734
o,36,25819,10846466
o,36,25820,10854662
o,36,25821,10866962
o,36,25822,10875154
o,36,25823,10886942
o,36,25824,10899236
o,36,25825,10909998
o,36,25826,10919732
n,25827,10927412,10927428
,36,25827,10927580
o,36,25828,10938676
o,36,25829,10946870
o,36,25830,10957112
o,36,25831,10968388
o,36,25832,10982222
o,36,25833,10990418
o,36,25834,10997594
o,36,25835,11008340
o,36,25836,11019610
o,36,25837,11032430
o,36,25838,11039262
o,36,25839,11052768
o,36,25840,11060136
o,36,25841,11068656
o,36,25842,11078902
o,36,25843,11092528
o,36,25844,11100894
o,36,25845,11111694
o,36,25846,11121384
n,25847,11132658,11132674
,36,25847,11132828
o,36,25848,11143110
o,36,25849,11152616
EC,7302,9728,   0,17030
ER,17009,  12,   8
o,36,25850,11162862
o,36,25851,11173114
o,36,25852,11183866
o,36,25853,11195158
o,36,25854,11206436
o,36,25855,11217196
o,36,25856,11226932
o,36,25857,11233246
o,36,25858,11247842
o,36,25859,11255830
o,36,25860,11264742
o,36,25861,11277542
o,36,25862,11288302
o,36,25863,11297012
o,36,25864,11307770
o,36,25865,11316174
o,36,25866,11327198
n,25867,11336956,11336972
,36,25867,11337126
o,36,25868,11346152
o,36,25869,11359472
o,36,25870,11367144
o,36,25871,11379966
o,36,25872,11390214
o,36,25873,11401490
o,36,25874,11411738
o,36,25875,11419416
o,36,25876,11430688
o,36,25877,11436994
o,36,25878,11451156
o,36,25879,11460860
o,36,25880,11472136
o,36,25881,11480846
o,36,25882,11493654
o,36,25883,11499238
o,36,25884,11513084
o,36,25885,11521284
o,36,25886,11531704
n,25887,11541414,11541430
,36,25887,11541584
o,36,25888,11550952
o,36,25889,11560674
o,36,25890,11575862
o,36,25891,11582682
o,36,25892,11592628
o,36,25893,11602146
o,36,25894,11613098
o,36,25895,11625206
o,36,25896,11636990
o,36,25897,11645700
o,36,25898,11656458
o,36,25899,11667734
o,36,25900,11676106
o,36,25901,11686636
o,36,25902,11696886
o,36,25903,11707134
o,36,25904,11716528
o,36,25905,11726062
o,36,25906,11735806
n,25907,11744672,11744686
,36,25907,11744840
o,36,25908,11755954
o,36,25909,11771102
o,36,25910,11778276
o,36,25911,11789546
o,36,25912,11799284
o,36,25913,11809534
EC,7317,10713,   0,18030
ER,18008,  13,   8
o,36,25914,11816708
o,36,25915,11830036
o,36,25916,11838926
o,36,25917,11849446
o,36,25918,11860730
o,36,25919,11870244
o,36,25920,11881690
o,36,25921,11893518
o,36,25922,11900694
o,36,25923,11911440
o,36,25924,11921192
o,36,25925,11932458
o,36,25926,11943728
n,25927,11951414,11951430
,36,25927,11951582
o,36,25928,11962072
o,36,25929,11972088
o,36,25930,11980698
o,36,25931,11994332
o,36,25932,12004064
o,36,25933,12012468
o,36,25934,12023004
o,36,25935,12031378
o,36,25936,12045540
o,36,25937,12057324
o,36,25938,12063992
o,36,25939,12074762
o,36,25940,12085012
o,36,25941,12094412
o,36,25942,12104940
o,36,25943,12117232
o,36,25944,12126456
o,36,25945,12138240
o,36,25946,12146956
n,25947,12162320,12162336
,36,25947,12162488
o,36,25948,12169494
o,36,25949,12179742
o,36,25950,12190502
o,36,25951,12197170
o,36,25952,12207344
o,36,25953,12220150
o,36,25954,12231422
o,36,25955,12237576
o,36,25956,12251398
o,36,25957,12258572
o,36,25958,12268494
o,36,25959,12281046
o,36,25960,12289448
o,36,25961,12302072
o,36,25962,12311808
o,36,25963,12318980
o,36,25964,12330768
o,36,25965,12339478
o,36,25966,12357920
n,25967,12360952,12360968
,36,25967,12361120
o,36,25968,12374742
o,36,25969,12381958
o,36,25970,12394764
o,36,25971,12402456
o,36,25972,12415776
o,36,25973,12420884
o,36,25974,12435048
o,36,25975,12445910
o,36,25976,12453670
o,36,25977,12465386
EC,7332,11699,   0,19031
ER,19008,  14,   8
o,36,25978,12474610
o,36,25979,12482552
o,36,25980,12495080
o,36,25981,12505328
o,36,25982,12517112
o,36,25983,12524274
o,36,25984,12535564
o,36,25985,12547860
o,36,25986,12558106
n,25987,12567844,12567858
,36,25987,12568012
pidiendo temperatura
t,1907,12572578,12572594
o,36,25988,12579536
|t10,12572574,12579970
o,36,25989,12587804
o,36,25990,12597528
o,36,25991,12608302
o,36,25992,12617696
o,36,25993,12629200
o,36,25994,12636892
o,36,25995,12646306
o,36,25996,12659412
o,36,25997,12669150
o,36,25998,12681446
o,36,25999,12691182
o,36,26000,12701942
o,36,26001,12710664
o,36,26002,12718010
o,36,26003,12733146
o,36,26004,12743414
o,36,26005,12749226
o,36,26006,12758932
n,26007,12771564,12771580
,36,26007,12771732
o,36,26008,12782844
o,36,26009,12790186
o,36,26010,12803796
o,36,26011,12813532
o,36,26012,12824804
o,36,26013,12833516
o,36,26014,12842936
o,36,26015,12854992
o,36,26016,12863196
o,36,26017,12875000
o,36,26018,12886272
o,36,26019,12894924
o,36,26020,12904660
o,36,26021,12915418
o,36,26022,12924658
o,36,26023,12934404
o,36,26024,12943610
o,36,26025,12955408
o,36,26026,12965142
n,26027,12976588,12976604
,36,26027,12976756
o,36,26028,12984818
o,36,26029,12997330
o,36,26030,13008088
o,36,26031,13017824
o,36,26032,13027070
o,36,26033,13039366
o,36,26034,13048058
o,36,26035,13057302
o,36,26036,13069554
o,36,26037,13078264
o,36,26038,13087980
o,36,26039,13100292
o,36,26040,13107460
o,36,26041,13118210
EC,7348,12683,   0,20031
ER,20008,  15,   8
o,36,26042,13128130
o,36,26043,13138654
o,36,26044,13150926
o,36,26045,13160148
o,36,26046,13173470
n,26047,13180164,13180180
,36,26047,13180334
o,36,26048,13190356
o,36,26049,13200288
o,36,26050,13215950
o,36,26051,13220082
o,36,26052,13230328
o,36,26053,13244162
o,36,26054,13255946
o,36,26055,13264664
o,36,26056,13271308
o,36,26057,13281566
o,36,26058,13292312
o,36,26059,13305644
o,36,26060,13316404
o,36,26061,13326144
o,36,26062,13334846
o,36,26063,13344586
o,36,26064,13354832
o,36,26065,13365590
o,36,26066,13377886
n,26067,13384020,13384034
,36,26067,13384188
o,36,26068,13398378
o,36,26069,13405728
o,36,26070,13415624
o,36,26071,13427406
o,36,26072,13434784
o,36,26073,13448394
o,36,26074,13460222
o,36,26075,13468420
o,36,26076,13477822
o,36,26077,13486308
o,36,26078,13497248
o,36,26079,13511370
o,36,26080,13520594
o,36,26081,13530334
o,36,26082,13537514
o,36,26083,13548272
o,36,26084,13560556
o,36,26085,13570802
o,36,26086,13581564
n,26087,13591306,13591322
,36,26087,13591476
o,36,26088,13601994
o,36,26089,13612758
o,36,26090,13621994
o,36,26091,13632530
o,36,26092,13641468
o,36,26093,13651714
o,36,26094,13661448
o,36,26095,13673744
o,36,26096,13682388
o,36,26097,13692122
o,36,26098,13706020
o,36,26099,13713126
o,36,26100,13721900
o,36,26101,13735224
o,36,26102,13742840
o,36,26103,13756154
o,36,26104,13765370
o,36,26105,13775108
EC,7362,13670,   0,21033
ER,21008,  16,   8
o,36,26106,13783828
n,26107,13794056,13794070
,36,26107,13794224
o,36,26108,13804242
o,36,26109,13817046
o,36,26110,13826522
o,36,26111,13836006
o,36,26112,13846764
o,36,26113,13860084
o,36,26114,13867772
o,36,26115,13875444
o,36,26116,13887416
o,36,26117,13897448
o,36,26118,13908718
o,36,26119,13918116
o,36,26120,13927658
o,36,26121,13939120
o,36,26122,13950150
o,36,26123,13958890
o,36,26124,13969650
o,36,26125,13980412
o,36,26126,13990322
n,26127,14000834,14000850
,36,26127,14001004
o,36,26128,14012350
o,36,26129,14017938
o,36,26130,14029738
o,36,26131,14040778
o,36,26132,14053586
o,36,26133,14063840
o,36,26134,14071526
o,36,26135,14083820
o,36,26136,14092532
o,36,26137,14103292
o,36,26138,14112514
o,36,26139,14124300
o,36,26140,14131990
o,36,26141,14147350
o,36,26142,14156064
o,36,26143,14164456
o,36,26144,14175938
o,36,26145,14186188
o,36,26146,14193894
n,26147,14203098,14203114
,36,26147,14203268
o,36,26148,14216422
o,36,26149,14225126
o,36,26150,14236396
o,36,26151,14247666
o,36,26152,14255354
o,36,26153,14267650
o,36,26154,14276868
o,36,26155,14288138
o,36,26156,14297870
o,36,26157,14312216
o,36,26158,14315282
o,36,26159,14330988
o,36,26160,14338754
o,36,26161,14347976
o,36,26162,14361294
o,36,26163,14368240
o,36,26164,14380226
o,36,26165,14387420
o,36,26166,14399696
n,26167,14409134,14409148
,36,26167,14409302
o,36,26168,14421732
o,36,26169,14431470
EC,7378,14655,   0,22033
ER,22008,  16,   8
o,36,26170,14439340
o,36,26171,14450400
o,36,26172,14459284
o,36,26173,14472384
o,36,26174,14483144
o,36,26175,14490026
o,36,26176,14500760
o,36,26177,14516454
o,36,26178,14522094
o,36,26179,14535928
o,36,26180,14541554
o,36,26181,14551474
o,36,26182,14563040
o,36,26183,14570892
o,36,26184,14581996
o,36,26185,14595834
o,36,26186,14603502
n,26187,14616328,14616342
,36,26187,14616496
o,36,26188,14623994
o,36,26189,14635264
o,36,26190,14647560
o,36,26191,14656780
o,36,26192,14666004
o,36,26193,14676238
o,36,26194,14689058
o,36,26195,14697762
o,36,26196,14705630
o,36,26197,14717664
o,36,26198,14728942
o,36,26199,14738678
o,36,26200,14747882
o,36,26201,14760196
o,36,26202,14771468
o,36,26203,14779110
o,36,26204,14789354
o,36,26205,14799604
o,36,26206,14811900
n,26207,14820100,14820116
,36,26207,14820268
o,36,26208,14830348
o,36,26209,14840096
o,36,26210,14851890
o,36,26211,14860604
o,36,26212,14870326
o,36,26213,14882120
o,36,26214,14893394
o,36,26215,14903642
o,36,26216,14913890
o,36,26217,14923108
o,36,26218,14932000
o,36,26219,14943932
o,36,26220,14953154
o,36,26221,14963912
o,36,26222,14974672
o,36,26223,14984918
o,36,26224,14993670
o,36,26225,15005964
o,36,26226,15016724
n,26227,15023050,15023066
,36,26227,15023220
o,36,26228,15035112
o,36,26229,15042268
o,36,26230,15056116
o,36,26231,15066362
o,36,26232,15075074
o,36,26233,15085322
EC,7392,15640,   0,23033
ER,23007,  17,   8
o,36,26234,15098130
o,36,26235,15108378
o,36,26236,15116238
o,36,26237,15126718
o,36,26238,15137990
o,36,26239,15148750
o,36,26240,15158010
o,36,26241,15168258
o,36,26242,15177140
o,36,26243,15187686
o,36,26244,15200492
o,36,26245,15209204
o,36,26246,15218926
n,26247,15227658,15227674
,36,26247,15227828
o,36,26248,15243024
o,36,26249,15250712
o,36,26250,15259930
o,36,26251,15272226
o,36,26252,15283498
o,36,26253,15291688
o,36,26254,15300910
o,36,26255,15309610
o,36,26256,15320880
o,36,26257,15330620
o,36,26258,15342408
o,36,26259,15353168
o,36,26260,15361868
o,36,26261,15373148
o,36,26262,15383908
o,36,26263,15392284
o,36,26264,15404258
o,36,26265,15413480
o,36,26266,15425776
n,26267,15433976,15433990
,36,26267,15434144
o,36,26268,15443714
o,36,26269,15452920
o,36,26270,15463874
o,36,26271,15474404
o,36,26272,15486700
o,36,26273,15494390
o,36,26274,15507198
o,36,26275,15516412
o,36,26276,15526662
o,36,26277,15534522
o,36,26278,15546548
o,36,26279,15555994
o,36,26280,15566238
o,36,26281,15577778
o,36,26282,15587520
o,36,26283,15598786
o,36,26284,15609604
o,36,26285,15617982
o,36,26286,15628180
n,26287,15638760,15638774
,36,26287,15638928
o,36,26288,15647986
o,36,26289,15658232
o,36,26290,15667974
o,36,26291,15679752
o,36,26292,15689488
o,36,26293,15698364
o,36,26294,15710386
o,36,26295,15720120
o,36,26296,15730880
o,36,26297,15741640
EC,7407,16626,   0,24034
ER,24007,  18,   8
o,36,26298,15750394
o,36,26299,15761342
o,36,26300,15775924
o,36,26301,15781098
o,36,26302,15793392
o,36,26303,15803640
o,36,26304,15810292
o,36,26305,15824968
o,36,26306,15832320
n,26307,15841728,15841744
,36,26307,15841896
o,36,26308,15852244
o,36,26309,15864032
o,36,26310,15874800
o,36,26311,15887096
o,36,26312,15894782
o,36,26313,15906564
o,36,26314,15915278
o,36,26315,15924256
o,36,26316,15936226
o,36,26317,15943046
o,36,26318,15957738
o,36,26319,15967984
o,36,26320,15977206
o,36,26321,15985920
o,36,26322,15997192
o,36,26323,16006420
o,36,26324,16019226
o,36,26325,16030498
o,36,26326,16038698
n,26327,16049970,16049986
,36,26327,16050140
o,36,26328,16059614
o,36,26329,16067814
o,36,26330,16080110
o,36,26331,16090870
o,36,26332,16099240
o,36,26333,16110298
o,36,26334,16119014
o,36,26335,16131824
o,36,26336,16139180
o,36,26337,16148176
o,36,26338,16162854
o,36,26339,16170734
o,36,26340,16184046
o,36,26341,16193790
o,36,26342,16201136
o,36,26343,16211664
o,36,26344,16224948
o,36,26345,16233190
o,36,26346,16242404
n,26347,16251114,16251130
,36,26347,16251284
o,36,26348,16265986
o,36,26349,16271262
o,36,26350,16281994
o,36,26351,16293076
o,36,26352,16306360
o,36,26353,16314558
o,36,26354,16324516
o,36,26355,16335584
o,36,26356,16344282
o,36,26357,16356588
o,36,26358,16368372
o,36,26359,16377596
o,36,26360,16386086
o,36,26361,16394508
EC,7422,17612,   0,25034
ER,25007,  18,   8
o,36,26362,16403894
o,36,26363,16415472
o,36,26364,16427234
o,36,26365,16436982
o,36,26366,16446210
,26367,16458502,16458516
,36,26367,16458670
o,36,26368,16466180
o,36,26369,16480946
o,36,26370,16487094
o,36,26371,16498878
pidiendo temperatura
t,1908,16504484,16504500
o,36,26372,16511104
|t10,16504480,16512598
o,36,26373,16521904
o,36,26374,16530102
o,36,26375,16540350
o,36,26376,16551138
o,36,26377,16562182
o,36,26378,16568220
o,36,26379,16580816
o,36,26380,16592566
o,36,26381,16600812
o,36,26382,16612594
o,36,26383,16623354
o,36,26384,16634116
o,36,26385,16643336
o,36,26386,16652052
n,26387,16662294,16662310
,36,26387,16662464
o,36,26388,16672426
o,36,26389,16684836
o,36,26390,16693036
o,36,26391,16701734
o,36,26392,16717112
o,36,26393,16722932
o,36,26394,16732838
o,36,26395,16742628
o,36,26396,16755438
o,36,26397,16764660
o,36,26398,16772842
o,36,26399,16785158
o,36,26400,16796422
o,36,26401,16805648
o,36,26402,16817946
o,36,26403,16824264
o,36,26404,16834766
o,36,26405,16845022
o,36,26406,16855260
n,26407,16866552,16866568
,36,26407,16866722
o,36,26408,16880386
o,36,26409,16891146
o,36,26410,16897808
o,36,26411,16907498
o,36,26412,16921334
o,36,26413,16928172
o,36,26414,16941736
o,36,26415,16948436
o,36,26416,16961204
o,36,26417,16972476
o,36,26418,16978624
o,36,26419,16988070
o,36,26420,17000616
o,36,26421,17011412
o,36,26422,17023194
o,36,26423,17030374
o,36,26424,17040620
o,36,26425,17052402
EC,7438,18597,   0,26035
ER,26007,  19,   8
o,36,26426,17060606
n,26427,17072406,17072420
,36,26427,17072574
o,36,26428,17083376
o,36,26429,17091234
o,36,26430,17103582
o,36,26431,17112298
o,36,26432,17123054
o,36,26433,17133818
o,36,26434,17144578
o,36,26435,17154294
o,36,26436,17163534
o,36,26437,17174806
o,36,26438,17184546
o,36,26439,17197854
o,36,26440,17204522
o,36,26441,17216814
o,36,26442,17226034
o,36,26443,17234232
o,36,26444,17247042
o,36,26445,17254724
o,36,26446,17264450
n,26447,17276426,17276440
,36,26447,17276594
o,36,26448,17284816
o,36,26449,17300186
o,36,26450,17310946
o,36,26451,17320662
o,36,26452,17328860
o,36,26453,17337062
o,36,26454,17350376
o,36,26455,17359598
o,36,26456,17371914
o,36,26457,17381650
o,36,26458,17389338
o,36,26459,17402144
o,36,26460,17411032
o,36,26461,17419424
o,36,26462,17428690
o,36,26463,17439914
o,36,26464,17451756
o,36,26465,17465074
o,36,26466,17471224
n,26467,17483006,17483022
,36,26467,17483176
o,36,26468,17492774
o,36,26469,17502508
o,36,26470,17511734
o,36,26471,17521968
o,36,26472,17532742
o,36,26473,17543502
o,36,26474,17554430
o,36,26475,17563808
o,36,26476,17576158
o,36,26477,17585384
o,36,26478,17596144
o,36,26479,17604854
o,36,26480,17616638
o,36,26481,17625350
o,36,26482,17637648
o,36,26483,17651998
o,36,26484,17659174
o,36,26485,17668398
o,36,26486,17680182
n,26487,17686832,17686848
,36,26487,17687002
o,36,26488,17696778
o,36,26489,17706144
EC,7453,19582,   0,27035
ER,27007,  20,   8
o,36,26490,17719466
o,36,26491,17730738
o,36,26492,17739450
o,36,26493,17748162
o,36,26494,17757940
o,36,26495,17769398
o,36,26496,17780442
o,36,26497,17787092
o,36,26498,17797530
o,36,26499,17808778
o,36,26500,17818780
o,36,26501,17832672
o,36,26502,17839854
o,36,26503,17852664
o,36,26504,17861888
o,36,26505,17873674
o,36,26506,17881870
n,26507,17891600,17891616
,36,26507,17891768
o,36,26508,17900702
o,36,26509,17914022
o,36,26510,17921712
o,36,26511,17933540
o,36,26512,17942250
o,36,26513,17956594
o,36,26514,17961718
o,36,26515,17972988
o,36,26516,17983750
o,36,26517,17996046
o,36,26518,18004704
o,36,26519,18017564
o,36,26520,18026274
o,36,26521,18038570
o,36,26522,18045236
o,36,26523,18055484
o,36,26524,18066646
o,36,26525,18077002
o,36,26526,18087762
n,26527,18096282,18096298
,36,26527,18096452
o,36,26528,18105750
o,36,26529,18117278
o,36,26530,18127118
o,36,26531,18138900
o,36,26532,18148622
o,36,26533,18157344
o,36,26534,18167078
o,36,26535,18182446
o,36,26536,18187574
o,36,26537,18198238
o,36,26538,18210626
o,36,26539,18218218
o,36,26540,18230524
o,36,26541,18241280
o,36,26542,18251018
o,36,26543,18260754
o,36,26544,18272538
o,36,26545,18282202
o,36,26546,18291414
n,26547,18301670,18301686
,36,26547,18301840
o,36,26548,18311896
o,36,26549,18322662
o,36,26550,18334958
o,36,26551,18343670
o,36,26552,18352894
o,36,26553,18364168
EC,7468,20567,   0,28036
ER,28006,  21,   8
o,36,26554,18372878
o,36,26555,18381176
o,36,26556,18392788
o,36,26557,18405604
o,36,26558,18415850
o,36,26559,18426610
o,36,26560,18434806
o,36,26561,18445566
o,36,26562,18456328
o,36,26563,18464526
o,36,26564,18475794
o,36,26565,18486552
o,36,26566,18496286
n,26567,18506534,18506550
,36,26567,18506704
o,36,26568,18519708
o,36,26569,18528090
o,36,26570,18537622
o,36,26571,18547870
o,36,26572,18559654
o,36,26573,18566880
o,36,26574,18580196
o,36,26575,18588390
o,36,26576,18596588
o,36,26577,18609404
o,36,26578,18620164
o,36,26579,18629896
o,36,26580,18641168
o,36,26581,18648346
o,36,26582,18660570
o,36,26583,18670302
o,36,26584,18682594
o,36,26585,18690794
o,36,26586,18704624
n,26587,18711798,18711814
,36,26587,18711968
o,36,26588,18722566
o,36,26589,18732266
o,36,26590,18741488
o,36,26591,18755832
o,36,26592,18761458
o,36,26593,18773766
o,36,26594,18785046
o,36,26595,18794268
o,36,26596,18802978
o,36,26597,18814762
o,36,26598,18822944
o,36,26599,18835760
o,36,26600,18843960
o,36,26601,18855236
o,36,26602,18867530
o,36,26603,18876128
o,36,26604,18884838
o,36,26605,18896082
o,36,26606,18905304
n,26607,18916580,18916596
,36,26607,18916750
o,36,26608,18927344
o,36,26609,18937080
o,36,26610,18947838
o,36,26611,18956562
o,36,26612,18966298
o,36,26613,18975170
o,36,26614,18990378
o,36,26615,18999088
o,36,26616,19007798
o,36,26617,19019070
EC,7483,21554,   0,29037
ER,29007,  21,   8
o,36,26618,19027780
o,36,26619,19038538
o,36,26620,19052694
o,36,26621,19060960
o,36,26622,19071718
o,36,26623,19080942
o,36,26624,19090678
o,36,26625,19102418
o,36,26626,19111640
n,26627,19121892,19121906
,36,26627,19122060
o,36,26628,19132142
o,36,26629,19140340
o,36,26630,19152636
o,36,26631,19161818
o,36,26632,19174612
o,36,26633,19181802
o,36,26634,19191500
o,36,26635,19200384
o,36,26636,19214588
o,36,26637,19223784
o,36,26638,19233006
o,36,26639,19244786
o,36,26640,19257086
o,36,26641,19264770
o,36,26642,19272974
o,36,26643,19284244
o,36,26644,19297564
o,36,26645,19304226
o,36,26646,19315934
n,26647,19327718,19327734
,36,26647,19327888
o,36,26648,19335938
o,36,26649,19346578
o,36,26650,19357464
o,36,26651,19364636
o,36,26652,19378900
o,36,26653,19389152
o,36,26654,19400936
o,36,26655,19406574
o,36,26656,19415412
o,36,26657,19428602
o,36,26658,19438288
o,36,26659,19448584
o,36,26660,19459854
o,36,26661,19471126
o,36,26662,19478812
o,36,26663,19488548
o,36,26664,19503404
o,36,26665,19512630
o,36,26666,19523392
n,26667,19531592,19531608
,36,26667,19531760
o,36,26668,19540108
o,36,26669,19550928
o,36,26670,19561972
o,36,26671,19571852
o,36,26672,19582100
o,36,26673,19593372
o,36,26674,19601570
o,36,26675,19612842
o,36,26676,19625716
o,36,26677,19633402
o,36,26678,19641600
o,36,26679,19654872
o,36,26680,19662036
o,36,26681,19675882
EC,7498,22539,   0,30038
ER,30007,  22,   8
o,36,26682,19683570
o,36,26683,19694838
o,36,26684,19704860
o,36,26685,19715214
o,36,26686,19724436
n,26687,19735710,19735726
,36,26687,19735878
o,36,26688,19747532
o,36,26689,19756756
o,36,26690,19768536
o,36,26691,19775198
o,36,26692,19788804
o,36,26693,19797728
o,36,26694,19806866
o,36,26695,19819768
o,36,26696,19830304
o,36,26697,19839236
o,36,26698,19848974
o,36,26699,19860244
o,36,26700,19867918
o,36,26701,19881248
o,36,26702,19887900
o,36,26703,19902254
o,36,26704,19913020
o,36,26705,19921212
o,36,26706,19930948
n,26707,19943242,19943256
,36,26707,19943410
o,36,26708,19950218
o,36,26709,19962002
o,36,26710,19970768
o,36,26711,19983572
o,36,26712,19992796
o,36,26713,20003044
o,36,26714,20014828
o,36,26715,20026100
o,36,26716,20033276
o,36,26717,20041986
o,36,26718,20054800
o,36,26719,20065498
o,36,26720,20074210
o,36,26721,20086508
o,36,26722,20094666
o,36,26723,20106972
o,36,26724,20114150
o,36,26725,20126958
o,36,26726,20138230
n,26727,20145406,20145422
,36,26727,20145576
o,36,26728,20157700
o,36,26729,20166922
o,36,26730,20177682
o,36,26731,20188438
o,36,26732,20200220
o,36,26733,20208420
o,36,26734,20218154
o,36,26735,20230446
o,36,26736,20240694
o,36,26737,20250944
o,36,26738,20258108
o,36,26739,20271246
o,36,26740,20279112
o,36,26741,20291226
o,36,26742,20303198
o,36,26743,20307986
o,36,26744,20320396
o,36,26745,20329110
EC,7513,23525,   0,31038
ER,31007,  23,   8
o,36,26746,20344030
n,26747,20350182,20350198
,36,26747,20350352
o,36,26748,20364020
o,36,26749,20374266
o,36,26750,20381956
o,36,26751,20394764
o,36,26752,20400404
o,36,26753,20414162
o,36,26754,20422874
o,36,26755,20433116
pidiendo temperatura
t,1909,20436960,20436976
o,36,26756,20445316
|t10,20436956,20446770
o,36,26757,20451542
o,36,26758,20465374
o,36,26759,20473572
o,36,26760,20482286
o,36,26761,20492994
o,36,26762,20502216
o,36,26763,20516568
o,36,26764,20525798
o,36,26765,20533994
o,36,26766,20547826
n,26767,20559610,20559626
,36,26767,20559780
o,36,26768,20563716
o,36,26769,20578070
o,36,26770,20587766
o,36,26771,20599548
o,36,26772,20604662
o,36,26773,20616970
o,36,26774,20626706
o,36,26775,20635524
o,36,26776,20645242
o,36,26777,20659852
o,36,26778,20669586
o,36,26779,20680346
o,36,26780,20687602
o,36,26781,20700920
o,36,26782,20712198
o,36,26783,20719878
o,36,26784,20732172
o,36,26785,20739348
o,36,26786,20747634
n,26787,20761890,20761906
,36,26787,20762060
o,36,26788,20772682
o,36,26789,20782414
o,36,26790,20792962
o,36,26791,20803934
o,36,26792,20809862
o,36,26793,20821646
o,36,26794,20831382
o,36,26795,20840652
o,36,26796,20855008
o,36,26797,20863208
o,36,26798,20876494
o,36,26799,20884178
o,36,26800,20892888
o,36,26801,20906718
o,36,26802,20913370
o,36,26803,20926704
o,36,26804,20933356
o,36,26805,20944640
o,36,26806,20954822
n,26807,20966104,20966120
,36,26807,20966274
o,36,26808,20974814
o,36,26809,20987624
EC,7529,24509,   0,32039
ER,32006,  24,   8
o,36,26810,20994288
o,36,26811,21006584
o,36,26812,21018368
o,36,26813,21026004
o,36,26814,21035740
o,36,26815,21048550
o,36,26816,21057772
o,36,26817,21066442
o,36,26818,21078228
o,36,26819,21089496
o,36,26820,21100766
o,36,26821,21110508
o,36,26822,21117170
o,36,26823,21129420
o,36,26824,21140692
o,36,26825,21147864
o,36,26826,21160672
n,26827,21170920,21170936
,36,26827,21171090
o,36,26828,21182592
o,36,26829,21190864
o,36,26830,21202132
o,36,26831,21210846
o,36,26832,21221580
o,36,26833,21230290
o,36,26834,21242584
o,36,26835,21250790
o,36,26836,21264098
o,36,26837,21270764
o,36,26838,21284596
o,36,26839,21292796
o,36,26840,21306074
o,36,26841,21314782
o,36,26842,21321622
o,36,26843,21336266
o,36,26844,21344978
o,36,26845,21354204
o,36,26846,21365986
n,26847,21376746,21376762
,36,26847,21376916
o,36,26848,21387028
o,36,26849,21395228
o,36,26850,21404964
o,36,26851,21413232
o,36,26852,21426482
o,36,26853,21436218
o,36,26854,21446874
o,36,26855,21458146
o,36,26856,21466858
o,36,26857,21479662
o,36,26858,21488372
o,36,26859,21498108
o,36,26860,21509326
o,36,26861,21519578
o,36,26862,21530844
o,36,26863,21538020
o,36,26864,21549804
o,36,26865,21560016
o,36,26866,21571286
n,26867,21579998,21580014
,36,26867,21580168
o,36,26868,21589714
o,36,26869,21598088
o,36,26870,21609682
o,36,26871,21620864
o,36,26872,21631208
o,36,26873,21640434
EC,7544,25494,   0,33039
ER,33006,  24,   8
o,36,26874,21651712
o,36,26875,21660936
o,36,26876,21674256
o,36,26877,21683992
o,36,26878,21690654
o,36,26879,21706216
o,36,26880,21711994
o,36,26881,21722326
o,36,26882,21733584
o,36,26883,21745380
o,36,26884,21752542
o,36,26885,21762284
o,36,26886,21774068
n,26887,21785346,21785362
,36,26887,21785516
o,36,26888,21793564
o,36,26889,21805816
o,36,26890,21814982
o,36,26891,21825740
o,36,26892,21835472
o,36,26893,21844184
o,36,26894,21859042
o,36,26895,21867754
o,36,26896,21876974
o,36,26897,21890290
o,36,26898,21896950
o,36,26899,21908734
o,36,26900,21917956
o,36,26901,21926668
o,36,26902,21938376
o,36,26903,21951694
o,36,26904,21958358
o,36,26905,21968092
o,36,26906,21980390
n,26907,21987566,21987582
,36,26907,21987736
o,36,26908,21998790
o,36,26909,22012628
o,36,26910,22018780
o,36,26911,22030026
o,36,26912,22041810
o,36,26913,22051544
o,36,26914,22060254
o,36,26915,22071016
o,36,26916,22080240
o,36,26917,22091976
o,36,26918,22101710
o,36,26919,22111966
o,36,26920,22125290
o,36,26921,22132978
o,36,26922,22140838
o,36,26923,22152308
o,36,26924,22164182
o,36,26925,22172892
o,36,26926,22184162
n,26927,22193898,22193914
,36,26927,22194068
o,36,26928,22204152
o,36,26929,22216414
o,36,26930,22225112
o,36,26931,22235368
o,36,26932,22245618
o,36,26933,22257402
o,36,26934,22263202
o,36,26935,22276870
o,36,26936,22283984
o,36,26937,22298336
EC,7559,26481,   0,34040
ER,34006,  25,   8
o,36,26938,22305502
o,36,26939,22318322
o,36,26940,22330614
o,36,26941,22338812
o,36,26942,22347010
o,36,26943,22357258
o,36,26944,22367500
o,36,26945,22378772
o,36,26946,22386966
n,26947,22399782,22399798
,36,26947,22399952
o,36,26948,22409520
o,36,26949,22422324
o,36,26950,22430836
o,36,26951,22438524
o,36,26952,22453452
o,36,26953,22460628
o,36,26954,22470872
o,36,26955,22483166
o,36,26956,22492390
o,36,26957,22503658
o,36,26958,22510836
o,36,26959,22523134
o,36,26960,22530310
o,36,26961,22543630
o,36,26962,22554390
o,36,26963,22563030
o,36,26964,22572254
o,36,26965,22583532
o,36,26966,22593268
n,26967,22605052,22605068
,36,26967,22605222
o,36,26968,22613794
o,36,26969,22626602
o,36,26970,22636336
o,36,26971,22644022
o,36,26972,22657858
o,36,26973,22665034
o,36,26974,22677620
o,36,26975,22685306
o,36,26976,22695110
o,36,26977,22707928
o,36,26978,22714242
o,36,26979,22726254
o,36,26980,22736572
o,36,26981,22744434
o,36,26982,22756550
o,36,26983,22768264
o,36,26984,22779612
o,36,26985,22788842
o,36,26986,22798576
n,26987,22810870,22810886
,36,26987,22811040
o,36,26988,22818588
o,36,26989,22830372
o,36,26990,22840620
o,36,26991,22850350
o,36,26992,22857176
o,36,26993,22872262
o,36,26994,22883532
o,36,26995,22891220
o,36,26996,22900442
o,36,26997,22911716
o,36,26998,22919402
o,36,26999,22928746
o,36,27000,22940350
o,36,27001,22952148
EC,7573,27466,   0,35040
ER,35006,  25,   8
o,36,27002,22961882
o,36,27003,22971614
o,36,27004,22983912
o,36,27005,22993648
o,36,27006,23003896
n,27007,23013616,23013632
,36,27007,23013786
o,36,27008,23024748
o,36,27009,23036020
o,36,27010,23044222
o,36,27011,23054470
o,36,27012,23065818
o,36,27013,23077088
o,36,27014,23088358
o,36,27015,23097584
o,36,27016,23108856
o,36,27017,23119612
o,36,27018,23126262
o,36,27019,23134982
o,36,27020,23146766
o,36,27021,23157522
o,36,27022,23166734
o,36,27023,23179040
o,36,27024,23190316
o,36,27025,23198314
o,36,27026,23208122
n,27027,23219918,23219932
,36,27027,23220086
o,36,27028,23231216
o,36,27029,23240450
o,36,27030,23247092
o,36,27031,23263494
o,36,27032,23270668
o,36,27033,23280914
o,36,27034,23291672
o,36,27035,23301918
o,36,27036,23308230
o,36,27037,23321390
o,36,27038,23333584
o,36,27039,23342296
o,36,27040,23351004
o,36,27041,23362258
o,36,27042,23371486
o,36,27043,23381558
o,36,27044,23392956
o,36,27045,23404238
o,36,27046,23411924
n,27047,23424220,23424236
,36,27047,23424390
o,36,27048,23434496
o,36,27049,23442172
o,36,27050,23457040
o,36,27051,23463192
o,36,27052,23473952
o,36,27053,23485732
o,36,27054,23495272
o,36,27055,23503218
o,36,27056,23516362
o,36,27057,23527632
o,36,27058,23536344
o,36,27059,23546076
o,36,27060,23557346
o,36,27061,23569126
o,36,27062,23576816
o,36,27063,23590650
o,36,27064,23599360
o,36,27065,23608074
EC,7588,28451,   0,36040
ER,36005,  26,   8
o,36,27066,23616784
n,27067,23627962,23627978
,36,27067,23628130
o,36,27068,23636876
o,36,27069,23646396
o,36,27070,23661260
o,36,27071,23668436
o,36,27072,23676796
o,36,27073,23689954
o,36,27074,23701738
o,36,27075,23712500
o,36,27076,23718096
o,36,27077,23733984
o,36,27078,23741670
o,36,27079,23750894
o,36,27080,23761128
o,36,27081,23772932
o,36,27082,23782150
o,36,27083,23793348
o,36,27084,23803082
o,36,27085,23812822
o,36,27086,23821532
n,27087,23832292,23832308
,36,27087,23832462
o,36,27088,23844556
o,36,27089,23853270
o,36,27090,23865054
o,36,27091,23876324
o,36,27092,23882474
o,36,27093,23895282
o,36,27094,23903978
o,36,27095,23914736
o,36,27096,23925830
o,36,27097,23936776
o,36,27098,23948844
o,36,27099,23954370
o,36,27100,23966592
o,36,27101,23978694
o,36,27102,23985876
o,36,27103,23996632
o,36,27104,24012000
o,36,27105,24015254
o,36,27106,24027234
n,27107,24037574,24037590
,36,27107,24037744
o,36,27108,24051410
o,36,27109,24057048
o,36,27110,24068318
o,36,27111,24079588
o,36,27112,24088814
o,36,27113,24100040
o,36,27114,24109772
o,36,27115,24120540
o,36,27116,24128738
o,36,27117,24139458
o,36,27118,24149708
o,36,27119,24160966
o,36,27120,24174298
o,36,27121,24180434
o,36,27122,24192738
o,36,27123,24202984
o,36,27124,24212208
o,36,27125,24224500
o,36,27126,24231676
n,27127,24241908,24241924
,36,27127,24242078
o,36,27128,24254222
o,36,27129,24262424
EC,7604,29437,   0,37041
ER,37005,  27,   8
o,36,27130,24272580
o,36,27131,24285900
o,36,27132,24297056
o,36,27133,24306396
o,36,27134,24316638
o,36,27135,24324836
o,36,27136,24336618
o,36,27137,24342420
o,36,27138,24356548
o,36,27139,24364236
pidiendo temperatura
t,1910,24368802,24368818
|t10,24368798,24377516
o,36,27140,24378620
o,36,27141,24388950
o,36,27142,24396124
o,36,27143,24407134
o,36,27144,24418406
o,36,27145,24428398
o,36,27146,24436072
n,27147,24449404,24449420
,36,27147,24449574
o,36,27148,24459682
o,36,27149,24467146
o,36,27150,24477904
o,36,27151,24487640
o,36,27152,24496310
o,36,27153,24511686
o,36,27154,24518864
o,36,27155,24528088
o,36,27156,24539872
o,36,27157,24551656
o,36,27158,24558794
o,36,27159,24570066
o,36,27160,24579294
o,36,27161,24590018
o,36,27162,24602826
o,36,27163,24611024
o,36,27164,24621780
o,36,27165,24631512
o,36,27166,24639700
n,27167,24652010,24652026
,36,27167,24652180
o,36,27168,24662774
o,36,27169,24671486
o,36,27170,24683782
o,36,27171,24694988
o,36,27172,24702662
o,36,27173,24712908
o,36,27174,24724702
o,36,27175,24735972
o,36,27176,24744684
o,36,27177,24753390
o,36,27178,24765684
o,36,27179,24775422
o,36,27180,24786694
o,36,27181,24794894
o,36,27182,24807616
o,36,27183,24815814
o,36,27184,24826574
o,36,27185,24836310
o,36,27186,24847064
n,27187,24856276,24856290
,36,27187,24856444
o,36,27188,24867010
o,36,27189,24876770
o,36,27190,24888528
o,36,27191,24898298
o,36,27192,24908036
o,36,27193,24917702
EC,7620,30422,   0,38042
ER,38005,  28,   8
o,36,27194,24930510
o,36,27195,24939220
o,36,27196,24948440
o,36,27197,24961248
o,36,27198,24969448
o,36,27199,24983278
o,36,27200,24990450
o,36,27201,25001724
o,36,27202,25012990
o,36,27203,25021180
o,36,27204,25032460
o,36,27205,25043730
o,36,27206,25052956
n,27207,25061976,25061992
,36,27207,25062146
o,36,27208,25071406
o,36,27209,25082560
o,36,27210,25093320
o,36,27211,25102526
o,36,27212,25116370
o,36,27213,25126618
o,36,27214,25133780
o,36,27215,25142490
o,36,27216,25154784
o,36,27217,25165552
o,36,27218,25177336
o,36,27219,25182632
o,36,27220,25197250
o,36,27221,25205448
o,36,27222,25215980
o,36,27223,25224916
o,36,27224,25236688
o,36,27225,25245922
o,36,27226,25255146
n,27227,25266916,25266932
,36,27227,25267086
o,36,27228,25278200
o,36,27229,25287936
o,36,27230,25298184
o,36,27231,25308358
o,36,27232,25318606
o,36,27233,25330388
o,36,27234,25339608
o,36,27235,25353294
o,36,27236,25360614
o,36,27237,25368288
o,36,27238,25378536
o,36,27239,25393404
o,36,27240,25402114
o,36,27241,25411846
o,36,27242,25423628
o,36,27243,25434386
o,36,27244,25441366
o,36,27245,25450692
o,36,27246,25463496
n,27247,25470658,25470674
,36,27247,25470828
o,36,27248,25484692
o,36,27249,25491646
o,36,27250,25502922
o,36,27251,25516238
o,36,27252,25522888
o,36,27253,25532120
o,36,27254,25542366
o,36,27255,25553122
o,36,27256,25564906
o,36,27257,25575668
EC,7635,31407,   0,39043
ER,39005,  28,   8
o,36,27258,25585404
o,36,27259,25594116
o,36,27260,25605386
o,36,27261,25616466
o,36,27262,25624004
o,36,27263,25635006
o,36,27264,25646796
o,36,27265,25656002
o,36,27266,25668310
n,27267,25677530,25677546
,36,27267,25677700
o,36,27268,25686214
o,36,27269,25697484
o,36,27270,25709270
o,36,27271,25718494
o,36,27272,25726166
o,36,27273,25737964
o,36,27274,25749692
o,36,27275,25758402
o,36,27276,25767112
o,36,27277,25779924
o,36,27278,25789144
o,36,27279,25799380
o,36,27280,25812198
o,36,27281,25819884
o,36,27282,25828070
o,36,27283,25840892
o,36,27284,25850050
o,36,27285,25862856
o,36,27286,25868994
n,27287,25878904,25878920
,36,27287,25879072
o,36,27288,25895104
o,36,27289,25903308
o,36,27290,25909956
o,36,27291,25922772
o,36,27292,25932510
o,36,27293,25944252
o,36,27294,25952962
o,36,27295,25965768
o,36,27296,25973966
o,36,27297,25984730
o,36,27298,25993954
o,36,27299,26006250
o,36,27300,26014404
o,36,27301,26022254
o,36,27302,26037974
o,36,27303,26044110
o,36,27304,26055380
o,36,27305,26063578
o,36,27306,26076394
n,27307,26087154,26087170
,36,27307,26087324
o,36,27308,26096862
o,36,27309,26105050
o,36,27310,26117870
o,36,27311,26128630
o,36,27312,26138362
o,36,27313,26151682
o,36,27314,26159880
o,36,27315,26170130
o,36,27316,26176452
o,36,27317,26189500
o,36,27318,26197876
o,36,27319,26209356
o,36,27320,26219728
o,36,27321,26228612
EC,7650,32392,   0,40043
ER,40005,  29,   8
o,36,27322,26239156
o,36,27323,26249078
o,36,27324,26262734
o,36,27325,26270422
o,36,27326,26281148
n,27327,26291382,26291398
,36,27327,26291552
o,36,27328,26302036
o,36,27329,26311382
o,36,27330,26319568
o,36,27331,26329814
o,36,27332,26342622
o,36,27333,26351854
o,36,27334,26364610
o,36,27335,26372806
o,36,27336,26385104
o,36,27337,26393304
o,36,27338,26404576
o,36,27339,26414818
o,36,27340,26425580
o,36,27341,26437368
o,36,27342,26444032
o,36,27343,26452842
o,36,27344,26468030
o,36,27345,26478278
o,36,27346,26486478
n,27347,26494152,26494168
,36,27347,26494320
o,36,27348,26505624
o,36,27349,26516174
o,36,27350,26528980
o,36,27351,26538200
o,36,27352,26548960
o,36,27353,26559208
o,36,27354,26569974
o,36,27355,26580724
o,36,27356,26590974
o,36,27357,26600192
o,36,27358,26608200
o,36,27359,26620602
o,36,27360,26628800
o,36,27361,26638534
o,36,27362,26648782
o,36,27363,26658478
o,36,27364,26672320
o,36,27365,26680008
o,36,27366,26691280
n,27367,26699652,26699668
,36,27367,26699822
o,36,27368,26710722
o,36,27369,26721764
o,36,27370,26733756
o,36,27371,26740592
o,36,27372,26749624
o,36,27373,26761930
o,36,27374,26771670
o,36,27375,26784476
o,36,27376,26792122
o,36,27377,26801354
o,36,27378,26812624
o,36,27379,26824406
o,36,27380,26834148
o,36,27381,26847462
o,36,27382,26851728
o,36,27383,26864320
o,36,27384,26875590
o,36,27385,26888694
EC,7665,33377,   0,41043
ER,41004,  30,   8
o,36,27386,26893516
n,27387,26904796,26904812
,36,27387,26904966
o,36,27388,26917608
o,36,27389,26923932
o,36,27390,26936514
o,36,27391,26944702
o,36,27392,26957518
o,36,27393,26970328
o,36,27394,26976138
o,36,27395,26986160
o,36,27396,26998858
o,36,27397,27008198
o,36,27398,27018442
o,36,27399,27027666
o,36,27400,27040472
o,36,27401,27051234
o,36,27402,27058408
o,36,27403,27070188
o,36,27404,27078900
o,36,27405,27091706
o,36,27406,27099394
n,27407,27110472,27110488
,36,27407,27110642
o,36,27408,27121848
o,36,27409,27135164
o,36,27410,27141828
o,36,27411,27152584
o,36,27412,27165390
o,36,27413,27172050
o,36,27414,27181278
o,36,27415,27194594
o,36,27416,27201432
o,36,27417,27212476
o,36,27418,27222712
o,36,27419,27231424
o,36,27420,27245268
o,36,27421,27255514
o,36,27422,27263190
o,36,27423,27276006
o,36,27424,27285742
o,36,27425,27295978
o,36,27426,27303850
n,27427,27315902,27315918
,36,27427,27316072
o,36,27428,27327718
o,36,27429,27339498
o,36,27430,27345648
o,36,27431,27356396
o,36,27432,27370244
o,36,27433,27376902
o,36,27434,27387968
o,36,27435,27400466
o,36,27436,27407642
o,36,27437,27416350
o,36,27438,27430692
o,36,27439,27439914
o,36,27440,27450676
o,36,27441,27456478
o,36,27442,27468246
o,36,27443,27479742
o,36,27444,27488966
o,36,27445,27501776
o,36,27446,27512528
n,27447,27521754,27521770
,36,27447,27521924
o,36,27448,27531464
o,36,27449,27543250
EC,7680,34363,   0,42044
ER,42005,  31,   8
o,36,27450,27551450
o,36,27451,27560672
o,36,27452,27572410
o,36,27453,27583688
o,36,27454,27590860
o,36,27455,27602128
o,36,27456,27612376
o,36,27457,27625144
o,36,27458,27633866
o,36,27459,27643084
o,36,27460,27654350
o,36,27461,27665106
o,36,27462,27672968
o,36,27463,27687098
o,36,27464,27692214
o,36,27465,27707080
o,36,27466,27717328
n,27467,27728056,27728072
,36,27467,27728226
o,36,27468,27736798
o,36,27469,27746022
o,36,27470,27755754
o,36,27471,27766002
o,36,27472,27775216
o,36,27473,27787522
o,36,27474,27797254
o,36,27475,27806780
o,36,27476,27818678
o,36,27477,27825518
o,36,27478,27836990
o,36,27479,27848394
o,36,27480,27858128
o,36,27481,27868886
o,36,27482,27881180
o,36,27483,27889366
o,36,27484,27896714
o,36,27485,27910390
o,36,27486,27920058
n,27487,27928778,27928794
,36,27487,27928948
o,36,27488,27943606
o,36,27489,27954364
o,36,27490,27960504
o,36,27491,27971788
o,36,27492,27986132
o,36,27493,27994840
o,36,27494,28000992
o,36,27495,28012264
o,36,27496,28023482
o,36,27497,28032184
o,36,27498,28042956
o,36,27499,28055250
o,36,27500,28062938
o,36,27501,28074718
o,36,27502,28087526
o,36,27503,28095210
o,36,27504,28109042
o,36,27505,28112112
o,36,27506,28125442
n,27507,28135686,28135702
,36,27507,28135856
o,36,27508,28145332
o,36,27509,28155054
o,36,27510,28167362
o,36,27511,28176584
o,36,27512,28186832
EC,7695,35349,   0,43045
ER,43004,  32,   8
o,36,27513,28200174
o,36,27514,28204754
o,36,27515,28218596
o,36,27516,28226968
o,36,27517,28240056
o,36,27518,28248770
o,36,27519,28261576
o,36,27520,28267726
o,36,27521,28278486
o,36,27522,28288734
o,36,27523,28300992
pidiendo temperatura
t,1911,28301372,28301388
o,36,27524,28307830
|t10,28301368,28309684
o,36,27525,28321330
o,36,27526,28331370
n,27527,28341104,28341120
,36,27527,28341274
o,36,27528,28351036
o,36,27529,28359862
o,36,27530,28373180
o,36,27531,28380868
o,36,27532,28393674
o,36,27533,28401350
o,36,27534,28413142
o,36,27535,28422354
o,36,27536,28432570
o,36,27537,28441276
o,36,27538,28454596
o,36,27539,28461246
o,36,27540,28473540
o,36,27541,28487384
o,36,27542,28496602
o,36,27543,28505824
o,36,27544,28515564
o,36,27545,28524784
o,36,27546,28537078
n,27547,28543218,28543234
,36,27547,28543388
o,36,27548,28553934
o,36,27549,28567740
o,36,27550,28578496
o,36,27551,28587204
o,36,27552,28599498
o,36,27553,28609746
o,36,27554,28619480
o,36,27555,28627152
o,36,27556,28638098
o,36,27557,28648634
o,36,27558,28656822
o,36,27559,28669126
o,36,27560,28679546
o,36,27561,28690100
o,36,27562,28698478
o,36,27563,28708212
o,36,27564,28722356
o,36,27565,28731580
o,36,27566,28738228
n,27567,28748988,28749004
,36,27567,28749158
o,36,27568,28763344
o,36,27569,28776156
o,36,27570,28781790
o,36,27571,28789990
o,36,27572,28803818
o,36,27573,28812014
o,36,27574,28823288
o,36,27575,28830448
o,36,27576,28842462
o,36,27577,28851556
EC,7711,36333,   0,44045
ER,44004,  32,   8
o,36,27578,28864698
o,36,27579,28874432
o,36,27580,28882618
o,36,27581,28894410
o,36,27582,28905686
o,36,27583,28916444
o,36,27584,28929260
o,36,27585,28935402
o,36,27586,28944624
n,27587,28956406,28956422
,36,27587,28956576
o,36,27588,28964788
o,36,27589,28978358
o,36,27590,28986046
o,36,27591,28996792
o,36,27592,29007562
o,36,27593,29017296
o,36,27594,29028566
o,36,27595,29038304
o,36,27596,29048550
o,36,27597,29059310
o,36,27598,29070066
o,36,27599,29077242
o,36,27600,29092096
o,36,27601,29096698
o,36,27602,29111058
o,36,27603,29119766
o,36,27604,29130014
o,36,27605,29142820
o,36,27606,29151018
n,27607,29161776,29161792
,36,27607,29161946
o,36,27608,29171380
o,36,27609,29184184
o,36,27610,29192382
o,36,27611,29202628
o,36,27612,29213678
o,36,27613,29219700
o,36,27614,29234868
o,36,27615,29244608
o,36,27616,29252284
o,36,27617,29262540
o,36,27618,29274322
o,36,27619,29285080
o,36,27620,29295838
o,36,27621,29306090
o,36,27622,29314286
o,36,27623,29323458
o,36,27624,29337266
o,36,27625,29348538
o,36,27626,29356224
n,27627,29368014,29368030
,36,27627,29368184
o,36,27628,29376942
o,36,27629,29388464
o,36,27630,29395816
o,36,27631,29406056
o,36,27632,29415790
o,36,27633,29424826
o,36,27634,29437304
o,36,27635,29447012
o,36,27636,29459130
o,36,27637,29468354
o,36,27638,29479622
o,36,27639,29488332
o,36,27640,29499100
EC,7726,37319,   0,45046
ER,45004,  33,   8
o,36,27641,29510880
o,36,27642,29521126
o,36,27643,29529826
o,36,27644,29540594
o,36,27645,29550328
o,36,27646,29562106
,27647,29570484,29570500
,36,27647,29570654
o,36,27648,29581486
o,36,27649,29591732
o,36,27650,29603004
o,36,27651,29609316
o,36,27652,29625012
o,36,27653,29633726
o,36,27654,29643968
o,36,27655,29650282
o,36,27656,29663920
o,36,27657,29675192
o,36,27658,29683388
o,36,27659,29695172
o,36,27660,29705422
o,36,27661,29714646
o,36,27662,29725066
o,36,27663,29737138
o,36,27664,29747896
o,36,27665,29755756
o,36,27666,29764654
n,27667,29776586,29776602
,36,27667,29776754
o,36,27668,29787888
o,36,27669,29796598
o,36,27670,29804968
o,36,27671,29815472
o,36,27672,29827254
o,36,27673,29837164
o,36,27674,29847236
o,36,27675,29859820
o,36,27676,29869776
o,36,27677,29881566
o,36,27678,29889244
o,36,27679,29902066
o,36,27680,29910254
o,36,27681,29919988
o,36,27682,29929386
o,36,27683,29940400
o,36,27684,29950122
o,36,27685,29961916
o,36,27686,29968582
n,27687,29983434,29983450
,36,27687,29983604
o,36,27688,29992692
o,36,27689,29999528
o,36,27690,30011232
o,36,27691,30018902
o,36,27692,30031922
o,36,27693,30040432
o,36,27694,30053038
o,36,27695,30061750
o,36,27696,30073020
o,36,27697,30083264
o,36,27698,30095560
o,36,27699,30103254
o,36,27700,30112982
o,36,27701,30125792
o,36,27702,30131594
o,36,27703,30143668
o,36,27704,30155968
EC,7741,38305,   0,46046
ER,46004,  34,   8
o,36,27705,30166724
o,36,27706,30175950
n,27707,30185684,30185700
,36,27707,30185852
o,36,27708,30193914
o,36,27709,30208544
o,36,27710,30219010
o,36,27711,30224638
o,36,27712,30236438
o,36,27713,30249742
o,36,27714,30257950
o,36,27715,30265810
o,36,27716,30277294
o,36,27717,30286006
o,36,27718,30298304
o,36,27719,30306500
o,36,27720,30318792
o,36,27721,30331088
o,36,27722,30340822
o,36,27723,30350046
o,36,27724,30359956
o,36,27725,30368444
o,36,27726,30380226
n,27727,30388936,30388952
,36,27727,30389106
o,36,27728,30403802
o,36,27729,30411990
o,36,27730,30421724
o,36,27731,30431782
o,36,27732,30442734
o,36,27733,30451954
o,36,27734,30462712
o,36,27735,30473470
o,36,27736,30480120
o,36,27737,30490878
o,36,27738,30502676
o,36,27739,30514972
o,36,27740,30525730
o,36,27741,30533918
o,36,27742,30545712
o,36,27743,30557786
o,36,27744,30567748
o,36,27745,30574402
o,36,27746,30584138
n,27747,30594386,30594402
,36,27747,30594556
o,36,27748,30606714
o,36,27749,30616240
o,36,27750,30626486
o,36,27751,30635202
o,36,27752,30646470
o,36,27753,30657740
o,36,27754,30665938
o,36,27755,30677210
o,36,27756,30686942
o,36,27757,30698724
o,36,27758,30710508
o,36,27759,30717346
o,36,27760,30729902
o,36,27761,30739126
o,36,27762,30748346
o,36,27763,30761158
o,36,27764,30769864
o,36,27765,30781132
o,36,27766,30788818
n,27767,30799752,30799768
,36,27767,30799922
o,36,27768,30810022
o,36,27769,30820700
EC,7756,39290,   0,47047
ER,47004,  34,   8
o,36,27770,30833332
o,36,27771,30842046
o,36,27772,30852294
o,36,27773,30859966
o,36,27774,30872272
o,36,27775,30879956
o,36,27776,30892764
o,36,27777,30904036
o,36,27778,30910700
o,36,27779,30922482
o,36,27780,30933238
o,36,27781,30942636
o,36,27782,30953634
o,36,27783,30963188
o,36,27784,30974140
o,36,27785,30986946
o,36,27786,30993094
n,27787,31003842,31003858
,36,27787,31004012
o,36,27788,31016662
o,36,27789,31024860
o,36,27790,31036644
o,36,27791,31045866
o,36,27792,31055590
o,36,27793,31065338
o,36,27794,31077630
o,36,27795,31086852
o,36,27796,31096076
o,36,27797,31107348
o,36,27798,31115720
o,36,27799,31127390
o,36,27800,31136708
o,36,27801,31148726
o,36,27802,31157438
o,36,27803,31169224
o,36,27804,31177596
o,36,27805,31188650
o,36,27806,31197362
n,27807,31210168,31210184
,36,27807,31210338
o,36,27808,31218370
o,36,27809,31231174
o,36,27810,31241424
o,36,27811,31250646
o,36,27812,31263974
o,36,27813,31273186
o,36,27814,31280872
o,36,27815,31292958
o,36,27816,31301882
o,36,27817,31309556
o,36,27818,31321862
o,36,27819,31334668
o,36,27820,31342354
o,36,27821,31354648
o,36,27822,31363870
o,36,27823,31375654
o,36,27824,31383516
o,36,27825,31394476
o,36,27826,31406770
n,27827,31415480,31415496
,36,27827,31415650
o,36,27828,31425738
o,36,27829,31434468
o,36,27830,31445216
o,36,27831,31454950
o,36,27832,31463334
EC,7772,40275,   0,48047
ER,48004,  35,   8
o,36,27833,31477934
o,36,27834,31487158
o,36,27835,31497922
o,36,27836,31504244
o,36,27837,31516330
o,36,27838,31527078
o,36,27839,31536586
o,36,27840,31547070
o,36,27841,31556280
o,36,27842,31568080
o,36,27843,31576774
o,36,27844,31588054
o,36,27845,31598476
o,36,27846,31607974
n,27847,31621304,31621318
,36,27847,31621472
o,36,27848,31630500
o,36,27849,31640238
o,36,27850,31649972
o,36,27851,31659704
o,36,27852,31669950
o,36,27853,31682758
o,36,27854,31689930
o,36,27855,31701206
o,36,27856,31711436
o,36,27857,31720668
o,36,27858,31732964
o,36,27859,31740312
o,36,27860,31751514
o,36,27861,31762596
o,36,27862,31771824
o,36,27863,31783102
o,36,27864,31793862
o,36,27865,31802574
o,36,27866,31814856
n,27867,31825438,31825454
,36,27867,31825608
o,36,27868,31833768
o,36,27869,31844000
o,36,27870,31853234
o,36,27871,31863654
o,36,27872,31873672
o,36,27873,31886016
o,36,27874,31897798
o,36,27875,31906512
o,36,27876,31916536
o,36,27877,31929002
o,36,27878,31938736
o,36,27879,31948472
o,36,27880,31958722
o,36,27881,31966918
o,36,27882,31977338
o,36,27883,31987882
o,36,27884,31996256
o,36,27885,32007008
o,36,27886,32018278
n,27887,32028348,32028364
,36,27887,32028518
o,36,27888,32038592
o,36,27889,32049358
o,36,27890,32062974
o,36,27891,32072882
o,36,27892,32081582
o,36,27893,32088932
o,36,27894,32103098
o,36,27895,32114372
o,36,27896,32123594
o,36,27897,32131278
EC,7787,41260,   0,49048
ER,49003,  36,   8
o,36,27898,32142036
o,36,27899,32152796
o,36,27900,32164064
o,36,27901,32175860
o,36,27902,32182516
o,36,27903,32192760
o,36,27904,32203520
o,36,27905,32214276
o,36,27906,32223488
pidiendo temperatura
t,1912,32233110,32233126
n,27907,32233288,32233304
,36,27907,32233456
|t10,32233106,32237164
o,36,27908,32242088
o,36,27909,32254636
o,36,27910,32266926
o,36,27911,32275302
o,36,27912,32286906
o,36,27913,32293554
o,36,27914,32306376
o,36,27915,32316100
o,36,27916,32327382
o,36,27917,32333694
o,36,27918,32345264
o,36,27919,32358588
o,36,27920,32368318
o,36,27921,32377528
o,36,27922,32387272
o,36,27923,32400600
o,36,27924,32411864
o,36,27925,32418010
o,36,27926,32429792
n,27927,32440042,32440058
,36,27927,32440212
o,36,27928,32447426
o,36,27929,32458408
o,36,27930,32470254
o,36,27931,32477866
o,36,27932,32490180
o,36,27933,32500418
o,36,27934,32509304
o,36,27935,32524304
o,36,27936,32528212
o,36,27937,32543932
o,36,27938,32550586
o,36,27939,32564424
o,36,27940,32573132
o,36,27941,32581842
o,36,27942,32593624
o,36,27943,32600462
o,36,27944,32615612
o,36,27945,32622954
o,36,27946,32635068
n,27947,32644294,32644308
,36,27947,32644462
o,36,27948,32651126
o,36,27949,32666280
o,36,27950,32672942
o,36,27951,32686260
o,36,27952,32694970
o,36,27953,32705734
o,36,27954,32717004
o,36,27955,32726226
o,36,27956,32736982
o,36,27957,32746204
o,36,27958,32754916
o,36,27959,32766176
o,36,27960,32776752
o,36,27961,32787194
EC,7803,42245,   0,50049
ER,50003,  37,   8
o,36,27962,32796418
o,36,27963,32809736
o,36,27964,32817930
o,36,27965,32828690
o,36,27966,32836382
n,27967,32847644,32847660
,36,27967,32847814
o,36,27968,32859810
o,36,27969,32868010
o,36,27970,32878766
o,36,27971,32892894
o,36,27972,32898738
o,36,27973,32911554
o,36,27974,32922312
o,36,27975,32930500
o,36,27976,32943832
o,36,27977,32951004
o,36,27978,32961550
o,36,27979,32973490
o,36,27980,32983734
o,36,27981,32994502
o,36,27982,33001668
o,36,27983,33013958
o,36,27984,33025550
o,36,27985,33032072
o,36,27986,33043112
n,27987,33055406,33055422
,36,27987,33055574
o,36,27988,33064114
o,36,27989,33074360
o,36,27990,33083058
o,36,27991,33094002
o,36,27992,33103530
o,36,27993,33115312
o,36,27994,33128128
o,36,27995,33133420
o,36,27996,33145172
o,36,27997,33158672
o,36,27998,33166004
o,36,27999,33176762
o,36,28000,33185984
o,36,28001,33195706
o,36,28002,33207500
o,36,28003,33215874
o,36,28004,33227940
o,36,28005,33238190
o,36,28006,33248436
n,28007,33256112,33256128
,36,28007,33256282
o,36,28008,33270764
o,36,28009,33278804
o,36,28010,33287338
o,36,28011,33300144
o,36,28012,33312956
o,36,28013,33320126
o,36,28014,33333958
o,36,28015,33342152
o,36,28016,33349328
o,36,28017,33361622
o,36,28018,33370848
o,36,28019,33383144
o,36,28020,33392028
o,36,28021,33404078
o,36,28022,33411234
o,36,28023,33425414
o,36,28024,33431404
o,36,28025,33442470
EC,7818,43231,   0,51049
ER,51003,  37,   8
o,36,28026,33450658
n,28027,33463990,33464006
,36,28027,33464158
o,36,28028,33471642
o,36,28029,33484972
o,36,28030,33494702
o,36,28031,33503416
o,36,28032,33511778
o,36,28033,33526438
o,36,28034,33535320
o,36,28035,33545390
o,36,28036,33556666
o,36,28037,33566398
o,36,28038,33573748
o,36,28039,33585318
o,36,28040,33596588
o,36,28041,33604964
o,36,28042,33618616
o,36,28043,33626304
o,36,28044,33636728
o,36,28045,33646758
o,36,28046,33660082
n,28047,33669810,33669824
,36,28047,33669978
o,36,28048,33676350
o,36,28049,33690706
o,36,28050,33696930
o,36,28051,33709234
o,36,28052,33721020
o,36,28053,33731784
o,36,28054,33739972
o,36,28055,33751242
o,36,28056,33761490
o,36,28057,33769690
o,36,28058,33779936
o,36,28059,33793770
o,36,28060,33800942
o,36,28061,33811186
o,36,28062,33819884
o,36,28063,33833730
o,36,28064,33842440
o,36,28065,33853710
o,36,28066,33861384
n,28067,33872654,33872670
,36,28067,33872824
o,36,28068,33882310
o,36,28069,33894088
o,36,28070,33902290
o,36,28071,33912538
o,36,28072,33924832
o,36,28073,33936102
o,36,28074,33943788
o,36,28075,33956356
o,36,28076,33965820
o,36,28077,33972646
o,36,28078,33987756
o,36,28079,33998002
o,36,28080,34007218
o,36,28081,34015928
o,36,28082,34025324
o,36,28083,34033996
o,36,28084,34046112
o,36,28085,34056368
o,36,28086,34069176
n,28087,34079946,34079962
,36,28087,34080114
o,36,28088,34088176
o,36,28089,34095854
EC,7834,44215,   0,52050
ER,52002,  38,   8
o,36,28090,34107310
o,36,28091,34117282
o,36,28092,34128040
o,36,28093,34143924
o,36,28094,34149332
o,36,28095,34159978
o,36,28096,34170022
o,36,28097,34180780
o,36,28098,34188230
o,36,28099,34198192
o,36,28100,34209460
o,36,28101,34225164
o,36,28102,34232528
o,36,28103,34240200
o,36,28104,34250970
o,36,28105,34262414
o,36,28106,34272082
n,28107,34285230,34285246
,36,28107,34285400
o,36,28108,34293458
o,36,28109,34301660
o,36,28110,34313954
o,36,28111,34326764
o,36,28112,34331876
o,36,28113,34344356
o,36,28114,34356740
o,36,28115,34363564
o,36,28116,34375348
o,36,28117,34384056
o,36,28118,34396350
o,36,28119,34408136
o,36,28120,34414272
o,36,28121,34428120
o,36,28122,34435802
o,36,28123,34447582
o,36,28124,34456806
o,36,28125,34469110
o,36,28126,34477808
n,28127,34487804,34487820
,36,28127,34487974
o,36,28128,34498206
o,36,28129,34506392
o,36,28130,34520242
o,36,28131,34531510
o,36,28132,34540734
o,36,28133,34550462
o,36,28134,34560194
o,36,28135,34568394
o,36,28136,34579666
o,36,28137,34588038
o,36,28138,34601646
o,36,28139,34610868
o,36,28140,34623678
o,36,28141,34630850
o,36,28142,34643660
o,36,28143,34650492
o,36,28144,34663598
o,36,28145,34673320
o,36,28146,34682534
n,28147,34694844,34694860
,36,28147,34695014
o,36,28148,34701012
o,36,28149,34714340
o,36,28150,34723040
o,36,28151,34733984
o,36,28152,34747048
o,36,28153,34751648
EC,7849,45201,   0,53050
ER,53002,  39,   8
o,36,28154,34765494
o,36,28155,34776260
o,36,28156,34787528
o,36,28157,34797262
o,36,28158,34805968
o,36,28159,34814676
o,36,28160,34827492
o,36,28161,34834662
o,36,28162,34846442
o,36,28163,34853780
o,36,28164,34867360
o,36,28165,34876246
o,36,28166,34888882
n,28167,34898612,34898626
,36,28167,34898780
o,36,28168,34909914
o,36,28169,34919920
o,36,28170,34925970
o,36,28171,34936992
o,36,28172,34947750
o,36,28173,34964146
o,36,28174,34967212
o,36,28175,34978154
o,36,28176,34989216
o,36,28177,34999464
o,36,28178,35010730
o,36,28179,35022518
o,36,28180,35031740
o,36,28181,35040964
o,36,28182,35050172
o,36,28183,35061964
o,36,28184,35074544
o,36,28185,35079886
o,36,28186,35090656
n,28187,35103988,35104002
,36,28187,35104156
o,36,28188,35114990
o,36,28189,35124516
o,36,28190,35135470
o,36,28191,35145204
o,36,28192,35156792
o,36,28193,35165508
o,36,28194,35174208
o,36,28195,35183944
o,36,28196,35196248
o,36,28197,35202564
o,36,28198,35215184
o,36,28199,35225764
o,36,28200,35236526
o,36,28201,35245748
o,36,28202,35258044
o,36,28203,35266012
o,36,28204,35274436
o,36,28205,35287746
o,36,28206,35297156
n,28207,35305812,35305828
,36,28207,35305982
o,36,28208,35319966
o,36,28209,35326114
o,36,28210,35339948
o,36,28211,35350516
o,36,28212,35356850
o,36,28213,35371202
o,36,28214,35384298
o,36,28215,35388618
o,36,28216,35401430
o,36,28217,35408080
EC,7863,46187,   0,54051
ER,54002,  40,   8
o,36,28218,35423462
o,36,28219,35430634
o,36,28220,35439854
o,36,28221,35451638
o,36,28222,35463934
o,36,28223,35471892
o,36,28224,35481360
o,36,28225,35491084
o,36,28226,35502870
n,28227,35511068,35511084
,36,28227,35511238
o,36,28228,35524256
o,36,28229,35538086
o,36,28230,35540812
o,36,28231,35554992
o,36,28232,35564736
o,36,28233,35575488
o,36,28234,35583682
o,36,28235,35597516
o,36,28236,35604688
o,36,28237,35614710
o,36,28238,35623306
o,36,28239,35636680
o,36,28240,35644584
o,36,28241,35655330
o,36,28242,35667134
o,36,28243,35676846
o,36,28244,35686080
o,36,28245,35697354
o,36,28246,35706752
n,28247,35718320,35718336
,36,28247,35718490
o,36,28248,35728364
o,36,28249,35738334
o,36,28250,35749098
o,36,28251,35756776
o,36,28252,35770352
o,36,28253,35778808
o,36,28254,35788020
o,36,28255,35800840
o,36,28256,35812110
o,36,28257,35823084
o,36,28258,35831076
o,36,28259,35841830
o,36,28260,35852588
o,36,28261,35861814
o,36,28262,35871538
o,36,28263,35881452
o,36,28264,35892554
o,36,28265,35903822
o,36,28266,35914068
n,28267,35922922,35922936
,36,28267,35923090
o,36,28268,35930814
o,36,28269,35941708
o,36,28270,35952464
o,36,28271,35965612
o,36,28272,35976372
o,36,28273,35984572
o,36,28274,35995840
o,36,28275,36005066
o,36,28276,36014580
o,36,28277,36024524
o,36,28278,36037632
o,36,28279,36046562
o,36,28280,36053908
EC,7878,47173,   0,55051
ER,55002,  40,   8
o,36,28281,36065950
o,36,28282,36075672
o,36,28283,36086762
o,36,28284,36095330
o,36,28285,36105362
o,36,28286,36114758
n,28287,36127400,36127416
,36,28287,36127568
o,36,28288,36137862
o,36,28289,36149740
o,36,28290,36158962
pidiendo temperatura
t,1913,36165690,36165706
o,36,28291,36166318
|t10,36165686,36175898
o,36,28292,36180082
o,36,28293,36189816
o,36,28294,36201678
o,36,28295,36210390
o,36,28296,36222172
o,36,28297,36232678
o,36,28298,36240104
o,36,28299,36251380
o,36,28300,36263912
o,36,28301,36274156
o,36,28302,36281086
o,36,28303,36291856
o,36,28304,36301572
o,36,28305,36313066
o,36,28306,36322800
n,28307,36334582,36334598
,36,28307,36334752
o,36,28308,36345348
o,36,28309,36353338
o,36,28310,36364094
o,36,28311,36371438
o,36,28312,36382028
o,36,28313,36395682
o,36,28314,36404904
o,36,28315,36417514
o,36,28316,36423858
o,36,28317,36433072
o,36,28318,36443842
o,36,28319,36457164
o,36,28320,36466154
o,36,28321,36473546
o,36,28322,36486370
o,36,28323,36497376
o,36,28324,36504812
o,36,28325,36516080
o,36,28326,36530144
n,28327,36538018,36538034
,36,28327,36538188
o,36,28328,36550632
o,36,28329,36557988
o,36,28330,36568548
o,36,28331,36579508
o,36,28332,36587362
o,36,28333,36600992
o,36,28334,36607138
o,36,28335,36619948
o,36,28336,36629692
o,36,28337,36639406
o,36,28338,36649148
o,36,28339,36660712
o,36,28340,36670676
o,36,28341,36681940
o,36,28342,36690308
o,36,28343,36700318
o,36,28344,36711600
EC,7894,48158,   0,56052
ER,56002,  41,   8
o,36,28345,36721406
o,36,28346,36733112
n,28347,36742850,36742866
,36,28347,36743020
o,36,28348,36753318
o,36,28349,36764834
o,36,28350,36770458
o,36,28351,36784108
o,36,28352,36793528
o,36,28353,36806114
o,36,28354,36816366
o,36,28355,36824776
o,36,28356,36837352
o,36,28357,36845782
o,36,28358,36854478
o,36,28359,36863188
o,36,28360,36874982
o,36,28361,36884202
o,36,28362,36897020
o,36,28363,36908290
o,36,28364,36915968
o,36,28365,36925182
o,36,28366,36936982
n,28367,36948246,36948262
,36,28367,36948416
o,36,28368,36956838
o,36,28369,36969952
o,36,28370,36976280
o,36,28371,36987224
o,36,28372,37000162
o,36,28373,37008362
o,36,28374,37020658
o,36,28375,37030392
o,36,28376,37042174
o,36,28377,37048518
o,36,28378,37062154
o,36,28379,37072912
o,36,28380,37083098
o,36,28381,37091568
o,36,28382,37102558
o,36,28383,37112572
o,36,28384,37121780
o,36,28385,37131532
o,36,28386,37142498
n,28387,37150992,37151008
,36,28387,37151162
o,36,28388,37165028
o,36,28389,37171492
o,36,28390,37183786
o,36,28391,37194036
o,36,28392,37205470
o,36,28393,37213174
o,36,28394,37221704
o,36,28395,37235170
o,36,28396,37242200
o,36,28397,37253804
o,36,28398,37265374
o,36,28399,37275300
o,36,28400,37285340
o,36,28401,37295790
o,36,28402,37308894
o,36,28403,37315776
o,36,28404,37331430
o,36,28405,37338604
o,36,28406,37346690
n,28407,37358556,37358572
,36,28407,37358726
o,36,28408,37368634
EC,7909,49142,   0,57052
ER,57001,  42,   8
o,36,28409,37378232
o,36,28410,37389790
o,36,28411,37400038
o,36,28412,37408966
o,36,28413,37418460
o,36,28414,37433048
o,36,28415,37439964
o,36,28416,37449960
o,36,28417,37459420
o,36,28418,37471202
o,36,28419,37479678
o,36,28420,37488894
o,36,28421,37499140
o,36,28422,37509896
o,36,28423,37519632
o,36,28424,37530390
o,36,28425,37543202
o,36,28426,37552422
n,28427,37561818,37561834
,36,28427,37561988
o,36,28428,37571528
o,36,28429,37583324
o,36,28430,37593764
o,36,28431,37603802
o,36,28432,37611166
o,36,28433,37623794
o,36,28434,37634752
o,36,28435,37643238
o,36,28436,37652108
o,36,28437,37663564
o,36,28438,37675486
o,36,28439,37686244
o,36,28440,37692248
o,36,28441,37706382
o,36,28442,37716146
o,36,28443,37723802
o,36,28444,37736622
o,36,28445,37743782
o,36,28446,37757432
n,28447,37766852,37766868
,36,28447,37767022
o,36,28448,37776856
o,36,28449,37787804
o,36,28450,37795486
o,36,28451,37808808
o,36,28452,37819054
o,36,28453,37828794
o,36,28454,37836988
o,36,28455,37846896
o,36,28456,37857608
o,36,28457,37867336
o,36,28458,37882336
o,36,28459,37890536
o,36,28460,37897902
o,36,28461,37911516
o,36,28462,37919420
o,36,28463,37930976
o,36,28464,37941446
o,36,28465,37951360
o,36,28466,37961174
n,28467,37973982,37973998
,36,28467,37974152
o,36,28468,37980648
o,36,28469,37992590
o,36,28470,38004730
o,36,28471,38013608
o,36,28472,38023642
EC,7924,50128,   0,58052
ER,58001,  43,   8
o,36,28473,38035938
o,36,28474,38043624
o,36,28475,38054088
o,36,28476,38067158
o,36,28477,38073028
o,36,28478,38083808
o,36,28479,38092684
o,36,28480,38105564
o,36,28481,38114124
o,36,28482,38123680
o,36,28483,38138524
o,36,28484,38146018
o,36,28485,38157472
o,36,28486,38169560
n,28487,38175916,38175932
,36,28487,38176086
o,36,28488,38187476
o,36,28489,38200284
o,36,28490,38207202
o,36,28491,38218136
o,36,28492,38225736
o,36,28493,38238370
o,36,28494,38247578
o,36,28495,38259162
o,36,28496,38266718
o,36,28497,38277258
o,36,28498,38289370
o,36,28499,38300644
o,36,28500,38311402
o,36,28501,38318944
o,36,28502,38328970
o,36,28503,38340060
o,36,28504,38351522
o,36,28505,38361776
o,36,28506,38371510
n,28507,38382046,38382062
,36,28507,38382216
o,36,28508,38389700
o,36,28509,38402716
o,36,28510,38413268
o,36,28511,38422868
o,36,28512,38432946
o,36,28513,38442166
o,36,28514,38455262
o,36,28515,38462834
o,36,28516,38475224
o,36,28517,38487008
o,36,28518,38495716
o,36,28519,38503584
o,36,28520,38516686
o,36,28521,38523062
o,36,28522,38533810
o,36,28523,38546114
o,36,28524,38557136
o,36,28525,38567128
o,36,28526,38576592
n,28527,38585230,38585246
,36,28527,38585400
o,36,28528,38596054
o,36,28529,38608864
o,36,28530,38616208
o,36,28531,38624584
o,36,28532,38636376
o,36,28533,38647958
o,36,28534,38655294
o,36,28535,38667606
o,36,28536,38680022
EC,7939,51114,   0,59053
ER,59001,  43,   8
o,36,28537,38688222
o,36,28538,38699180
o,36,28539,38706660
o,36,28540,38717250
o,36,28541,38731220
o,36,28542,38740638
o,36,28543,38748836
o,36,28544,38760400
o,36,28545,38771158
o,36,28546,38779054
n,28547,38790110,38790126
,36,28547,38790280
o,36,28548,38800870
o,36,28549,38813170
o,36,28550,38821090
o,36,28551,38834128
o,36,28552,38842086
o,36,28553,38850456
o,36,28554,38862662
o,36,28555,38872908
o,36,28556,38883660
o,36,28557,38892196
o,36,28558,38905806
o,36,28559,38914406
o,36,28560,38925774
o,36,28561,38933134
o,36,28562,38946780
o,36,28563,38954144
o,36,28564,38965736
o,36,28565,38974960
o,36,28566,38985718
n,28567,38996152,38996168
,36,28567,38996322
o,36,28568,39008400
o,36,28569,39016090
o,36,28570,39030432
o,36,28571,39036080
o,36,28572,39045294
o,36,28573,39056052
o,36,28574,39071192
o,36,28575,39077342
o,36,28576,39087588
o,36,28577,39098052
o,36,28578,39108824
o,36,28579,39119072
o,36,28580,39128298
o,36,28581,39140070
o,36,28582,39148770
o,36,28583,39159546
o,36,28584,39171326
o,36,28585,39181576
o,36,28586,39189962
n,28587,39198656,39198672
,36,28587,39198826
o,36,28588,39210950
o,36,28589,39219350
o,36,28590,39229258
