TT,07,28,21,12,23,31,081848
,4291,62766,   0,67058
ER,67035,  14,   8
EC,4355,63702,   0,68058
ER,68034,  15,   8
EC,4404,64654,   0,69058
ER,69034,  16,   8
EC,4462,65597,   0,70060
ER,70035,  16,   8
EC,4488,66571,   0,71060
ER,71000,  51,   8
[INFO: Main      ] Starting C[INFO: Main      ] Starting Contiki-NG-release/v4.6-70-g9ff7b4bdb-dirty
[INFO: Main      ] - Routing: RPL Lite
[INFO: Main      ] - Net: sicslowpan
[INFO: Main      ] - MAC: CSMA
[INFO: Main      ] - 802.15.4 PANID: 0xabcd
[INFO: Main      ] - 802.15.4 Default channel: 26
[INFO: Main      ] Node ID: 65491
[INFO: Main      ] Link-layer address: 0012.4b00.1204.ffd3
[INFO: Main      ] Tentative link-local IPv6 address: fe80::212:4b00:1204:ffd3
[INFO: CC26xx/CC13xx] TI CC2650 SensorTag
[INFO: CC26xx/CC13xx]  RF: Channel 26, PANID 0xABCD
EC,  30, 991,   0,1021
ER,1011,   1,   8
decrypt, 725894,725912
encrypt, 726228,726246
htfin:726394
#,#decrypt, 732550,732568
encrypt, 732710,732722
p,39865,732708,732710,732722,732870
EC,  63,1959,   0,2022
ER,2010,   3,   8
EC, 106,2915,   0,3022
ER,3010,   4,   8
EC, 163,3860,   0,4023
ER,4010,   4,   8
EC, 214,4809,   0,5024
ER,5011,   4,   8
EC, 257,5767,   0,6024
ER,6011,   4,   8
EC, 304,6721,   0,7025
ER,7012,   4,   8
EC, 359,7665,   0,8025
ER,8012,   4,   8
EC, 406,8619,   0,9025
ER,9012,   4,   8
EC, 450,9576,   0,10026
ER,10013,   4,   8
EC, 492,10534,   0,11027
ER,11013,   5,   8
EC, 539,11488,   0,12028
ER,12014,   5,   8
EC, 581,12446,   0,13028
ER,13015,   5,   8
EC, 628,13400,   0,14028
ER,14014,   5,   8
EC, 668,14361,   0,15029
ER,15015,   5,   8
EC, 713,15316,   0,16030
ER,16016,   5,   8
EC, 751,16279,   0,17030
ER,17016,   5,   8
EC, 794,17236,   0,18030
ER,18016,   6,   8
EC, 831,18199,   0,19031
ER,19016,   6,   8
EC, 871,19161,   0,20032
ER,20018,   6,   8
EC, 905,20126,   0,21032
ER,21018,   6,   8
EC, 947,21086,   0,22033
ER,22019,   6,   8
EC, 984,22049,   0,23034
ER,23019,   6,   8
EC,1026,23008,   0,24034
ER,24019,   6,   8
EC,1056,23978,   0,25034
ER,25019,   6,   8
EC,1096,24939,   0,26035
ER,26020,   6,   8
EC,1134,25902,   0,27036
ER,27021,   6,   8
EC,1173,26863,   0,28036
ER,28021,   6,   8
EC,1218,27818,   0,29037
ER,29022,   6,   8
EC,1254,28783,   0,30038
ER,30022,   6,   8
EC,1288,29749,   0,31038
ER,31023,   6,   8
decrypt, 20400180,20400198
llego jejeje
encrypt, 20400436,20400448
n,39873,20400434,20400436,20400448,20400618
encrypt, 20400882,20400900
S,25211,20400880,20400882,20400900,20401070
encrypt, 20698574,20698594
S,25211,20698574,20698574,20698594,20698764
EC,1329,30709,   0,32038
ER,32022,   7,   8
encrypt, 21293074,21293092
S,25211,21293072,21293074,21293092,21293264
EC,1365,31674,   0,33039
ER,33023,   7,   8
EC,1398,32641,   0,34039
ER,34022,   8,   8
encrypt, 22481420,22481438
S,25211,22481418,22481420,22481438,22481610
EC,1436,33603,   0,35040
ER,35023,   8,   8
EC,1468,34572,   0,36041
ER,36024,   8,   8
EC,1500,35541,   0,37041
ER,37024,   8,   8
encrypt, 24857854,24857874
S,25211,24857854,24857854,24857872,24858044
EC,1536,36506,   0,38042
ER,38025,   8,   8
EC,1567,37474,   0,39042
ER,39024,   8,   8
EC,1595,38447,   0,40043
ER,40026,   8,   8
EC,1629,39413,   0,41043
ER,41026,   8,   8
EC,1661,40382,   0,42044
ER,42026,   8,   8
EC,1689,41356,   0,43045
ER,43027,   9,   8
EC,1723,42321,   0,44045
ER,44027,   9,   8
EC,1750,43296,   0,45046
ER,45028,   9,   8
EC,1775,44271,   0,46046
ER,46028,   9,   8
EC,1798,45248,   0,47046
ER,47028,   9,   8
EC,1825,46222,   0,48048
ER,48029,   9,   8
EC,1850,47197,   0,49048
ER,49030,   9,   8
EC,1875,48172,   0,50048
ER,50030,   9,   8
EC,1896,49152,   0,51049
ER,51031,   9,   8
EC,1923,50126,   0,52050
ER,52032,   9,   8
EC,1953,51097,   0,53050
ER,53032,   9,   8
EC,1983,52067,   0,54050
ER,54031,  10,   8
EC,2012,53039,   0,55051
ER,55032,  10,   8
EC,2043,54007,   0,56051
ER,56032,  10,   8
EC,2079,54972,   0,57052
ER,57033,  10,   8
EC,2109,55943,   0,58053
ER,58034,  10,   8
EC,2140,56912,   0,59053
ER,59034,  10,   8
