TT,07,28,21,15,17,03,156609
[INFO: Main      ] Starting Contiki-NG-release/v4.6-70-g9ff7b4bdb-dirty
[INFO: Main      ] - Routing: RPL Lite
[INFO: Main      ] - Net: sicslowpan
[INFO: Main      ] - MAC: CSMA
[INFO: Main      ] - 802.15.4 PANID: 0xabcd
[INFO: Main      ] - 802.15.4 Default channel: 26
[INFO: Main      ] Node ID: 56377
[INFO: Main      ] Link-layer address: 0012.4b00.1204.dc39
[INFO: Main      ] Tentative link-local IPv6 address: fe80::212:4b00:1204:dc39
[INFO: CC26xx/CC13xx] TI CC2650 SensorTag
[INFO: CC26xx/CC13xx]  RF: Channel 26, PANID 0xABCD
EC,  30, 990,   0,1021
ER,1011,   1,   8
decrypt, 939562,939574
encrypt, 939888,939900
htfin:940048
#,#decrypt, 946098,946108
encrypt, 946250,946260
t,41311,946248,0,0,946408
EC,  47,1975,   0,2022
ER,2010,   3,   8
EC,  97,2924,   0,3022
ER,3010,   4,   8
EC, 143,3879,   0,4023
ER,4010,   4,   8
EC, 185,4838,   0,5024
ER,5011,   4,   8
EC, 228,5795,   0,6024
ER,6011,   4,   8
EC, 277,6747,   0,7024
ER,7011,   4,   8
decrypt, 4887210,4887222
encrypt, 4887376,4887384
t,41314,4887374,0,0,4887542
EC, 320,7705,   0,8025
ER,8011,   5,   8
EC, 361,8664,   0,9026
ER,9012,   5,   8
EC, 409,9617,   0,10027
ER,10013,   5,   8
EC, 463,10564,   0,11027
ER,11013,   5,   8
EC, 539,11488,   0,12027
ER,12014,   5,   8
EC, 614,12413,   0,13028
ER,13014,   5,   8
decrypt, 8812552,8812564
encrypt, 8812718,8812726
t,41315,8812716,0,0,8812886
EC, 668,13360,   0,14028
ER,14014,   6,   8
EC, 729,14300,   0,15029
ER,15014,   6,   8
EC, 809,15221,   0,16030
ER,16015,   6,   8
EC, 868,16162,   0,17030
ER,17015,   6,   8
EC, 944,17086,   0,18031
ER,18016,   6,   8
EC, 993,18038,   0,19032
ER,19017,   6,   8
decrypt, 12750562,12750574
encrypt, 12750740,12750748
t,41316,12750738,0,0,12750918
EC,1055,18977,   0,20032
ER,20017,   7,   8
EC,1110,19922,   0,21032
ER,21017,   7,   8
EC,1161,20872,   0,22033
ER,22017,   7,   8
EC,1242,21791,   0,23034
ER,23018,   7,   8
EC,1300,22734,   0,24034
ER,24018,   7,   8
EC,1359,23675,   0,25035
ER,25019,   7,   8
decrypt, 16678650,16678662
encrypt, 16678826,16678836
t,41317,16678824,0,0,16679006
EC,1434,24600,   0,26035
ER,26019,   8,   8
EC,1494,25542,   0,27036
ER,27019,   8,   8
EC,1552,26483,   0,28036
ER,28019,   8,   8
EC,1614,27423,   0,29037
ER,29020,   8,   8
EC,1676,28361,   0,30037
ER,30020,   8,   8
EC,1740,29298,   0,31038
ER,31021,   8,   8
decrypt, 20610288,20610300
encrypt, 20610466,20610474
t,41319,20610464,0,0,20610644
EC,1809,30229,   0,32038
ER,32021,   8,   8
EC,1862,31176,   0,33039
ER,33021,   8,   8
EC,1920,32120,   0,34040
ER,34022,   9,   8
EC,1981,33058,   0,35040
ER,35022,   9,   8
EC,2033,34007,   0,36040
ER,36023,   9,   8
EC,2085,34956,   0,37041
ER,37024,   9,   8
decrypt, 24541464,24541476
encrypt, 24541642,24541650
t,41320,24541640,0,0,24541820
EC,2134,35908,   0,38042
ER,38024,   9,   8
EC,2184,36858,   0,39042
ER,39025,   9,   8
EC,2241,37802,   0,40043
ER,40025,   9,   8
EC,2289,38754,   0,41044
ER,41025,   9,   8
EC,2348,39696,   0,42044
ER,42026,   9,   8
EC,2396,40648,   0,43045
ER,43026,   9,   8
decrypt, 28476224,28476236
encrypt, 28476402,28476410
t,41321,28476400,0,0,28476580
EC,2452,41593,   0,44045
ER,44027,  10,   8
EC,2501,42544,   0,45046
ER,45027,  10,   8
EC,2551,43495,   0,46046
ER,46028,  10,   8
EC,2599,44447,   0,47047
ER,47028,  10,   8
EC,2658,45389,   0,48047
ER,48029,  10,   8
EC,2700,46347,   0,49047
ER,49029,  10,   8
decrypt, 32406294,32406306
encrypt, 32406470,32406478
t,41322,32406470,0,0,32406650
EC,2742,47306,   0,50049
ER,50029,  10,   8
EC,2792,48257,   0,51049
ER,51030,  10,   8
EC,2844,49206,   0,52050
ER,52030,  11,   8
EC,2899,50150,   0,53050
ER,53031,  11,   8
EC,2943,51107,   0,54051
ER,54031,  11,   8
EC,2997,52053,   0,55051
ER,55032,  11,   8
decrypt, 36343176,36343188
encrypt, 36343354,36343362
t,41323,36343352,0,0,36343532
EC,3047,53004,   0,56052
ER,56032,  11,   8
EC,3099,53953,   0,57052
ER,57033,  11,   8
EC,3138,54914,   0,58053
ER,58033,  11,   8
EC,3193,55860,   0,59053
ER,59033,  11,   8
