TT,07,28,21,14,07,41,995026
[INFO: Main      ] Starting Contiki-NG-release/v4.6-70-g9ff7b4bdb-dirty
[INFO: Main      ] - Routing: RPL Lite
[INFO: Main      ] - Net: sicslowpan
[INFO: Main      ] - MAC: CSMA
[INFO: Main      ] - 802.15.4 PANID: 0xabcd
[INFO: Main      ] - 802.15.4 Default channel: 26
[INFO: Main      ] Node ID: 56377
[INFO: Main      ] Link-layer address: 0012.4b00.1204.dc39
[INFO: Main      ] Tentative link-local IPv6 address: fe80::212:4b00:1204:dc39
[INFO: CC26xx/CC13xx] TI CC2650 SensorTag
[INFO: CC26xx/CC13xx]  RF: Channel 26, PANID 0xABCD
EC,  31, 990,   0,1021
ER,1011,   1,   8
decrypt, 946916,946928
encrypt, 947244,947256
htfin:947404
#,#decrypt, 953610,953622
encrypt, 953762,953774
t,48360,953760,0,0,953920
EC,  65,1957,   0,2022
ER,2010,   3,   8
EC, 139,2883,   0,3022
ER,3010,   4,   8
EC, 202,3820,   0,4023
ER,4010,   4,   8
EC, 247,4776,   0,5024
ER,5011,   4,   8
EC, 298,5726,   0,6024
ER,6011,   4,   8
EC, 359,6665,   0,7025
ER,7012,   4,   8
decrypt, 4899090,4899102
encrypt, 4899256,4899266
t,48363,4899254,0,0,4899424
EC, 410,7615,   0,8025
ER,8011,   5,   8
EC, 463,8562,   0,9026
ER,9012,   5,   8
EC, 514,9511,   0,10026
ER,10012,   5,   8
EC, 564,10462,   0,11027
ER,11013,   5,   8
EC, 613,11413,   0,12027
ER,12013,   6,   8
EC, 655,12372,   0,13028
ER,13013,   6,   8
decrypt, 8820814,8820826
encrypt, 8820980,8820988
t,48364,8820978,0,0,8821148
EC, 688,13340,   0,14028
ER,14014,   6,   8
EC, 726,14302,   0,15029
ER,15014,   6,   8
EC, 797,15232,   0,16029
ER,16014,   6,   8
EC, 872,16158,   0,17030
ER,17016,   6,   8
EC, 948,17083,   0,18031
ER,18016,   6,   8
EC,1026,18005,   0,19031
ER,19016,   6,   8
decrypt, 12751922,12751934
encrypt, 12752100,12752108
t,48365,12752098,0,0,12752280
EC,1077,18954,   0,20032
ER,20017,   6,   8
EC,1151,19881,   0,21032
ER,21017,   7,   8
EC,1233,20799,   0,22033
ER,22017,   7,   8
EC,1311,21722,   0,23034
ER,23018,   7,   8
EC,1363,22671,   0,24034
ER,24018,   7,   8
EC,1428,23606,   0,25035
ER,25019,   7,   8
decrypt, 16685960,16685972
encrypt, 16686138,16686146
t,48366,16686136,0,0,16686318
EC,1501,24533,   0,26035
ER,26019,   7,   8
EC,1568,25467,   0,27036
ER,27019,   7,   8
EC,1639,26397,   0,28036
ER,28020,   7,   8
EC,1694,27342,   0,29037
ER,29021,   7,   8
EC,1773,28264,   0,30037
ER,30021,   7,   8
EC,1837,29200,   0,31038
ER,31022,   8,   8
EC,1908,30130,   0,32038
ER,32022,   8,   8
EC,1970,31069,   0,33039
ER,33023,   8,   8
EC,2031,32009,   0,34040
ER,34023,   8,   8
EC,2092,32947,   0,35040
ER,35024,   8,   8
EC,2156,33885,   0,36041
ER,36024,   8,   8
EC,2214,34827,   0,37041
ER,37024,   8,   8
EC,2276,35765,   0,38042
ER,38025,   8,   8
EC,2333,36709,   0,39042
ER,39025,   8,   8
EC,2392,37651,   0,40043
ER,40026,   8,   8
EC,2457,38586,   0,41043
ER,41026,   8,   8
EC,2504,39539,   0,42044
ER,42027,   8,   8
EC,2568,40476,   0,43045
ER,43027,   8,   8
EC,2620,41425,   0,44045
ER,44028,   8,   8
EC,2667,42378,   0,45045
ER,45028,   8,   8
EC,2717,43329,   0,46046
ER,46028,   8,   8
EC,2762,44284,   0,47046
ER,47029,   8,   8
EC,2818,45228,   0,48047
ER,48030,   8,   8
EC,2873,46175,   0,49048
ER,49030,   9,   8
EC,2906,47142,   0,50049
ER,50031,   9,   8
EC,2955,48094,   0,51049
ER,51031,   9,   8
EC,3007,49042,   0,52049
ER,52032,   9,   8
EC,3063,49986,   0,53050
ER,53032,   9,   8
EC,3107,50944,   0,54051
ER,54033,   9,   8
EC,3161,51890,   0,55051
ER,55034,   9,   8
EC,3209,52842,   0,56052
ER,56034,   9,   8
EC,3256,53796,   0,57052
ER,57034,   9,   8
EC,3302,54750,   0,58053
ER,58034,  10,   8
EC,3349,55703,   0,59053
ER,59035,  10,   8
