TT,07,28,21,14,42,25,287537
[INFO: Main      ] Starting Contiki-NG-release/v4.6-70-g9ff7b4bdb-dirty
[INFO: Main      ] - Routing: RPL Lite
[INFO: Main      ] - Net: sicslowpan
[INFO: Main      ] - MAC: CSMA
[INFO: Main      ] - 802.15.4 PANID: 0xabcd
[INFO: Main      ] - 802.15.4 Default channel: 26
[INFO: Main      ] Node ID: 56377
[INFO: Main      ] Link-layer address: 0012.4b00.1204.dc39
[INFO: Main      ] Tentative link-local IPv6 address: fe80::212:4b00:1204:dc39
[INFO: CC26xx/CC13xx] TI CC2650 SensorTag
[INFO: CC26xx/CC13xx]  RF: Channel 26, PANID 0xABCD
EC,  30, 991,   0,1021
ER,1011,   1,   8
decrypt, 862568,862582
encrypt, 862898,862912
htfin:863060
#,#decrypt, 869226,869240
encrypt, 869380,869392
A,16127,869378,0,0,869540
EC,  44,1977,   0,2022
ER,2009,   4,   8
EC, 138,2884,   0,3023
ER,3010,   4,   8
EC, 215,3808,   0,4023
ER,4010,   4,   8
EC, 275,4747,   0,5023
ER,5010,   4,   8
EC, 346,5678,   0,6024
ER,6011,   5,   8
EC, 420,6604,   0,7025
ER,7011,   5,   8
decrypt, 4806816,4806832
encrypt, 4806986,4806996
t,16131,4806984,0,0,4807154
EC, 489,7536,   0,8025
ER,8011,   5,   8
EC, 571,8454,   0,9026
ER,9012,   5,   8
EC, 640,9385,   0,10026
ER,10012,   5,   8
EC, 694,10333,   0,11027
ER,11012,   6,   8
EC, 758,11269,   0,12027
ER,12013,   6,   8
EC, 839,12188,   0,13028
ER,13013,   6,   8
decrypt, 8738350,8738366
encrypt, 8738520,8738530
t,16132,8738518,0,0,8738688
EC, 903,13125,   0,14029
ER,14013,   6,   8
EC, 978,14051,   0,15029
ER,15014,   6,   8
EC,1033,14996,   0,16029
ER,16014,   6,   8
EC,1099,15931,   0,17030
ER,17014,   6,   8
EC,1155,16875,   0,18031
ER,18016,   6,   8
EC,1212,17819,   0,19031
ER,19016,   6,   8
decrypt, 12670822,12670838
encrypt, 12671004,12671014
t,16133,12671002,0,0,12671184
EC,1263,18769,   0,20032
ER,20016,   7,   8
EC,1306,19726,   0,21033
ER,21017,   7,   8
EC,1358,20674,   0,22033
ER,22016,   7,   8
EC,1411,21621,   0,23033
ER,23017,   7,   8
EC,1453,22581,   0,24034
ER,24018,   7,   8
EC,1498,23535,   0,25034
ER,25018,   7,   8
decrypt, 16602750,16602764
encrypt, 16602930,16602940
t,16134,16602928,0,0,16603110
EC,1547,24488,   0,26035
ER,26018,   8,   8
EC,1592,25443,   0,27036
ER,27019,   8,   8
EC,1644,26392,   0,28036
ER,28019,   8,   8
EC,1690,27347,   0,29037
ER,29020,   8,   8
EC,1740,28297,   0,30038
ER,30021,   8,   8
EC,1790,29247,   0,31037
ER,31021,   8,   8
decrypt, 20535426,20535440
encrypt, 20535606,20535616
t,16135,20535604,0,0,20535786
EC,1831,30207,   0,32038
ER,32021,   8,   8
EC,1887,31152,   0,33039
ER,33021,   9,   8
EC,1949,32090,   0,34040
ER,34022,   9,   8
EC,2027,33013,   0,35040
ER,35022,   9,   8
EC,2092,33948,   0,36041
ER,36023,   9,   8
EC,2166,34875,   0,37041
ER,37024,   9,   8
decrypt, 24467540,24467556
encrypt, 24467722,24467732
t,16137,24467720,0,0,24467902
EC,2248,35793,   0,38041
ER,38023,   9,   8
EC,2300,36742,   0,39042
ER,39024,   9,   8
EC,2356,37686,   0,40043
ER,40025,   9,   8
EC,2430,38612,   0,41043
ER,41025,   9,   8
EC,2488,39556,   0,42044
ER,42026,   9,   8
EC,2567,40476,   0,43044
ER,43026,   9,   8
decrypt, 28401868,28401884
encrypt, 28402048,28402058
t,16138,28402048,0,0,28402228
EC,2631,41414,   0,44045
ER,44026,  10,   8
EC,2700,42345,   0,45046
ER,45027,  10,   8
EC,2775,43270,   0,46046
ER,46027,  10,   8
EC,2846,44200,   0,47046
ER,47027,  10,   8
EC,2903,45144,   0,48047
ER,48028,  10,   8
EC,2964,46083,   0,49048
ER,49029,  10,   8
decrypt, 32335018,32335032
encrypt, 32335198,32335208
t,16139,32335196,0,0,32335378
EC,3031,47017,   0,50049
ER,50029,  10,   8
EC,3098,47950,   0,51049
ER,51030,  10,   8
EC,3152,48896,   0,52049
ER,52030,  11,   8
EC,3227,49823,   0,53050
ER,53030,  11,   8
EC,3284,50766,   0,54051
ER,54031,  11,   8
EC,3353,51698,   0,55051
ER,55031,  11,   8
decrypt, 36268970,36268984
encrypt, 36269150,36269160
t,16140,36269148,0,0,36269330
EC,3411,52641,   0,56052
ER,56031,  12,   8
EC,3473,53579,   0,57052
ER,57032,  12,   8
EC,3525,54527,   0,58053
ER,58032,  12,   8
EC,3585,55468,   0,59053
ER,59033,  12,   8
