TT,07,28,21,13,33,00,758967
[INFO: Main      ] Starting Contiki-NG-release/v4.6-70-g9ff7b4bdb-dirty
[INFO: Main      ] - Routing: RPL Lite
[INFO: Main      ] - Net: sicslowpan
[INFO: Main      ] - MAC: CSMA
[INFO: Main      ] - 802.15.4 PANID: 0xabcd
[INFO: Main      ] - 802.15.4 Default channel: 26
[INFO: Main      ] Node ID: 56377
[INFO: Main      ] Link-layer address: 0012.4b00.1204.dc39
[INFO: Main      ] Tentative link-local IPv6 address: fe80::212:4b00:1204:dc39
[INFO: CC26xx/CC13xx] TI CC2650 SensorTag
[INFO: CC26xx/CC13xx]  RF: Channel 26, PANID 0xABCD
EC,  30, 990,   0,1021
ER,1012,   1,   8
decrypt, 1241880,1241886
encrypt, 1242214,1242220
htfin:1242380
#,#decrypt, 1251610,1251616
encrypt, 1251768,1251774
t,61177,1251766,0,0,1251934
EC,  75,1946,   0,2022
ER,2009,   4,   8
EC, 122,2901,   0,3023
ER,3009,   4,   8
EC, 176,3847,   0,4023
ER,4010,   4,   8
EC, 217,4806,   0,5024
ER,5010,   5,   8
EC, 266,5757,   0,6024
ER,6010,   5,   8
EC, 323,6701,   0,7025
ER,7011,   5,   8
decrypt, 5187864,5187872
encrypt, 5188026,5188032
t,61178,5188024,0,0,5188190
EC, 361,7663,   0,8025
ER,8010,   6,   8
EC, 414,8612,   0,9026
ER,9011,   6,   8
EC, 465,9561,   0,10026
ER,10012,   6,   8
EC, 504,10522,   0,11026
ER,11012,   6,   8
EC, 554,11473,   0,12028
ER,12013,   6,   8
EC, 603,12425,   0,13028
ER,13013,   6,   8
decrypt, 9123178,9123186
encrypt, 9123340,9123346
t,61179,9123338,0,0,9123504
EC, 658,13370,   0,14029
ER,14014,   6,   8
EC, 701,14328,   0,15029
ER,15014,   6,   8
EC, 755,15275,   0,16030
ER,16014,   7,   8
EC, 791,16238,   0,17030
ER,17014,   7,   8
EC, 841,17190,   0,18031
ER,18015,   7,   8
EC, 883,18148,   0,19032
ER,19016,   7,   8
decrypt, 13053354,13053362
encrypt, 13053528,13053534
t,61180,13053526,0,0,13053704
EC, 927,19105,   0,20032
ER,20016,   7,   8
EC, 971,20062,   0,21033
ER,21016,   8,   8
EC,1010,21022,   0,22033
ER,22017,   8,   8
EC,1054,21979,   0,23033
ER,23017,   8,   8
EC,1107,22926,   0,24034
ER,24018,   8,   8
EC,1148,23886,   0,25034
ER,25017,   8,   8
decrypt, 16986040,16986048
encrypt, 16986214,16986220
t,61181,16986212,0,0,16986390
EC,1194,24840,   0,26035
ER,26018,   8,   8
EC,1232,25803,   0,27036
ER,27019,   8,   8
EC,1278,26758,   0,28036
ER,28019,   8,   8
EC,1317,27719,   0,29037
ER,29020,   8,   8
EC,1356,28682,   0,30038
ER,30021,   8,   8
EC,1395,29642,   0,31038
ER,31021,   8,   8
decrypt, 20916802,20916810
encrypt, 20916974,20916980
À,61183,20916974,0,0,20917152
EC,1432,30606,   0,32039
ER,32021,   9,   8
EC,1470,31568,   0,33039
ER,33021,   9,   8
EC,1510,32528,   0,34039
ER,34022,   9,   8
EC,1538,33502,   0,35040
ER,35023,   9,   8
EC,1573,34468,   0,36041
ER,36024,   9,   8
EC,1604,35436,   0,37041
ER,37023,   9,   8
decrypt, 24851426,24851434
encrypt, 24851600,24851606
t,61184,24851598,0,0,24851776
EC,1639,36402,   0,38041
ER,38023,   9,   8
EC,1671,37370,   0,39042
ER,39024,   9,   8
EC,1703,38340,   0,40043
ER,40025,   9,   8
EC,1733,39309,   0,41043
ER,41025,   9,   8
EC,1757,40286,   0,42044
ER,42026,   9,   8
EC,1780,41263,   0,43044
ER,43026,   9,   8
decrypt, 28782124,28782132
encrypt, 28782296,28782302
t,61185,28782296,0,0,28782474
EC,1809,42235,   0,44045
ER,44026,  10,   8
EC,1838,43207,   0,45045
ER,45027,  10,   8
EC,1875,44171,   0,46046
ER,46028,  10,   8
EC,1899,45147,   0,47047
ER,47028,  10,   8
EC,1930,46117,   0,48047
ER,48028,  10,   8
EC,1963,47083,   0,49047
ER,49028,  10,   8
decrypt, 32714324,32714332
encrypt, 32714496,32714502
t,61186,32714496,0,0,32714674
EC,2020,48028,   0,50048
ER,50029,  11,   8
EC,2106,48943,   0,51049
ER,51030,  11,   8
EC,2201,49848,   0,52050
ER,52030,  11,   8
EC,2308,50742,   0,53050
ER,53031,  11,   8
EC,2375,51675,   0,54051
ER,54031,  11,   8
EC,2437,52614,   0,55051
ER,55032,  11,   8
decrypt, 36646014,36646022
encrypt, 36646188,36646194
t,61187,36646186,0,0,36646364
EC,2503,53548,   0,56051
ER,56032,  11,   8
EC,2568,54484,   0,57052
ER,57033,  11,   8
EC,2637,55416,   0,58053
ER,58033,  11,   8
EC,2700,56352,   0,59053
ER,59033,  11,   8
