TT,07,28,21,12,23,31,195032
[INFO: Main      ] Starting Contiki-NG-release/v4.6-70-g9ff7b4bdb-dirty
[INFO: Main      ] - Routing: RPL Lite
[INFO: Main      ] - Net: sicslowpan
[INFO: Main      ] - MAC: CSMA
[INFO: Main      ] - 802.15.4 PANID: 0xabcd
[INFO: Main      ] - 802.15.4 Default channel: 26
[INFO: Main      ] Node ID: 56377
[INFO: Main      ] Link-layer address: 0012.4b00.1204.dc39
[INFO: Main      ] Tentative link-local IPv6 address: fe80::212:4b00:1204:dc39
[INFO: CC26xx/CC13xx] TI CC2650 SensorTag
[INFO: CC26xx/CC13xx]  RF: Channel 26, PANID 0xABCD
EC,  30, 990,   0,1021
ER,1012,   1,   8
decrypt, 1008214,1008232
encrypt, 1008560,1008578
htfin:1008738
#,#decrypt, 1016916,1016934
encrypt, 1017086,1017104
t,39866,1017086,1017086,1017104,1017264
EC,  57,1965,   0,2022
ER,2009,   4,   8
EC, 118,2904,   0,3023
ER,3010,   4,   8
EC, 186,3837,   0,4023
ER,4010,   4,   8
EC, 237,4787,   0,5024
ER,5010,   4,   8
EC, 292,5732,   0,6024
ER,6011,   4,   8
EC, 344,6681,   0,7025
ER,7011,   5,   8
decrypt, 4952704,4952722
encrypt, 4952876,4952890
t,39869,4952874,4952876,4952890,4953048
EC, 397,7628,   0,8025
ER,8011,   5,   8
EC, 442,8584,   0,9026
ER,9012,   5,   8
EC, 489,9537,   0,10026
ER,10012,   5,   8
EC, 534,10492,   0,11027
ER,11013,   5,   8
EC, 575,11452,   0,12027
ER,12013,   5,   8
EC, 605,12423,   0,13028
ER,13014,   6,   8
decrypt, 8884870,8884888
encrypt, 8885042,8885056
t,39870,8885040,8885042,8885056,8885214
EC, 660,13368,   0,14028
ER,14013,   6,   8
EC, 717,14312,   0,15029
ER,15013,   7,   8
EC, 801,15228,   0,16030
ER,16014,   7,   8
EC, 875,16155,   0,17030
ER,17014,   7,   8
EC, 956,17075,   0,18031
ER,18015,   7,   8
EC,1022,18009,   0,19031
ER,19015,   7,   8
decrypt, 12821644,12821664
encrypt, 12821830,12821842
t,39871,12821828,12821830,12821842,12822012
EC,1085,18947,   0,20032
ER,20015,   7,   8
EC,1150,19881,   0,21032
ER,21016,   7,   8
EC,1211,20822,   0,22033
ER,22017,   7,   8
EC,1278,21755,   0,23033
ER,23017,   7,   8
EC,1346,22687,   0,24034
ER,24018,   7,   8
EC,1408,23626,   0,25034
ER,25018,   7,   8
decrypt, 16749812,16749830
encrypt, 16749996,16750010
t,39872,16749994,16749996,16750010,16750180
EC,1481,24554,   0,26035
ER,26019,   8,   8
EC,1551,25484,   0,27035
ER,27019,   8,   8
EC,1605,26430,   0,28036
ER,28019,   8,   8
EC,1675,27362,   0,29037
ER,29020,   8,   8
EC,1740,28297,   0,30037
ER,30020,   8,   8
EC,1809,29228,   0,31038
ER,31021,   8,   8
decrypt, 20684060,20684078
encrypt, 20684244,20684258
t,39874,20684242,20684244,20684258,20684428
EC,1879,30159,   0,32039
ER,32021,   9,   8
EC,1934,31104,   0,33039
ER,33021,   9,   8
EC,1981,32058,   0,34039
ER,34022,   9,   8
EC,2043,32997,   0,35040
ER,35023,   9,   8
EC,2104,33936,   0,36041
ER,36023,   9,   8
EC,2163,34878,   0,37041
ER,37024,   9,   8
decrypt, 24613264,24613282
encrypt, 24613448,24613462
t,39875,24613446,24613448,24613462,24613632
EC,2228,35813,   0,38042
ER,38024,   9,   8
EC,2286,36755,   0,39042
ER,39024,   9,   8
EC,2354,37688,   0,40043
ER,40025,   9,   8
EC,2423,38620,   0,41043
ER,41025,   9,   8
EC,2487,39557,   0,42044
ER,42026,   9,   8
EC,2553,40491,   0,43045
ER,43026,   9,   8
decrypt, 28563660,28563678
encrypt, 28563844,28563858
t,39876,28563842,28563844,28563858,28564028
EC,2609,41436,   0,44045
ER,44027,  10,   8
EC,2675,42370,   0,45046
ER,45027,  10,   8
EC,2738,43308,   0,46046
ER,46028,  10,   8
EC,2799,44248,   0,47047
ER,47028,  10,   8
EC,2852,45195,   0,48047
ER,48029,  10,   8
EC,2915,46132,   0,49048
ER,49029,  10,   8
decrypt, 32478036,32478054
encrypt, 32478220,32478232
t,39877,32478218,32478220,32478232,32478402
EC,2957,47091,   0,50048
ER,50029,  11,   8
EC,3009,48039,   0,51049
ER,51029,  11,   8
EC,3066,48983,   0,52050
ER,52030,  11,   8
EC,3124,49925,   0,53050
ER,53031,  11,   8
EC,3183,50867,   0,54050
ER,54031,  11,   8
EC,3234,51817,   0,55051
ER,55031,  11,   8
decrypt, 36412344,36412364
encrypt, 36412528,36412542
t,39878,36412526,36412528,36412542,36412712
EC,3287,52764,   0,56052
ER,56032,  11,   8
EC,3355,53697,   0,57052
ER,57032,  11,   8
EC,3410,54643,   0,58053
ER,58033,  11,   8
EC,3467,55585,   0,59053
ER,59033,  11,   8
