TT,07,28,21,12,58,19,597932
[INFO: Main      ] Starting Contiki-NG-release/v4.6-70-g9ff7b4bdb-dirty
[INFO: Main      ] - Routing: RPL Lite
[INFO: Main      ] - Net: sicslowpan
[INFO: Main      ] - MAC: CSMA
[INFO: Main      ] - 802.15.4 PANID: 0xabcd
[INFO: Main      ] - 802.15.4 Default channel: 26
[INFO: Main      ] Node ID: 56377
[INFO: Main      ] Link-layer address: 0012.4b00.1204.dc39
[INFO: Main      ] Tentative link-local IPv6 address: fe80::212:4b00:1204:dc39
[INFO: CC26xx/CC13xx] TI CC2650 SensorTag
[INFO: CC26xx/CC13xx]  RF: Channel 26, PANID 0xABCD
EC,  30, 990,   0,1021
ER,1012,   0,   8
decrypt, 1273946,1273960
encrypt, 1274286,1274300
htfin:1274460
#,#decrypt, 1304160,1304172
encrypt, 1304326,1304338
t,55981,1304324,0,0,1304496
EC,  56,1965,   0,2022
ER,2009,   3,   8
EC,  97,2925,   0,3022
ER,3009,   4,   8
EC, 132,3891,   0,4023
ER,4010,   4,   8
EC, 186,4837,   0,5023
ER,5010,   4,   8
EC, 234,5789,   0,6024
ER,6011,   4,   8
EC, 283,6741,   0,7025
ER,7012,   4,   8
decrypt, 5240962,5240976
encrypt, 5241130,5241140
t,55982,5241128,0,0,5241298
EC, 331,7694,   0,8026
ER,8011,   5,   8
EC, 373,8652,   0,9026
ER,9012,   5,   8
EC, 419,9608,   0,10027
ER,10012,   5,   8
EC, 458,10569,   0,11027
ER,11013,   5,   8
EC, 499,11528,   0,12028
ER,12013,   6,   8
EC, 550,12478,   0,13028
ER,13013,   7,   8
decrypt, 9174468,9174480
encrypt, 9174634,9174644
t,55983,9174632,0,0,9174802
EC, 592,13436,   0,14028
ER,14013,   7,   8
EC, 620,14409,   0,15029
ER,15014,   7,   8
EC, 658,15371,   0,16029
ER,16014,   7,   8
EC, 692,16337,   0,17030
ER,17014,   7,   8
EC, 728,17302,   0,18031
ER,18015,   7,   8
EC, 768,18263,   0,19032
ER,19016,   7,   8
decrypt, 13106470,13106482
encrypt, 13106648,13106658
t,55984,13106646,0,0,13106828
EC, 804,19227,   0,20032
ER,20016,   7,   8
EC, 838,20194,   0,21033
ER,21017,   7,   8
EC, 868,21164,   0,22032
ER,22016,   7,   8
EC, 897,22136,   0,23034
ER,23017,   8,   8
EC, 928,23106,   0,24034
ER,24018,   8,   8
EC, 955,24078,   0,25034
ER,25018,   8,   8
decrypt, 17038072,17038084
encrypt, 17038250,17038260
t,55985,17038248,0,0,17038430
EC, 989,25046,   0,26035
ER,26018,   8,   8
EC,1012,26023,   0,27036
ER,27019,   8,   8
EC,1043,26992,   0,28036
ER,28019,   8,   8
EC,1072,27964,   0,29036
ER,29019,   8,   8
EC,1105,28931,   0,30037
ER,30020,   8,   8
EC,1132,29906,   0,31038
ER,31021,   8,   8
decrypt, 20972392,20972406
encrypt, 20972570,20972580
t,55987,20972570,0,0,20972752
EC,1168,30870,   0,32038
ER,32020,   9,   8
EC,1222,31816,   0,33039
ER,33021,   9,   8
EC,1276,32764,   0,34040
ER,34022,   9,   8
EC,1356,33683,   0,35040
ER,35022,   9,   8
EC,1433,34607,   0,36040
ER,36022,   9,   8
EC,1498,35543,   0,37041
ER,37023,   9,   8
decrypt, 24901666,24901678
encrypt, 24901844,24901854
t,55988,24901842,0,0,24902024
EC,1553,36488,   0,38041
ER,38023,  10,   8
EC,1604,37438,   0,39043
ER,39024,  10,   8
EC,1672,38370,   0,40043
ER,40024,  10,   8
EC,1742,39301,   0,41043
ER,41025,  10,   8
EC,1807,40237,   0,42044
ER,42025,  10,   8
EC,1872,41171,   0,43044
ER,43025,  10,   8
decrypt, 28835928,28835940
encrypt, 28836106,28836116
t,55989,28836104,0,0,28836286
EC,1953,42092,   0,44045
ER,44026,  11,   8
EC,2018,43027,   0,45046
ER,45026,  11,   8
EC,2086,43960,   0,46046
ER,46026,  11,   8
EC,2150,44896,   0,47047
ER,47027,  11,   8
EC,2205,45841,   0,48047
ER,48027,  11,   8
EC,2268,46780,   0,49048
ER,49028,  11,   8
decrypt, 32766058,32766070
encrypt, 32766236,32766246
t,55990,32766234,0,0,32766416
EC,2322,47726,   0,50048
ER,50028,  12,   8
EC,2376,48673,   0,51049
ER,51029,  12,   8
EC,2446,49603,   0,52050
ER,52029,  12,   8
EC,2492,50557,   0,53050
ER,53029,  12,   8
EC,2555,51495,   0,54050
ER,54030,  12,   8
EC,2609,52442,   0,55051
ER,55031,  12,   8
decrypt, 36698556,36698568
encrypt, 36698734,36698744
t,55991,36698732,0,0,36698914
EC,2654,53397,   0,56052
ER,56031,  12,   8
EC,2715,54336,   0,57052
ER,57031,  12,   8
EC,2759,55293,   0,58053
ER,58032,  12,   8
EC,2809,56244,   0,59053
ER,59032,  12,   8
